         100.            0.            0.
        1860.            0.            0.
        1870.   2.000000E-5            0.
        1880.   8.000000E-5            0.
        1890.   1.400000E-4            0.
        1900.   2.100000E-4            0.
        1910.   1.100000E-4            0.
        1920.   1.000000E-5            0.
        1930.            0.            0.
        1940.   2.000000E-5            0.
        1950.   5.000000E-5            0.
        1960.   1.000000E-5            0.
        1970.   1.000000E-5            0.
        1980.   1.000000E-5            0.
        1990.            0.            0.
        2000.            0.            0.
        2010.            0.            0.
        2020.            0.            0.
        2030.            0.            0.
        2040.            0.            0.
        2050.            0.            0.
        2060.            0.            0.
        2070.            0.            0.
        2080.            0.            0.
        2090.   1.000000E-5            0.
        2100.   1.000000E-5            0.
        2110.            0.            0.
        2120.   1.000000E-5            0.
        2130.            0.            0.
        2140.            0.            0.
        2150.            0.            0.
        2160.            0.            0.
        2170.            0.            0.
        2180.            0.            0.
        2190.            0.            0.
        2200.            0.            0.
        2210.   1.000000E-5            0.
        2220.            0.            0.
        2230.            0.            0.
        2240.            0.            0.
        2250.            0.            0.
        2260.            0.            0.
        2270.            0.            0.
        2280.            0.            0.
        2290.            0.            0.
        2300.            0.            0.
        2310.            0.            0.
        2320.            0.            0.
        2330.            0.            0.
        2340.            0.            0.
        2350.            0.            0.
        2360.            0.            0.
        2370.            0.            0.
        2380.            0.            0.
        2390.            0.            0.
        2400.            0.            0.
        2410.            0.            0.
        2420.            0.            0.
        2430.            0.            0.
        2440.            0.            0.
        2450.            0.            0.
        2460.            0.            0.
        2470.            0.            0.
        2480.            0.            0.
        2490.            0.            0.
        2500.            0.            0.
        2510.            0.            0.
        2520.            0.            0.
        2530.            0.            0.
        2540.            0.            0.
        2550.            0.            0.
        2560.            0.            0.
        2570.            0.            0.
        2580.            0.            0.
        2590.            0.            0.
        2600.            0.            0.
        2610.            0.            0.
        2620.            0.            0.
        2630.            0.            0.
        2640.            0.            0.
        2650.            0.            0.
        2660.            0.            0.
        2670.            0.            0.
        2680.            0.            0.
        2690.            0.            0.
        2700.            0.            0.
        2710.            0.            0.
        2720.            0.            0.
        2730.            0.            0.
        2740.            0.            0.
        2750.            0.            0.
        2760.            0.            0.
        2770.            0.            0.
        2780.            0.            0.
        2790.            0.            0.
        2800.            0.            0.
        2810.            0.            0.
        2820.            0.            0.
        2830.            0.            0.
        2840.            0.            0.
        2850.            0.            0.
        2860.            0.            0.
        2870.            0.            0.
        2880.            0.            0.
        2890.            0.            0.
        2900.            0.            0.
        2910.            0.            0.
        2920.            0.            0.
        2930.            0.            0.
        2940.            0.            0.
        2950.            0.            0.
        2960.            0.            0.
        2970.            0.            0.
        2980.            0.            0.
        2990.            0.            0.
        3000.            0.            0.
        3010.            0.            0.
        3020.            0.            0.
        3030.            0.            0.
        3040.            0.            0.
        3050.            0.            0.
        3060.            0.            0.
        3070.            0.            0.
        3080.            0.            0.
        3090.            0.            0.
        3100.            0.            0.
        3110.            0.            0.
        3120.            0.            0.
        3130.            0.            0.
        3140.            0.            0.
        3150.            0.            0.
        3160.            0.            0.
        3170.            0.            0.
        3180.            0.            0.
        3190.            0.            0.
        3200.            0.            0.
        3210.   1.000000E-5            0.
        3220.            0.            0.
        3230.            0.            0.
        3240.            0.            0.
        3250.            0.            0.
        3260.            0.            0.
        3270.            0.            0.
        3280.            0.            0.
        3290.            0.            0.
        3300.            0.            0.
        3310.            0.            0.
        3320.            0.            0.
        3330.            0.            0.
        3340.            0.            0.
        3350.            0.            0.
        3360.            0.            0.
        3370.            0.            0.
        3380.            0.            0.
        3390.            0.            0.
        3400.   1.000000E-5            0.
        3410.            0.            0.
        3420.            0.            0.
        3430.   1.000000E-5            0.
        3440.            0.            0.
        3450.            0.            0.
        3460.            0.            0.
        3470.            0.            0.
        3480.            0.            0.
        3490.            0.            0.
        3500.            0.            0.
        3510.            0.            0.
        3520.            0.            0.
        3530.            0.            0.
        3540.            0.            0.
        3550.            0.            0.
        3560.            0.            0.
        3570.            0.            0.
        3580.            0.            0.
        3590.            0.            0.
        3600.            0.            0.
        3610.            0.            0.
        3620.            0.            0.
        3630.            0.            0.
        3640.            0.            0.
        3650.            0.            0.
        3660.            0.            0.
        3670.            0.            0.
        3680.            0.            0.
        3690.            0.            0.
        3700.            0.            0.
        3710.            0.            0.
        3720.            0.            0.
        3730.            0.            0.
        3740.            0.            0.
        3750.            0.            0.
        3760.            0.            0.
        3770.            0.            0.
        3780.            0.            0.
        3790.            0.            0.
        3800.            0.            0.
        3810.            0.            0.
        3820.            0.            0.
        3830.            0.            0.
        3840.            0.            0.
        3850.            0.            0.
        3860.            0.            0.
        3870.            0.            0.
        3880.            0.            0.
        3890.            0.            0.
        3900.            0.            0.
        3910.            0.            0.
        3920.            0.            0.
        3930.            0.            0.
        3940.            0.            0.
        3950.            0.            0.
        3960.            0.            0.
        3970.            0.            0.
        3980.            0.            0.
        3990.            0.            0.
        4000.            0.            0.
        4010.            0.            0.
        4020.            0.            0.
        4030.            0.            0.
        4040.            0.            0.
        4050.            0.            0.
        4060.            0.            0.
        4070.            0.            0.
        4080.            0.            0.
        4090.            0.            0.
        4100.            0.            0.
        4110.            0.            0.
        4120.            0.            0.
        4130.            0.            0.
        4140.            0.            0.
        4150.            0.            0.
        4160.            0.            0.
        4170.            0.            0.
        4180.            0.            0.
        4190.            0.            0.
        4200.            0.            0.
        4210.            0.            0.
        4220.            0.            0.
        4230.            0.            0.
        4240.            0.            0.
        4250.            0.            0.
        4260.            0.            0.
        4270.            0.            0.
        4280.            0.            0.
        4290.            0.            0.
        4300.            0.            0.
        4310.            0.            0.
        4320.            0.            0.
        4330.            0.            0.
        4340.            0.            0.
        4350.            0.            0.
        4360.            0.            0.
        4370.            0.            0.
        4380.            0.            0.
        4390.            0.            0.
        4400.   1.000000E-5            0.
        4410.   3.000000E-5            0.
        4420.   4.000000E-5            0.
        4430.   5.000000E-5            0.
        4440.   4.000000E-5            0.
        4450.   3.000000E-5            0.
        4460.   2.000000E-5            0.
        4470.   1.000000E-5            0.
        4480.            0.            0.
        4490.            0.            0.
        4500.            0.            0.
        4510.            0.            0.
        4520.            0.            0.
        4530.            0.            0.
        4540.            0.            0.
        4550.            0.            0.
        4560.            0.            0.
        4570.            0.            0.
        4580.            0.            0.
        4590.            0.            0.
        4600.            0.            0.
        4610.            0.            0.
        4620.            0.            0.
        4630.            0.            0.
        4640.            0.            0.
        4650.            0.            0.
        4660.            0.            0.
        4670.            0.            0.
        4680.            0.            0.
        4690.            0.            0.
        4700.            0.            0.
        4710.            0.            0.
        4720.            0.            0.
        4730.            0.            0.
        4740.            0.            0.
        4750.            0.            0.
        4760.            0.            0.
        4770.            0.            0.
        4780.            0.            0.
        4790.            0.            0.
        4800.            0.            0.
        4810.            0.            0.
        4820.            0.            0.
        4830.            0.            0.
        4840.            0.            0.
        4850.            0.            0.
        4860.            0.            0.
        4870.            0.            0.
        4880.            0.            0.
        4890.            0.            0.
        4900.            0.            0.
        4910.            0.            0.
        4920.            0.            0.
        4930.            0.            0.
        4940.            0.            0.
        4950.            0.            0.
        4960.            0.            0.
        4970.            0.            0.
        4980.            0.            0.
        4990.            0.            0.
        5000.            0.            0.
        5010.            0.            0.
        5020.            0.            0.
        5030.            0.            0.
        5040.            0.            0.
        5050.            0.            0.
        5060.            0.            0.
        5070.            0.            0.
        5080.            0.            0.
        5090.            0.            0.
        5100.            0.            0.
        5110.            0.            0.
        5120.            0.            0.
        5130.            0.            0.
        5140.            0.            0.
        5150.            0.            0.
        5160.            0.            0.
        5170.            0.            0.
        5180.            0.            0.
        5190.            0.            0.
        5200.            0.            0.
        5210.            0.            0.
        5220.            0.            0.
        5230.            0.            0.
        5240.            0.            0.
        5250.            0.            0.
        5260.            0.            0.
        5270.            0.            0.
        5280.            0.            0.
        5290.            0.            0.
        5300.            0.            0.
        5310.            0.            0.
        5320.            0.            0.
        5330.            0.            0.
        5340.            0.            0.
        5350.            0.            0.
        5360.            0.            0.
        5370.            0.            0.
        5380.            0.            0.
        5390.            0.            0.
        5400.            0.            0.
        5410.            0.            0.
        5420.            0.            0.
        5430.            0.            0.
        5440.            0.            0.
        5450.            0.            0.
        5460.            0.            0.
        5470.            0.            0.
        5480.            0.            0.
        5490.            0.            0.
        5500.            0.            0.
        5510.            0.            0.
        5520.            0.            0.
        5530.            0.            0.
        5540.            0.            0.
        5550.            0.            0.
        5560.            0.            0.
        5570.            0.            0.
        5580.            0.            0.
        5590.            0.            0.
        5600.            0.            0.
        5610.            0.            0.
        5620.            0.            0.
        5630.            0.            0.
        5640.            0.            0.
        5650.            0.            0.
        5660.            0.            0.
        5670.            0.            0.
        5680.            0.            0.
        5690.            0.            0.
        5700.            0.            0.
        5710.            0.            0.
        5720.            0.            0.
        5730.            0.            0.
        5740.            0.            0.
        5750.            0.            0.
        5760.            0.            0.
        5770.            0.            0.
        5780.            0.            0.
        5790.            0.            0.
        5800.            0.            0.
        5810.            0.            0.
        5820.            0.            0.
        5830.            0.            0.
        5840.            0.            0.
        5850.            0.            0.
        5860.            0.            0.
        5870.            0.            0.
        5880.            0.            0.
        5890.            0.            0.
        5900.            0.            0.
        5910.            0.            0.
        5920.            0.            0.
        5930.            0.            0.
        5940.            0.            0.
        5950.            0.            0.
        5960.            0.            0.
        5970.            0.            0.
        5980.            0.            0.
        5990.            0.            0.
        6000.            0.            0.
        6010.            0.            0.
        6020.            0.            0.
        6030.            0.            0.
        6040.            0.            0.
        6050.            0.            0.
        6060.            0.            0.
        6070.            0.            0.
        6080.            0.            0.
        6090.            0.            0.
        6100.            0.            0.
        6110.            0.            0.
        6120.            0.            0.
        6130.            0.            0.
        6140.            0.            0.
        6150.            0.            0.
        6160.            0.            0.
        6170.            0.            0.
        6180.            0.            0.
        6190.            0.            0.
        6200.            0.            0.
        6210.            0.            0.
        6220.            0.            0.
        6230.            0.            0.
        6240.            0.            0.
        6250.            0.            0.
        6260.            0.            0.
        6270.            0.            0.
        6280.            0.            0.
        6290.            0.            0.
        6300.   1.000000E-5            0.
        6310.   1.000000E-5            0.
        6320.   1.000000E-5            0.
        6330.   1.000000E-5            0.
        6340.   1.000000E-5            0.
        6350.   1.000000E-5            0.
        6360.   1.000000E-5            0.
        6370.   1.000000E-5            0.
        6380.   1.000000E-5            0.
        6390.   1.000000E-5            0.
        6400.   2.000000E-5            0.
        6410.   2.000000E-5            0.
        6420.   2.000000E-5            0.
        6430.   2.000000E-5            0.
        6440.   2.000000E-5            0.
        6450.   3.000000E-5            0.
        6460.   3.000000E-5            0.
        6470.   3.000000E-5            0.
        6480.   4.000000E-5            0.
        6490.   4.000000E-5            0.
        6500.   5.000000E-5            0.
        6510.   5.000000E-5            0.
        6520.   6.000000E-5            0.
        6530.   6.000000E-5            0.
        6540.   7.000000E-5            0.
        6550.   8.000000E-5            0.
        6560.   9.000000E-5            0.
        6570.   1.000000E-4            0.
        6580.   1.200000E-4            0.
        6590.   1.300000E-4            0.
        6600.   1.500000E-4            0.
        6610.   1.600000E-4            0.
        6620.   1.800000E-4            0.
        6630.   2.100000E-4            0.
        6640.   2.400000E-4            0.
        6650.   2.700000E-4            0.
        6660.   3.100000E-4            0.
        6670.   3.500000E-4            0.
        6680.   4.000000E-4            0.
        6690.   4.500000E-4            0.
        6700.   5.200000E-4            0.
        6710.   6.000000E-4            0.
        6720.   7.000000E-4            0.
        6730.   8.000000E-4            0.
        6740.   9.400000E-4            0.
        6750.       0.00109            0.
        6760.       0.00129            0.
        6770.       0.00151            0.
        6780.        0.0018            0.
        6790.       0.00213            0.
        6800.       0.00256            0.
        6810.       0.00305            0.
        6820.       0.00371            0.
        6830.       0.00443            0.
        6840.       0.00548            0.
        6850.       0.00657            0.
        6860.       0.00815            0.
        6870.       0.00983            0.
        6880.       0.01224            0.
        6890.       0.01294            0.
        6900.       0.01612            0.
        6910.       0.01994            0.
        6920.       0.02484            0.
        6930.       0.03056            0.
        6940.       0.03768            0.
        6950.       0.04601            0.
        6960.       0.05626            0.
        6970.       0.06799            0.
        6980.       0.08224            0.
        6990.       0.09819            0.
        7000.       0.11708            0.
        7010.       0.13793            0.
        7020.       0.16179            0.
        7030.       0.18748            0.
        7040.       0.21603            0.
        7050.       0.24586            0.
        7060.       0.27817            0.
        7070.       0.31058            0.
        7080.       0.34663            0.
        7090.       0.38064            0.
        7100.       0.41747            0.
        7110.       0.45146            0.
        7120.       0.48799            0.
        7130.       0.52106            0.
        7140.       0.55507            0.
        7150.       0.58554            0.
        7160.       0.61743            0.
        7170.       0.64498            0.
        7180.       0.67335            0.
        7190.        0.6973            0.
        7200.       0.72191            0.
        7210.       0.74252            0.
        7220.       0.76381            0.
        7230.       0.78171            0.
        7240.       0.79983            0.
        7250.       0.81415            0.
        7260.       0.83013            0.
        7270.       0.84343            0.
        7280.       0.85637            0.
        7290.       0.86667            0.
        7300.       0.87759            0.
        7310.       0.88669            0.
        7320.       0.89605            0.
        7330.       0.90377            0.
        7340.       0.91147            0.
        7350.       0.91747            0.
        7360.       0.92441            0.
        7370.       0.93005            0.
        7380.       0.93487            0.
        7390.       0.93921            0.
        7400.       0.94401            0.
        7410.       0.94683            0.
        7420.       0.95051            0.
        7430.       0.95383            0.
        7440.       0.95561            0.
        7450.       0.95751            0.
        7460.       0.95985            0.
        7470.       0.96135            0.
        7480.       0.96177            0.
        7490.       0.96307            0.
        7500.       0.96433            0.
        7510.       0.96495            0.
        7520.       0.96581            0.
        7530.       0.96495            0.
        7540.       0.96517            0.
        7550.       0.96581            0.
        7560.       0.96579            0.
        7570.       0.96489            0.
        7580.       0.96413            0.
        7590.       0.96341            0.
        7600.       0.96241            0.
        7610.       0.96271            0.
        7620.       0.96255            0.
        7630.       0.96105            0.
        7640.       0.96041            0.
        7650.       0.96085            0.
        7660.       0.96009            0.
        7670.       0.95889            0.
        7680.       0.95845            0.
        7690.       0.95855            0.
        7700.       0.95833            0.
        7710.       0.95817            0.
        7720.       0.95813            0.
        7730.       0.95837            0.
        7740.       0.95861            0.
        7750.       0.95837            0.
        7760.       0.95899            0.
        7770.       0.95997            0.
        7780.       0.96072            0.
        7790.       0.96103            0.
        7800.       0.96179            0.
        7810.       0.96243            0.
        7820.       0.96431            0.
        7830.       0.96478            0.
        7840.       0.96607            0.
        7850.       0.96745            0.
        7860.       0.96979            0.
        7870.       0.97041            0.
        7880.       0.97163            0.
        7890.       0.97387            0.
        7900.       0.97475            0.
        7910.       0.97605            0.
        7920.       0.97773            0.
        7930.       0.97908            0.
        7940.       0.98003            0.
        7950.       0.98243            0.
        7960.       0.98411            0.
        7970.       0.98491            0.
        7980.       0.98593            0.
        7990.       0.98783            0.
        8000.       0.98888            0.
        8010.       0.98994            0.
        8020.       0.99118            0.
        8030.        0.9917            0.
        8040.       0.99236            0.
        8050.         0.992            0.
        8060.       0.99348            0.
        8070.       0.99268            0.
        8080.        0.9941            0.
        8090.       0.99334            0.
        8100.       0.99396            0.
        8110.        0.9929            0.
        8120.       0.99254            0.
        8130.        0.9923            0.
        8140.       0.99106            0.
        8150.        0.9912            0.
        8160.       0.98986            0.
        8170.       0.98978            0.
        8180.       0.98834            0.
        8190.         0.986            0.
        8200.       0.98654            0.
        8210.       0.98518            0.
        8220.       0.98448            0.
        8230.       0.98338            0.
        8240.       0.98184            0.
        8250.        0.9812            0.
        8260.        0.9803            0.
        8270.       0.97964            0.
        8280.       0.97956            0.
        8290.        0.9782            0.
        8300.       0.97952            0.
        8310.       0.97916            0.
        8320.       0.98036            0.
        8330.       0.97942            0.
        8340.       0.97988            0.
        8350.       0.97992            0.
        8360.       0.98096            0.
        8370.       0.98078            0.
        8380.       0.98272            0.
        8390.       0.98294            0.
        8400.        0.9853            0.
        8410.       0.98584            0.
        8420.       0.98614            0.
        8430.       0.98868            0.
        8440.       0.98838            0.
        8450.        0.9897            0.
        8460.       0.98968            0.
        8470.       0.98882            0.
        8480.       0.98942            0.
        8490.       0.98786            0.
        8500.       0.98678            0.
        8510.       0.98478            0.
        8520.       0.98212            0.
        8530.       0.97862            0.
        8540.       0.97328            0.
        8550.        0.9687            0.
        8560.       0.96192            0.
        8570.       0.95524            0.
        8580.       0.94798            0.
        8590.       0.93842            0.
        8600.       0.92856            0.
        8610.        0.9197            0.
        8620.       0.90841            0.
        8630.        0.8974            0.
        8640.       0.88515            0.
        8650.       0.87272            0.
        8660.       0.86101            0.
        8670.        0.8478            0.
        8680.        0.8345            0.
        8690.       0.82245            0.
        8700.       0.81026            0.
        8710.       0.79558            0.
        8720.       0.78619            0.
        8730.       0.77389            0.
        8740.       0.76495            0.
        8750.        0.7556            0.
        8760.       0.74723            0.
        8770.       0.74073            0.
        8780.       0.73387            0.
        8790.       0.72967            0.
        8800.       0.72637            0.
        8810.       0.72417            0.
        8820.       0.72455            0.
        8830.       0.72602            0.
        8840.       0.72834            0.
        8850.       0.73435            0.
        8860.       0.73892            0.
        8870.       0.74685            0.
        8880.       0.75443            0.
        8890.       0.76475            0.
        8900.       0.77365            0.
        8910.       0.78398            0.
        8920.       0.79105            0.
        8930.       0.79961            0.
        8940.       0.80146            0.
        8950.       0.80168            0.
        8960.       0.79409            0.
        8970.       0.77802            0.
        8980.       0.75568            0.
        8990.       0.72144            0.
        9000.       0.68154            0.
        9010.       0.63024            0.
        9020.       0.57898            0.
        9030.       0.52039            0.
        9040.       0.46549            0.
        9050.       0.40791            0.
        9060.       0.35769            0.
        9070.       0.30742            0.
        9080.       0.26573            0.
        9090.       0.22589            0.
        9100.       0.19281            0.
        9110.       0.16199            0.
        9120.       0.13751            0.
        9130.       0.11428            0.
        9140.       0.09632            0.
        9150.       0.07947            0.
        9160.       0.06634            0.
        9280.        0.0235            0.
        9290.       0.02089            0.
        9300.       0.01888            0.
        9310.       0.01688            0.
        9320.       0.01534            0.
        9330.       0.01378            0.
        9340.       0.01255            0.
        9350.       0.01133            0.
        9360.       0.01035            0.
        9370.       0.00938            0.
        9380.       0.00858            0.
        9390.        0.0078            0.
        9400.       0.00719            0.
        9410.       0.00654            0.
        9420.       0.00603            0.
        9430.       0.00555            0.
        9440.       0.00512            0.
        9450.       0.00473            0.
        9460.       0.00438            0.
        9470.       0.00405            0.
        9480.       0.00376            0.
        9490.       0.00348            0.
        9500.       0.00323            0.
        9510.       0.00302            0.
        9520.       0.00281            0.
        9530.       0.00261            0.
        9540.       0.00245            0.
        9550.       0.00227            0.
        9560.       0.00213            0.
        9570.       0.00199            0.
        9580.       0.00188            0.
        9590.       0.00175            0.
        9600.       0.00166            0.
        9610.       0.00154            0.
        9620.       0.00146            0.
        9630.       0.00137            0.
        9640.       0.00131            0.
        9650.       0.00123            0.
        9660.       0.00115            0.
        9670.       0.00109            0.
        9680.       0.00104            0.
        9690.   9.800000E-4            0.
        9700.   9.400000E-4            0.
        9710.   8.900000E-4            0.
        9720.   8.500000E-4            0.
        9730.   8.100000E-4            0.
        9740.   7.700000E-4            0.
        9750.   7.300000E-4            0.
        9760.   7.100000E-4            0.
        9770.   6.600000E-4            0.
        9780.   6.400000E-4            0.
        9790.   6.100000E-4            0.
        9800.   5.800000E-4            0.
        9810.   5.500000E-4            0.
        9820.   5.300000E-4            0.
        9830.   5.100000E-4            0.
        9840.   5.000000E-4            0.
        9850.   4.700000E-4            0.
        9860.   4.600000E-4            0.
        9870.   4.400000E-4            0.
        9880.   4.300000E-4            0.
        9890.   4.100000E-4            0.
        9900.   4.000000E-4            0.
        9910.   3.800000E-4            0.
        9920.   3.700000E-4            0.
        9930.   3.500000E-4            0.
        9940.   3.400000E-4            0.
        9950.   3.200000E-4            0.
        9960.   3.300000E-4            0.
        9970.   3.100000E-4            0.
        9980.   2.900000E-4            0.
        9990.   2.900000E-4            0.
       10000.   2.800000E-4            0.
       10010.   2.700000E-4            0.
       10020.   2.700000E-4            0.
       10030.   2.600000E-4            0.
       10040.   2.500000E-4            0.
       10050.   2.400000E-4            0.
       10060.   2.400000E-4            0.
       10070.   2.200000E-4            0.
       10080.   2.200000E-4            0.
       10090.   2.300000E-4            0.
       10100.   2.300000E-4            0.
       10110.   2.000000E-4            0.
       10120.   2.100000E-4            0.
       10130.   2.100000E-4            0.
       10140.   2.000000E-4            0.
       10150.   2.000000E-4            0.
       10160.   1.900000E-4            0.
       10170.   1.800000E-4            0.
       10180.   1.700000E-4            0.
       10190.   1.800000E-4            0.
       10200.   1.700000E-4            0.
       10210.   1.600000E-4            0.
       10220.   1.700000E-4            0.
       10230.   1.700000E-4            0.
       10240.   1.600000E-4            0.
       10250.   1.600000E-4            0.
       10260.   1.500000E-4            0.
       10270.   1.500000E-4            0.
       10280.   1.600000E-4            0.
       10290.   1.500000E-4            0.
       10300.   1.500000E-4            0.
       10310.   1.500000E-4            0.
       10320.   1.400000E-4            0.
       10330.   1.500000E-4            0.
       10340.   1.300000E-4            0.
       10350.   1.400000E-4            0.
       10360.   1.400000E-4            0.
       10370.   1.300000E-4            0.
       10380.   1.300000E-4            0.
       10390.   1.300000E-4            0.
       10400.   1.300000E-4            0.
       10410.   1.300000E-4            0.
       10420.   1.300000E-4            0.
       10430.   1.200000E-4            0.
       10440.   1.300000E-4            0.
       10450.   1.200000E-4            0.
       10460.   1.300000E-4            0.
       10470.   1.200000E-4            0.
       10480.   1.000000E-4            0.
       10490.   1.200000E-4            0.
       10500.   1.300000E-4            0.
       10510.   1.200000E-4            0.
       10520.   1.100000E-4            0.
       10530.   1.200000E-4            0.
       10540.   1.100000E-4            0.
       10550.   1.000000E-4            0.
       10560.   1.100000E-4            0.
       10570.   1.100000E-4            0.
       10580.   1.200000E-4            0.
       10590.   1.200000E-4            0.
       10600.   1.100000E-4            0.
       10610.   1.000000E-4            0.
       10620.   1.000000E-4            0.
       10630.   1.200000E-4            0.
       10640.   1.100000E-4            0.
       10650.   1.100000E-4            0.
       10660.   1.100000E-4            0.
       10670.   1.100000E-4            0.
       10680.   1.200000E-4            0.
       10690.   1.100000E-4            0.
       10700.   1.000000E-4            0.
       10710.   1.100000E-4            0.
       10720.   1.100000E-4            0.
       10730.   1.200000E-4            0.
       10740.   1.000000E-4            0.
       10750.   1.100000E-4            0.
       10760.   1.100000E-4            0.
       10770.   1.100000E-4            0.
       10780.   1.200000E-4            0.
       10790.   1.100000E-4            0.
       10800.   1.200000E-4            0.
       10810.   1.200000E-4            0.
       10820.   1.100000E-4            0.
       10830.   1.100000E-4            0.
       10840.   1.200000E-4            0.
       10850.   1.100000E-4            0.
       10860.   1.200000E-4            0.
       10870.   1.200000E-4            0.
       10880.   1.300000E-4            0.
       10890.   1.100000E-4            0.
       10900.   1.200000E-4            0.
       10910.   1.200000E-4            0.
       10920.   1.200000E-4            0.
       10930.   1.200000E-4            0.
       10940.   1.200000E-4            0.
       10950.   1.200000E-4            0.
       10960.   1.200000E-4            0.
       10970.   1.300000E-4            0.
       10980.   1.300000E-4            0.
       10990.   1.300000E-4            0.
       11000.   1.300000E-4            0.
       13000.            0.            0.
