        1850.   8.724894E-6         1860.
        1870.   6.161543E-6         1880.
        1890.   1.936485E-6         1900.
        1910.   6.370188E-7         1920.
        1930.   2.550310E-6         1940.
        1950.   1.385066E-6         1960.
        1970.   1.296579E-6         1980.
        1990.   1.607683E-6         2000.
        2010.   1.751126E-6         2020.
        2030.   1.057196E-6         2040.
        2050.   1.294716E-6         2060.
        2070.   1.150341E-6         2080.
        2090.   1.187599E-6         2100.
        2110.   8.672732E-7         2120.
        2130.   8.965209E-7         2140.
        2150.   1.027390E-6         2160.
        2170.   8.299222E-7         2180.
        2190.   8.791027E-7         2200.
        2210.   8.756563E-7         2220.
        2230.   8.627092E-7         2240.
        2250.   8.973591E-7         2260.
        2270.   7.695642E-7         2280.
        2290.   7.527049E-7         2300.
        2310.   6.182035E-7         2320.
        2330.   7.731036E-7         2340.
        2350.   8.052387E-7         2360.
        2370.   6.985877E-7         2380.
        2390.   8.231225E-7         2400.
        2410.   7.999294E-7         2420.
        2430.   8.385846E-7         2440.
        2450.   7.622057E-7         2460.
        2470.   7.309089E-7         2480.
        2490.   7.352868E-7         2500.
        2510.   7.593182E-7         2520.
        2530.   7.081816E-7         2540.
        2550.   7.119074E-7         2560.
        2570.   7.912669E-7         2580.
        2590.   8.492963E-7         2600.
        2610.   7.773883E-7         2620.
        2630.   7.912669E-7         2640.
        2650.   7.276489E-7         2660.
        2670.   7.276489E-7         2680.
        2690.   7.378017E-7         2700.
        2710.   7.188933E-7         2720.
        2730.   6.767917E-7         2740.
        2750.   7.320267E-7         2760.
        2770.   7.172166E-7         2780.
        2790.   7.317473E-7         2800.
        2810.   7.296981E-7         2820.
        2830.   7.096719E-7         2840.
        2850.   7.107896E-7         2860.
        2870.   7.203836E-7         2880.
        2890.   7.577347E-7         2900.
        2910.   7.055735E-7         2920.
        2930.   7.542884E-7         2940.
        2950.   6.808901E-7         2960.
        2970.   6.297535E-7         2980.
        2990.   7.220602E-7         3000.
        3010.   7.881932E-7         3020.
        3030.   7.240162E-7         3040.
        3050.   8.299222E-7         3060.
        3070.   7.856783E-7         3080.
        3090.   7.504694E-7         3100.
        3110.   7.267175E-7         3120.
        3130.   6.848953E-7         3140.
        3150.   7.406892E-7         3160.
        3170.   7.042695E-7         3180.
        3190.   7.414343E-7         3200.
        3210.   7.320267E-7         3220.
        3230.   7.188933E-7         3240.
        3250.   6.929989E-7         3260.
        3270.   5.990156E-7         3280.
        3290.   6.264003E-7         3300.
        3310.   7.346347E-7         3320.
        3330.   7.973213E-7         3340.
        3350.   7.854919E-7         3360.
        3370.   9.256752E-7         3380.
        3390.   9.389018E-7         3400.
        3410.   8.324370E-7         3420.
        3430.   8.309467E-7         3440.
        3450.   8.244266E-7         3460.
        3470.   9.106788E-7         3480.
        3490.   8.601011E-7         3500.
        3510.   8.385846E-7         3520.
        3530.   8.127835E-7         3540.
        3550.   8.047730E-7         3560.
        3570.   8.253580E-7         3580.
        3590.   8.219117E-7         3600.
        3610.   8.077536E-7         3620.
        3630.   8.125040E-7         3640.
        3650.   7.837222E-7         3660.
        3670.   7.961104E-7         3680.
        3690.   8.219117E-7         3700.
        3710.   8.031895E-7         3720.
        3730.   8.196762E-7         3740.
        3750.   8.010472E-7         3760.
        3770.   8.320645E-7         3780.
        3790.   8.827354E-7         3800.
        3810.   8.963345E-7         3820.
        3830.   8.519975E-7         3840.
        3850.   8.821764E-7         3860.
        3870.   8.837599E-7         3880.
        3890.   9.066736E-7         3900.
        3910.   9.426276E-7         3920.
        3930.   1.228583E-6         3940.
        3950.   1.409284E-6         3960.
        3970.   1.137301E-6         3980.
        3990.   1.079551E-6         4000.
        4010.   1.023664E-6         4020.
        4030.   8.761220E-7         4040.
        4050.   8.787301E-7         4060.
        4070.   8.694156E-7         4080.
        4090.   8.302015E-7         4100.
        4110.   8.155778E-7         4120.
        4130.   8.286181E-7         4140.
        4150.   8.085919E-7         4160.
        4170.   7.896834E-7         4180.
        4190.   7.795307E-7         4200.
        4210.   7.449738E-7         4220.
        4230.   7.639754E-7         4240.
        4250.   7.168441E-7         4260.
        4270.   6.859199E-7         4280.
        4290.   5.597084E-7         4300.
        4310.   3.372781E-7         4320.
        4330.   3.655942E-7         4340.
        4350.   3.819877E-7         4360.
        4370.   4.623719E-7         4380.
        4390.   9.901315E-7         4400.
        4410.   1.438159E-6         4420.
        4430.   1.437228E-6         4440.
        4450.   1.031115E-6         4460.
        4470.   7.948065E-7         4480.
        4490.   8.115726E-7         4500.
        4510.   8.630818E-7         4520.
        4530.   8.732345E-7         4540.
        4550.   9.379704E-7         4560.
        4570.   1.049744E-6         4580.
        4590.   1.106563E-6         4600.
        4610.   1.243486E-6         4620.
        4630.   1.266772E-6         4640.
        4650.   1.373889E-6         4660.
        4670.   1.475417E-6         4680.
        4690.   1.578808E-6         4700.
        4710.   1.866626E-6         4720.
        4730.   2.376129E-6         4820.
        4822.   1.333837E-4         4824.
        4826.   4.679605E-4         4828.
        4830.   0.001609546         4832.
        4834.   0.006245374         4836.
        4838.    0.02064094         4840.
        4842.    0.05954761         4844.
        4846.     0.1577877         4848.
        4850.     0.3653148         4852.
        4854.     0.5463887         4856.
        4858.     0.5802935         4860.
        4862.     0.5863479         4864.
        4866.     0.5829015         4868.
        4870.     0.5696749         4872.
        4874.     0.5371673         4876.
        4878.     0.4837021         4880.
        4882.     0.3361604         4884.
        4886.     0.1010623         4888.
        4890.    0.01982126         4892.
        4894.   0.004728972         4896.
        4898.    0.00141953         4900.
        4902.   4.772751E-4         4904.
        4906.   4.524985E-5         4908.
        4910.   6.916018E-6         4940.
        4950.   1.762304E-6         4960.
        4970.   1.426982E-6         4980.
        4990.   1.434433E-6         5000.
        5010.   1.364574E-6         5020.
        5030.   1.245349E-6         5040.
        5050.   1.257458E-6         5060.
        5070.   1.331974E-6         5080.
        5090.   1.332905E-6         5100.
        5110.   1.389724E-6         5120.
        5130.   1.302167E-6         5140.
        5150.   1.013418E-6         5160.
        5170.   9.073256E-7         5180.
        5190.   8.575862E-7         5200.
        5210.   8.333685E-7         5220.
        5230.   8.926087E-7         5240.
        5250.   8.818039E-7         5260.
        5270.   8.670870E-7         5280.
        5290.   8.844120E-7         5300.
        5310.   8.845983E-7         5320.
        5330.   8.588902E-7         5340.
        5350.   9.307982E-7         5360.
        5370.   8.792890E-7         5380.
        5390.   8.764946E-7         5400.
        5410.   9.157087E-7         5420.
        5430.   8.233088E-7         5440.
        5450.   8.754701E-7         5460.
        5470.   8.512523E-7         5480.
        5490.   8.351382E-7         5500.
        5510.   8.500414E-7         5520.
        5530.   8.632680E-7         5540.
        5550.   8.242403E-7         5560.
        5570.   8.305741E-7         5580.
        5590.   8.276867E-7         5600.
        5610.   8.257306E-7         5620.
        5630.   8.123177E-7         5640.
        5650.   7.816730E-7         5660.
        5670.   8.457568E-7         5680.
        5690.   9.370389E-7         5700.
        5710.   7.777609E-7         5720.
        5730.   7.773883E-7         5740.
        5750.   8.142737E-7         5760.
        5770.   7.948065E-7         5780.
        5790.   8.029101E-7         5800.
        5810.   7.993705E-7         5820.
        5830.   7.891246E-7         5840.
        5850.   8.170681E-7         5860.
        5870.   8.492963E-7         5880.
        5890.   8.355108E-7         5900.
        5910.   8.313193E-7         5920.
        5930.   7.971351E-7         5940.
        5950.   8.233088E-7         5960.
        5970.   8.045866E-7         5980.
        5990.   8.563753E-7         6000.
        6010.   8.518112E-7         6020.
        6030.   8.492963E-7         6040.
        6050.   8.194899E-7         6060.
        6070.   8.010472E-7         6080.
        6090.   7.891246E-7         6100.
        6110.   7.847468E-7         6120.
        6130.   7.949927E-7         6140.
        6150.   7.889383E-7         6160.
        6170.   8.031895E-7         6180.
        6190.   7.833496E-7         6200.
        6210.   8.042141E-7         6220.
        6230.   7.703093E-7         6240.
        6250.   7.767363E-7         6260.
        6270.   7.982528E-7         6280.
        6290.   7.671424E-7         6300.
        6310.   7.800895E-7         6320.
        6330.   7.718928E-7         6340.
        6350.   8.152052E-7         6360.
        6370.   8.209802E-7         6380.
        6390.   8.181858E-7         6400.
        6410.   8.174407E-7         6420.
        6430.   8.247991E-7         6440.
        6450.   8.094302E-7         6460.
        6470.   7.889383E-7         6480.
        6490.   7.622988E-7         6500.
        6510.   7.520529E-7         6520.
        6530.   7.847468E-7         6540.
        6550.   7.864234E-7         6560.
        6570.   7.742214E-7         6580.
        6590.   7.847468E-7         6600.
        6610.   7.902424E-7         6620.
        6630.   7.845605E-7         6640.
        6650.   7.514940E-7         6660.
        6670.   7.598770E-7         6680.
        6690.   7.386400E-7         6700.
        6710.   7.106034E-7         6720.
        6730.   7.163783E-7         6740.
        6750.   7.148880E-7         6760.
        6770.   7.338896E-7         6780.
        6790.   7.208493E-7         6800.
        6810.   7.330513E-7         6820.
        6830.   7.417138E-7         6840.
        6850.   7.298844E-7         6860.
        6870.   7.453464E-7         6880.
        6890.   7.461848E-7         6900.
        6910.   7.494448E-7         6920.
        6930.   7.280215E-7         6940.
        6950.   7.494448E-7         6960.
        6970.   7.443219E-7         6980.
        6990.   7.449738E-7         7000.
        7010.   7.395715E-7         7020.
        7030.   7.608085E-7         7040.
        7050.   7.576416E-7         7060.
        7070.   7.286735E-7         7080.
        7090.   7.424589E-7         7100.
        7110.   7.816730E-7         7120.
        7130.   7.574553E-7         7140.
        7150.   7.742214E-7         7160.
        7170.   7.665835E-7         7180.
        7190.   7.556856E-7         7200.
        7210.   7.745940E-7         7220.
        7230.   7.672355E-7         7240.
        7250.   7.455328E-7         7260.
        7270.   7.646275E-7         7280.
        7290.   7.586662E-7         7300.
        7310.   7.424589E-7         7320.
        7330.   7.634166E-7         7340.
        7350.   7.819525E-7         7360.
        7370.   7.556856E-7         7380.
        7390.   7.486065E-7         7400.
        7410.   7.676081E-7         7420.
        7430.   7.437630E-7         7440.
        7450.   7.570827E-7         7460.
        7470.   7.622988E-7         7480.
        7490.   7.506557E-7         7500.
        7510.   7.654658E-7         7520.
        7530.   7.504694E-7         7540.
        7550.   7.679807E-7         7560.
        7570.   7.628577E-7         7580.
        7590.   7.793444E-7         7600.
        7610.   7.740351E-7         7620.
        7630.   7.590388E-7         7640.
        7650.   7.717065E-7         7660.
        7670.   7.851194E-7         7680.
        7690.   7.724516E-7         7700.
        7710.   7.443219E-7         7720.
        7730.   7.667698E-7         7740.
        7750.   7.693779E-7         7760.
        7770.   7.459985E-7         7780.
        7790.   7.618331E-7         7800.
        7810.   7.653726E-7         7820.
        7830.   7.503763E-7         7840.
        7850.   7.677944E-7         7860.
        7870.   7.653726E-7         7880.
        7890.   7.654658E-7         7900.
        7910.   7.667698E-7         7920.
        7930.   7.808347E-7         7940.
        7950.   7.875411E-7         7960.
        7970.   8.420309E-7         7980.
        7990.   9.444905E-7         8000.
        8010.   3.175313E-7         8020.
        8030.   6.736248E-7         8040.
        8050.   3.065403E-6         8060.
        8070.   3.044911E-7         8080.
        8090.   2.945245E-7         8100.
        8110.   2.945245E-7         8120.
        8130.   2.945245E-7         8140.
        8150.   7.015683E-7         8160.
        8170.   2.945245E-7         8180.
        8190.   5.163960E-7         8200.
        8210.   2.945245E-7         8220.
        8230.   4.969286E-7         8240.
        8250.   9.649824E-7         8260.
        8270.   4.192457E-7         8280.
        8290.   1.059059E-6         8300.
        8310.   3.452886E-7         8320.
        8330.   9.854742E-7         8340.
        8350.   1.569494E-6         8360.
        8370.   2.945245E-7         8380.
        8390.   3.276842E-7         8400.
        8410.   6.708304E-7         8420.
        8430.   5.882108E-7         8440.
        8450.   8.712785E-7         8460.
        8470.   1.146615E-6         8480.
        8490.   4.824912E-7         8500.
        8510.   2.047327E-6         8520.
        8530.   2.035219E-6         8540.
        8550.   6.646828E-7         8560.
        8570.   3.696926E-6         8580.
        8590.   8.273141E-7         8600.
        8610.   3.279636E-7         8620.
        8630.   4.243687E-7         8640.
        8650.   3.429600E-7         8660.
        8670.   5.837398E-7         8680.
        8690.   2.945245E-7         8700.
        8710.   1.253732E-6         8720.
        8730.   6.900183E-6         8740.
        8750.   3.174382E-7         8760.
        8770.   3.011378E-7         8780.
        8790.   2.945245E-7         8800.
        8810.   2.945245E-7         8820.
        8830.   2.945245E-7         8840.
        8850.   2.945245E-7         8860.
        8870.   2.945245E-7         8880.
        8890.   5.049391E-7         8900.
        8910.   5.498350E-7         8920.
        8930.   2.945245E-7         8940.
        8950.   1.576945E-6         8960.
        8970.   9.314502E-7         8980.
        8990.   4.370364E-7         9000.
        9010.   9.472849E-7         9020.
        9030.   1.019938E-6         9040.
        9050.   4.249276E-7         9060.
        9070.   3.627067E-7         9080.
        9090.   5.726556E-7         9100.
        9110.   4.759710E-7         9120.
        9130.   2.945245E-7         9140.
        9150.   1.046950E-6         9160.
        9170.   4.164514E-6         9180.
        9190.   9.342445E-7         9200.
        9210.   2.945245E-7         9220.
        9230.   2.945245E-7         9240.
        9250.   3.669914E-7         9260.
        9270.   3.020693E-7         9280.
        9290.   2.861415E-6         9300.
        9310.   4.918988E-7         9320.
        9330.   8.257306E-7         9340.
        9350.   2.945245E-7         9360.
        9370.   6.823804E-7         9380.
        9390.   6.411172E-7         9400.
        9410.   9.182236E-7         9420.
        9430.   2.945245E-7         9440.
        9450.   3.281499E-7         9460.
        9470.   3.282431E-7         9480.
        9490.   2.945245E-7         9500.
        9510.   2.945245E-7         9520.
        9530.   7.216876E-7         9540.
        9550.   4.619062E-7         9560.
        9570.   4.173828E-7         9580.
        9590.   3.579563E-7         9600.
        9610.   6.705510E-7         9620.
        9630.   2.945245E-7         9640.
        9650.   5.347455E-7         9660.
        9670.   3.487349E-7         9680.
        9690.   6.713893E-7         9700.
        9710.   8.674596E-7         9720.
        9730.   5.469475E-7         9740.
        9750.   3.886010E-7         9760.
        9770.   1.241623E-6         9780.
        9790.   3.059814E-7         9800.
        9810.   6.662663E-7         9820.
        9830.   1.003172E-6         9840.
        9850.   3.014173E-7         9860.
        9870.   2.945245E-7         9880.
        9890.   2.945245E-7         9900.
        9910.   2.945245E-7         9920.
        9930.   3.899982E-7         9940.
        9950.   2.945245E-7         9960.
        9970.   2.945245E-7         9980.
        9990.   7.614605E-7        10000.
       10010.   6.471716E-7        10020.
       10030.   2.945245E-7        10040.
       10050.   8.919567E-7        10060.
       10070.   3.602849E-7        10080.
       10090.   2.945245E-7        10100.
       10110.   1.543413E-6        10120.
       10130.   1.646804E-6        10140.
       10150.   4.379679E-6        10160.
       10170.   2.539133E-6        10180.
       10190.   2.945245E-7        10200.
       10210.   2.945245E-7        10220.
       10230.   4.614404E-7        10240.
       10250.   3.003927E-7        10260.
       10270.   7.322130E-7        10280.
       10290.   4.491453E-6        10300.
       10310.   9.333131E-7        10320.
       10330.   5.599878E-6        10340.
       10350.   4.695440E-7        10360.
       10370.   7.125594E-7        10380.
       10390.   1.875941E-6        10400.
       10410.   9.037861E-7        10420.
       10430.   1.001309E-6        10440.
       10450.   4.525917E-6        10460.
       10470.   4.263247E-6        10480.
       10490.   4.008962E-7        10500.
       10510.   5.893285E-7        10520.
       10530.   3.348563E-6        10540.
       10550.   4.756916E-6        10560.
       10570.   5.661354E-7        10580.
       10590.   5.219847E-7        10600.
       10610.   8.973591E-7        10620.
       10630.   7.914532E-7        10640.
       10650.   4.253002E-7        10660.
       10670.   4.549203E-7        10680.
       10690.   2.945245E-7        10700.
       10710.   1.210885E-6        10720.
       10730.   8.558164E-7        10740.
       10750.   5.601742E-7        10760.
       10770.   3.583289E-7        10780.
       10790.   2.945245E-7        10800.
       10810.   6.367393E-7        10820.
       10830.   7.427384E-7        10840.
       10850.   8.231225E-7        10860.
       10870.   1.390655E-6        10880.
       10890.   4.843541E-7        10900.
       10910.   3.551620E-6        10920.
       10930.   1.576945E-6        10940.
       10950.   4.574352E-7        10960.
       10970.   2.945245E-7        10980.
       10990.   8.422173E-7        11000.
