        1900.            0.            0.
        1950.            0.            0.
        2000.            0.            0.
        2050.            0.            0.
        2100.            0.            0.
        2150.            0.            0.
        2200.            0.            0.
        2250.            0.            0.
        2300.            0.            0.
        2350.            0.            0.
        2400.            0.            0.
        2450.            0.            0.
        2500.            0.            0.
        2550.            0.            0.
        2600.            0.            0.
        2650.            0.            0.
        2700.            0.            0.
        2750.            0.            0.
        2800.            0.            0.
        2850.            0.            0.
        2900.            0.            0.
        2950.            0.            0.
        3000.            0.            0.
        3050.            0.            0.
        3100.            0.            0.
        3150.            0.            0.
        3200.            0.            0.
        3250.            0.            0.
        3300.            0.            0.
        3350.            0.            0.
        3400.            0.            0.
        3450.            0.            0.
        3500.            0.            0.
        3550.            0.            0.
        3600.            0.            0.
        3650.            0.            0.
        3700.            0.            0.
        3750.            0.            0.
        3800.            0.            0.
        3850.            0.            0.
        3900.            0.            0.
        3950.            0.            0.
        4000.            0.            0.
        4050.            0.            0.
        4100.            0.            0.
        4150.            0.            0.
        4200.            0.            0.
        4250.            0.            0.
        4300.            0.            0.
        4350.            0.            0.
        4400.            0.            0.
        4450.            0.            0.
        4500.            0.            0.
        4550.            0.            0.
        4600.            0.            0.
        4650.            0.            0.
        4700.            0.            0.
        4750.            0.            0.
        4800.            0.            0.
        4850.            0.            0.
        4900.            0.            0.
        4950.            0.            0.
        5000.            0.            0.
        5050.            0.            0.
        5100.            0.            0.
        5150.            0.            0.
        5200.            0.            0.
        5250.            0.            0.
        5300.            0.            0.
        5350.            0.            0.
        5400.            0.            0.
        5450.            0.            0.
        5500.            0.            0.
        5550.            0.            0.
        5600.            0.            0.
        5650.            0.            0.
        5700.            0.            0.
        5750.            0.            0.
        5800.            0.            0.
        5850.            0.            0.
        5900.            0.            0.
        5950.            0.            0.
        6000.            0.            0.
        6050.            0.            0.
        6100.            0.            0.
        6150.            0.            0.
        6200.            0.            0.
        6250.            0.            0.
        6300.            0.            0.
        6350.            0.            0.
        6400.            0.            0.
        6450.            0.            0.
        6500.            0.            0.
        6550.            0.            0.
        6600.            0.            0.
        6650.            0.            0.
        6700.            0.            0.
        6750.            0.            0.
        6800.            0.            0.
        6850.            0.            0.
        6900.            0.            0.
        6950.            0.            0.
        7000.            0.            0.
        7050.            0.            0.
        7100.            0.            0.
        7150.            0.            0.
        7200.            0.            0.
        7250.            0.            0.
        7300.            0.            0.
        7350.            0.            0.
        7400.            0.            0.
        7450.            0.            0.
        7500.            0.            0.
        7550.            0.            0.
        7600.            0.            0.
        7650.            0.            0.
        7700.            0.            0.
        7750.            0.            0.
        7800.            0.            0.
        7850.            0.            0.
        7900.            0.            0.
        8310.   0.004236248            0.
        8320.    0.01080694            0.
        8330.    0.01771706            0.
        8340.     0.0267296            0.
        8350.    0.03630751            0.
        8360.    0.04822797            0.
        8370.    0.06062161            0.
        8380.    0.07632338            0.
        8390.     0.0914456            0.
        8400.     0.1108557            0.
        8410.     0.1296914            0.
        8420.     0.1510398            0.
        8430.     0.1732697            0.
        8440.     0.1974349            0.
        8450.     0.2216203            0.
        8460.     0.2487238            0.
        8470.     0.2741858            0.
        8480.     0.3023228            0.
        8490.     0.3290007            0.
        8500.     0.3578469            0.
        8510.     0.3843526            0.
        8520.     0.4133103            0.
        8530.     0.4395728            0.
        8540.     0.4668586            0.
        8550.     0.4913885            0.
        8560.     0.5173775            0.
        8570.     0.5409043            0.
        8580.     0.5644311            0.
        8590.     0.5847765            0.
        8600.     0.6065403            0.
        8610.     0.6257306            0.
        8620.      0.645853            0.
        8630.     0.6638477            0.
        8640.     0.6820652            0.
        8650.     0.6969798            0.
        8660.      0.713485            0.
        8670.     0.7274775            0.
        8680.     0.7414497            0.
        8690.     0.7548646            0.
        8700.     0.7673272            0.
        8710.     0.7795871            0.
        8720.     0.7903677            0.
        8730.     0.8006417            0.
        8740.     0.8108549            0.
        8750.     0.8190619            0.
        8760.     0.8289711            0.
        8770.     0.8369147            0.
        8780.     0.8438452            0.
        8790.     0.8510997            0.
        8800.     0.8582733            0.
        8810.     0.8640891            0.
        8820.     0.8692566            0.
        8830.     0.8734918            0.
        8840.     0.8796926            0.
        8850.     0.8839279            0.
        8860.     0.8867649            0.
        8870.     0.8914865            0.
        8880.     0.8952354            0.
        8890.      0.899734            0.
        8900.     0.9022873            0.
        8910.     0.9069481            0.
        8920.     0.9093393            0.
        8930.     0.9118115            0.
        8940.     0.9147904            0.
        8950.     0.9163507            0.
        8960.     0.9185595            0.
        8970.     0.9217005            0.
        8980.     0.9217207            0.
        8990.     0.9254088            0.
        9000.     0.9268476            0.
        9010.     0.9263816            0.
        9020.     0.9294617            0.
        9030.     0.9316503            0.
        9040.     0.9325622            0.
        9050.     0.9343657            0.
        9060.     0.9357842            0.
        9070.     0.9352573            0.
        9080.     0.9371216            0.
        9090.     0.9378714            0.
        9100.     0.9386414            0.
        9110.     0.9404044            0.
        9120.     0.9403031            0.
        9130.      0.941215            0.
        9140.     0.9423093            0.
        9150.     0.9417621            0.
        9160.     0.9440114            0.
        9170.     0.9429172            0.
        9180.     0.9443357            0.
        9190.     0.9443154            0.
        9200.     0.9453084            0.
        9210.      0.945511            0.
        9220.     0.9466053            0.
        9230.     0.9478819            0.
        9240.     0.9475375            0.
        9250.     0.9478414            0.
        9260.     0.9474362            0.
        9270.     0.9489965            0.
        9280.     0.9478009            0.
        9290.     0.9473754            0.
        9300.     0.9496855            0.
        9310.     0.9478617            0.
        9320.      0.949726            0.
        9330.     0.9486926            0.
        9340.     0.9508203            0.
        9350.     0.9495842            0.
        9360.     0.9499692            0.
        9370.     0.9514687            0.
        9380.     0.9506987            0.
        9390.     0.9495639            0.
        9400.     0.9512053            0.
        9410.     0.9499692            0.
        9420.     0.9505771            0.
        9430.      0.951874            0.
        9440.     0.9515093            0.
        9450.     0.9515498            0.
        9460.     0.9510635            0.
        9470.     0.9529075            0.
        9480.     0.9526035            0.
        9490.      0.951408            0.
        9500.      0.952178            0.
        9510.     0.9524617            0.
        9520.     0.9522996            0.
        9530.     0.9516511            0.
        9540.     0.9521983            0.
        9550.     0.9521577            0.
        9560.     0.9535965            0.
        9570.     0.9509013            0.
        9580.     0.9517727            0.
        9590.     0.9526846            0.
        9600.     0.9521172            0.
        9610.     0.9517119            0.
        9620.      0.951874            0.
        9630.     0.9525427            0.
        9640.      0.952482            0.
        9650.     0.9529075            0.
        9660.     0.9528872            0.
        9670.     0.9522996            0.
        9680.     0.9504555            0.
        9690.      0.953029            0.
        9700.     0.9533128            0.
        9710.     0.9522591            0.
        9720.     0.9536167            0.
        9730.     0.9516308            0.
        9740.     0.9517322            0.
        9750.     0.9522793            0.
        9760.     0.9531507            0.
        9770.     0.9541841            0.
        9780.     0.9526035            0.
        9790.     0.9535357            0.
        9800.     0.9531507            0.
        9810.      0.951874            0.
        9820.     0.9531304            0.
        9830.     0.9526238            0.
        9840.     0.9512661            0.
        9850.      0.953029            0.
        9860.     0.9526035            0.
        9870.     0.9534141            0.
        9880.     0.9532318            0.
        9890.     0.9535357            0.
        9900.     0.9529075            0.
        9910.     0.9522996            0.
        9920.     0.9522996            0.
        9930.     0.9528062            0.
        9940.     0.9526441            0.
        9950.     0.9527251            0.
        9960.     0.9529683            0.
        9970.     0.9520564            0.
        9980.      0.953637            0.
        9990.     0.9532723            0.
       10000.     0.9531102            0.
       10010.     0.9535762            0.
       10020.     0.9542044            0.
       10030.      0.954326            0.
       10040.     0.9526238            0.
       10050.      0.953252            0.
       10060.     0.9528062            0.
       10070.      0.951104            0.
       10080.     0.9520361            0.
       10090.     0.9518538            0.
       10100.     0.9514485            0.
       10110.     0.9505163            0.
       10120.       0.95157            0.
       10130.     0.9530696            0.
       10140.     0.9525427            0.
       10150.     0.9524009            0.
       10160.      0.952178            0.
       10170.     0.9524415            0.
       10180.     0.9528466            0.
       10190.     0.9525427            0.
       10200.     0.9522793            0.
       10210.     0.9515295            0.
       10220.      0.952563            0.
       10230.     0.9529886            0.
       10240.     0.9534141            0.
       10250.     0.9527048            0.
       10260.     0.9505365            0.
       10270.     0.9516106            0.
       10280.     0.9508811            0.
       10290.     0.9513269            0.
       10300.     0.9519348            0.
       10310.     0.9518132            0.
       10320.     0.9505771            0.
       10330.     0.9513876            0.
       10340.     0.9514485            0.
       10350.     0.9511647            0.
       10360.     0.9517524            0.
       10370.     0.9510432            0.
       10380.     0.9513674            0.
       10390.     0.9503947            0.
       10400.     0.9510027            0.
       10410.     0.9505365            0.
       10420.     0.9499692            0.
       10430.     0.9494626            0.
       10440.      0.950111            0.
       10450.     0.9507189            0.
       10460.     0.9506784            0.
       10470.     0.9521577            0.
       10480.     0.9501718            0.
       10490.     0.9506177            0.
       10500.     0.9500097            0.
       10510.     0.9499084            0.
       10520.     0.9489763            0.
       10530.     0.9495842            0.
       10540.      0.950334            0.
       10550.     0.9506177            0.
       10560.      0.948956            0.
       10570.     0.9498273            0.
       10580.     0.9482467            0.
       10590.     0.9494828            0.
       10600.     0.9485102            0.
       10610.     0.9490775            0.
       10620.     0.9501718            0.
       10630.     0.9482467            0.
       10640.     0.9490978            0.
       10650.     0.9493815            0.
       10660.     0.9496855            0.
       10670.     0.9493613            0.
       10680.     0.9471322            0.
       10690.     0.9488546            0.
       10700.     0.9480238            0.
       10710.     0.9478617            0.
       10720.     0.9471525            0.
       10730.     0.9482467            0.
       10740.     0.9483886            0.
       10750.     0.9496652            0.
       10760.     0.9499692            0.
       10770.     0.9494423            0.
       10780.     0.9483886            0.
       10790.     0.9485304            0.
       10800.     0.9480238            0.
       10810.     0.9478617            0.
       10820.     0.9486317            0.
       10830.     0.9495233            0.
       10840.     0.9462405            0.
       10850.     0.9471322            0.
       10860.     0.9470511            0.
       10870.     0.9466255            0.
       10880.     0.9472335            0.
       10890.     0.9473956            0.
       10900.     0.9486115            0.
       10910.     0.9467674            0.
       10920.     0.9472538            0.
       10930.     0.9467269            0.
       10940.      0.945815            0.
       10950.     0.9453084            0.
       10960.     0.9463824            0.
       10970.     0.9463621            0.
       10980.     0.9472335            0.
       10990.     0.9460176            0.
       11000.     0.9471727            0.
