        1850.   5.508131E-6            0.
        1860.   4.736816E-5            0.
        1870.   1.784034E-5            0.
        1880.   4.570973E-5            0.
        1890.   3.442459E-5            0.
        1900.   3.228532E-5            0.
        1910.   9.507978E-6            0.
        1920.   3.102923E-7            0.
        1930.   1.091224E-5            0.
        1940.   3.748630E-6            0.
        1950.   3.102923E-7            0.
        1960.   1.149122E-6            0.
        1970.   8.441286E-7            0.
        1980.   6.165613E-6            0.
        1990.   7.021321E-6            0.
        2000.   3.102923E-7            0.
        2010.   3.102923E-7            0.
        2020.   5.065557E-7            0.
        2030.   1.164823E-6            0.
        2040.   6.972255E-6            0.
        2050.   3.102923E-7            0.
        2060.   6.264726E-7            0.
        2070.   4.918359E-7            0.
        2080.   3.102923E-7            0.
        2090.   1.659407E-6            0.
        2100.   4.845742E-6            0.
        2110.   3.241289E-6            0.
        2120.   6.214678E-7            0.
        2130.   3.102923E-7            0.
        2140.   6.624869E-7            0.
        2150.   2.404226E-6            0.
        2160.   1.177580E-6            0.
        2170.   3.102923E-7            0.
        2180.   1.573051E-6            0.
        2190.   3.954707E-7            0.
        2200.   4.039100E-7            0.
        2210.   3.102923E-7            0.
        2220.   9.759195E-7            0.
        2230.   1.918474E-6            0.
        2240.   4.154895E-7            0.
        2250.   6.915339E-7            0.
        2260.   8.685635E-7            0.
        2270.   1.868427E-6            0.
        2280.   1.385619E-6            0.
        2290.   1.424872E-6            0.
        2300.   4.861443E-7            0.
        2310.   3.102923E-7            0.
        2320.   3.766293E-7            0.
        2330.   4.590599E-7            0.
        2340.   3.188298E-7            0.
        2350.   3.585731E-7            0.
        2360.   4.246157E-7            0.
        2370.   3.102923E-7            0.
        2380.   4.586674E-7            0.
        2390.   8.836757E-7            0.
        2400.   1.984222E-6            0.
        2410.   1.988147E-6            0.
        2420.   8.287220E-7            0.
        2430.   3.736854E-7            0.
        2440.   1.014682E-6            0.
        2450.   4.421813E-7            0.
        2460.   6.835853E-7            0.
        2470.   4.909527E-7            0.
        2480.   6.097902E-7            0.
        2490.   3.176522E-7            0.
        2500.   3.227551E-7            0.
        2510.   3.189280E-7            0.
        2520.   7.151836E-7            0.
        2530.   3.672087E-7            0.
        2540.   5.225511E-7            0.
        2550.   3.777088E-7            0.
        2560.   3.441478E-7            0.
        2570.   1.211926E-6            0.
        2580.   1.168748E-6            0.
        2590.   3.102923E-7            0.
        2600.   7.492353E-7            0.
        2610.   1.473938E-6            0.
        2620.   8.936852E-7            0.
        2630.   1.732024E-6            0.
        2640.   4.651441E-7            0.
        2650.   7.323566E-7            0.
        2660.   5.096958E-7            0.
        2670.   7.457026E-7            0.
        2680.   6.363839E-7            0.
        2690.   1.408189E-6            0.
        2700.   3.102923E-7            0.
        2710.   9.901487E-7            0.
        2720.   1.034308E-6            0.
        2730.   3.829098E-7            0.
        2740.   3.102923E-7            0.
        2750.   7.123379E-7            0.
        2760.   9.538397E-7            0.
        2770.   3.102923E-7            0.
        2780.   3.151008E-7            0.
        2790.   4.344289E-7            0.
        2800.   4.128399E-7            0.
        2810.   7.892730E-7            0.
        2820.   1.174636E-6            0.
        2830.   7.771047E-7            0.
        2840.   7.785766E-7            0.
        2850.   9.629662E-7            0.
        2860.   3.139232E-7            0.
        2870.   5.880050E-7            0.
        2880.   9.781766E-7            0.
        2890.   4.575880E-7            0.
        2900.   7.702355E-7            0.
        2910.   8.919188E-7            0.
        2920.   4.241251E-7            0.
        2930.   4.130362E-7            0.
        2940.   1.694734E-6            0.
        2950.   1.435666E-6            0.
        2960.   5.443364E-7            0.
        2970.   3.102923E-7            0.
        2980.   4.120549E-7            0.
        2990.   4.985089E-7            0.
        3000.   3.901715E-7            0.
        3010.   3.102923E-7            0.
        3020.   4.791769E-7            0.
        3030.   6.714169E-7            0.
        3040.   7.151836E-7            0.
        3050.   3.102923E-7            0.
        3060.   3.102923E-7            0.
        3070.   9.580596E-7            0.
        3080.   1.411133E-6            0.
        3090.   3.102923E-7            0.
        3100.   9.852419E-7            0.
        3110.   3.845780E-7            0.
        3120.   3.102923E-7            0.
        3130.   4.114661E-7            0.
        3140.   3.102923E-7            0.
        3150.   3.102923E-7            0.
        3160.   3.102923E-7            0.
        3170.   1.316927E-6            0.
        3180.   3.102923E-7            0.
        3190.   9.811205E-7            0.
        3200.   5.619020E-7            0.
        3210.   4.696581E-7            0.
        3220.   4.327607E-7            0.
        3230.   1.109869E-6            0.
        3240.   3.516058E-7            0.
        3250.   8.851477E-7            0.
        3260.   3.729003E-7            0.
        3270.   3.830079E-7            0.
        3280.   3.298206E-7            0.
        3290.   5.061632E-7            0.
        3300.   3.102923E-7            0.
        3310.   1.063747E-6            0.
        3320.   3.102923E-7            0.
        3330.   3.382599E-7            0.
        3340.   5.258877E-7            0.
        3350.   4.260877E-7            0.
        3360.   9.236153E-7            0.
        3370.   9.960364E-7            0.
        3380.   4.652423E-7            0.
        3390.   7.750440E-7            0.
        3400.   6.611131E-7            0.
        3410.   7.399128E-7            0.
        3420.   1.084355E-6            0.
        3430.   3.102923E-7            0.
        3440.   2.953763E-6            0.
        3450.   3.102923E-7            0.
        3460.   3.102923E-7            0.
        3470.   3.255028E-7            0.
        3480.   6.646459E-7            0.
        3490.   3.102923E-7            0.
        3500.   6.197015E-7            0.
        3510.   3.102923E-7            0.
        3520.   3.512133E-7            0.
        3530.   7.946703E-7            0.
        3540.   3.102923E-7            0.
        3550.   1.536742E-6            0.
        3560.   2.486657E-6            0.
        3570.   6.151874E-6            0.
        3580.   1.100056E-6            0.
        3590.   4.139194E-7            0.
        3600.   1.167767E-6            0.
        3610.   7.305903E-7            0.
        3620.   6.088089E-7            0.
        3630.   6.600336E-7            0.
        3640.   3.653442E-7            0.
        3650.   6.576785E-7            0.
        3660.   3.102923E-7            0.
        3670.   3.102923E-7            0.
        3680.   3.102923E-7            0.
        3690.   1.289450E-6            0.
        3700.   1.025476E-6            0.
        3710.   2.033288E-6            0.
        3720.   1.335572E-6            0.
        3730.   8.629699E-7            0.
        3740.   3.102923E-7            0.
        3750.   1.304170E-6            0.
        3760.   5.770142E-7            0.
        3770.   8.545306E-7            0.
        3780.   1.492583E-6            0.
        3790.   1.298282E-6            0.
        3800.   4.719152E-7            0.
        3810.   1.104963E-6            0.
        3820.   1.496508E-6            0.
        3830.   3.537647E-7            0.
        3840.   3.102923E-7            0.
        3850.   4.819246E-7            0.
        3860.   8.961384E-7            0.
        3870.   6.712206E-7            0.
        3880.   1.255104E-6            0.
        3890.   1.546555E-6            0.
        3900.   8.250911E-7            0.
        3910.   1.364030E-6            0.
        3920.   2.487638E-6            0.
        3930.   7.365763E-7            0.
        3940.   3.923304E-7            0.
        3950.   8.855402E-7            0.
        3960.   1.810529E-6            0.
        3970.   9.140965E-7            0.
        3980.   8.863253E-7            0.
        3990.   1.404264E-6            0.
        4000.   4.979201E-7            0.
        4010.   2.051933E-6            0.
        4020.   1.059822E-6            0.
        4030.   1.269824E-6            0.
        4040.   1.492583E-6            0.
        4050.   1.895904E-6            0.
        4060.   1.008794E-6            0.
        4070.   1.827212E-6            0.
        4080.   1.483751E-6            0.
        4090.   1.699641E-6            0.
        4100.   1.178561E-6            0.
        4110.   1.205057E-6            0.
        4120.   1.264917E-6            0.
        4130.   1.216833E-6            0.
        4140.   1.539686E-6            0.
        4150.   9.761158E-7            0.
        4160.   1.481788E-6            0.
        4170.   1.872352E-6            0.
        4180.   1.854689E-6            0.
        4190.   1.130477E-6            0.
        4200.   7.558102E-7            0.
        4210.   1.135384E-6            0.
        4220.   1.217814E-6            0.
        4230.   9.960364E-7            0.
        4240.   1.934175E-6            0.
        4250.   1.185431E-6            0.
        4260.   3.102923E-7            0.
        4270.   3.102923E-7            0.
        4280.   3.102923E-7            0.
        4290.   3.102923E-7            0.
        4300.   3.102923E-7            0.
        4310.   3.102923E-7            0.
        4320.   3.102923E-7            0.
        4330.   3.102923E-7            0.
        4340.   3.102923E-7            0.
        4350.   3.102923E-7            0.
        4360.   3.102923E-7            0.
        4370.   3.102923E-7            0.
        4380.   3.102923E-7            0.
        4390.   1.431741E-6            0.
        4400.   2.369880E-5            0.
        4410.   6.142061E-5            0.
        4420.   8.046797E-5            0.
        4430.   8.869141E-5            0.
        4440.   7.917263E-5            0.
        4450.   5.239250E-5            0.
        4460.   3.132363E-5            0.
        4470.   1.046084E-5            0.
        4480.   4.137231E-6            0.
        4490.   2.517077E-6            0.
        4500.   2.434647E-6            0.
        4510.   2.296281E-6            0.
        4520.   2.499414E-6            0.
        4530.   1.988147E-6            0.
        4540.   2.182448E-6            0.
        4550.   2.129457E-6            0.
        4560.   1.608378E-6            0.
        4570.   9.434379E-7            0.
        4580.   7.289220E-7            0.
        4590.   1.024495E-6            0.
        4600.   6.381503E-7            0.
        4610.   4.214755E-7            0.
        4620.   5.335419E-7            0.
        4630.   6.037061E-7            0.
        4640.   4.148026E-7            0.
        4650.   6.576785E-7            0.
        4660.   6.570897E-7            0.
        4670.   4.884994E-7            0.
        4680.   4.827097E-7            0.
        4690.   6.626832E-7            0.
        4700.   6.753422E-7            0.
        4710.   3.719190E-7            0.
        4720.   3.182410E-7            0.
        4730.   6.469821E-7            0.
        4740.   6.793655E-7            0.
        4750.   4.433589E-7            0.
        4760.   5.507150E-7            0.
        4770.   4.055782E-7            0.
        4780.   4.354102E-7            0.
        4790.   3.102923E-7            0.
        4800.   3.102923E-7            0.
        4810.   3.102923E-7            0.
        4820.   3.102923E-7            0.
        4830.   3.308019E-7            0.
        4840.   4.596488E-7            0.
        4850.   4.198073E-7            0.
        4860.   4.447327E-7            0.
        4870.   3.102923E-7            0.
        4880.   3.333533E-7            0.
        4890.   3.777088E-7            0.
        4900.   3.121569E-7            0.
        4910.   4.935042E-7            0.
        4920.   3.864425E-7            0.
        4930.   4.583730E-7            0.
        4940.   3.102923E-7            0.
        4950.   3.102923E-7            0.
        4960.   3.102923E-7            0.
        4970.   3.102923E-7            0.
        4980.   3.102923E-7            0.
        4990.   3.386524E-7            0.
        5000.   3.667181E-7            0.
        5010.   3.102923E-7            0.
        5020.   3.102923E-7            0.
        5030.   3.102923E-7            0.
        5040.   3.102923E-7            0.
        5050.   3.102923E-7            0.
        5060.   4.557235E-7            0.
        5070.   3.443440E-7            0.
        5080.   3.206943E-7            0.
        5090.   3.363954E-7            0.
        5100.   3.335496E-7            0.
        5110.   3.102923E-7            0.
        5120.   3.354140E-7            0.
        5130.   3.102923E-7            0.
        5140.   6.859404E-7            0.
        5150.   3.102923E-7            0.
        5160.   3.102923E-7            0.
        5170.   4.155877E-7            0.
        5180.   3.102923E-7            0.
        5190.   3.363954E-7            0.
        5200.   4.433589E-7            0.
        5210.   4.099941E-7            0.
        5220.   3.102923E-7            0.
        5230.   3.102923E-7            0.
        5240.   4.061670E-7            0.
        5250.   4.185316E-7            0.
        5260.   3.725078E-7            0.
        5270.   3.392412E-7            0.
        5280.   3.146102E-7            0.
        5290.   3.102923E-7            0.
        5300.   4.213774E-7            0.
        5310.   4.823171E-7            0.
        5320.   5.308924E-7            0.
        5330.   3.296243E-7            0.
        5340.   3.102923E-7            0.
        5350.   3.587694E-7            0.
        5360.   3.725078E-7            0.
        5370.   5.375653E-7            0.
        5380.   3.102923E-7            0.
        5390.   4.522889E-7            0.
        5400.   5.242194E-7            0.
        5410.   4.691675E-7            0.
        5420.   3.364935E-7            0.
        5430.   5.887901E-7            0.
        5440.   3.368860E-7            0.
        5450.   3.102923E-7            0.
        5460.   4.566067E-7            0.
        5470.   3.102923E-7            0.
        5480.   4.205923E-7            0.
        5490.   3.102923E-7            0.
        5500.   5.738740E-7            0.
        5510.   3.974333E-7            0.
        5520.   4.735834E-7            0.
        5530.   3.525871E-7            0.
        5540.   3.155914E-7            0.
        5550.   4.567048E-7            0.
        5560.   3.102923E-7            0.
        5570.   5.150931E-7            0.
        5580.   3.667181E-7            0.
        5590.   3.102923E-7            0.
        5600.   3.557273E-7            0.
        5610.   5.220605E-7            0.
        5620.   4.518963E-7            0.
        5630.   3.381618E-7            0.
        5640.   3.102923E-7            0.
        5650.   3.102923E-7            0.
        5660.   4.844761E-7            0.
        5670.   3.102923E-7            0.
        5680.   3.102923E-7            0.
        5690.   6.021359E-7            0.
        5700.   1.126552E-6            0.
        5710.   3.701527E-7            0.
        5720.   1.164823E-6            0.
        5730.   2.036232E-6            0.
        5740.   3.761387E-6            0.
        5750.   9.343116E-6            0.
        5760.   2.009737E-5            0.
        5770.   4.866350E-5            0.
        5780.   1.035289E-4            0.
        5790.   2.241327E-4            0.
        5800.   4.121530E-4            0.
        5810.   7.733757E-4            0.
        5820.   0.001280618            0.
        5830.   0.002175579            0.
        5840.   0.003284467            0.
        5850.   0.005057706            0.
        5852.    0.00552972            0.
        5854.   0.006080238            0.
        5856.   0.006629776            0.
        5858.   0.007217585            0.
        5860.   0.007904505            0.
        5862.   0.008611054            0.
        5864.   0.009395126            0.
        5866.    0.01019588            0.
        5868.    0.01107907            0.
        5870.    0.01202113            0.
        5872.    0.01303189            0.
        5874.    0.01417021            0.
        5876.    0.01533798            0.
        5878.    0.01663332            0.
        5880.    0.01805623            0.
        5882.    0.01955764            0.
        5884.    0.02121607            0.
        5886.    0.02301188            0.
        5888.    0.02494507            0.
        5890.    0.02703528            0.
        5892.    0.02934137            0.
        5894.    0.03180448            0.
        5896.    0.03448347            0.
        5898.    0.03744705            0.
        5900.    0.04067558            0.
        5902.    0.04422794            0.
        5904.    0.04809434            0.
        5906.    0.05231399            0.
        5908.    0.05689675            0.
        5910.    0.06192108            0.
        5912.    0.06728889            0.
        5914.    0.07306884            0.
        5916.    0.07931002            0.
        5918.    0.08599279            0.
        5920.    0.09318583            0.
        5922.     0.1008793            0.
        5924.     0.1090243            0.
        5926.     0.1176599            0.
        5928.     0.1267861            0.
        5930.     0.1365011            0.
        5932.     0.1467068            0.
        5934.     0.1576976            0.
        5936.     0.1692772            0.
        5938.     0.1816417            0.
        5940.     0.1946933            0.
        5942.     0.2086279            0.
        5944.     0.2230533            0.
        5946.     0.2382637            0.
        5948.      0.254161            0.
        5950.     0.2706471            0.
        5952.     0.2882127            0.
        5954.     0.3064651            0.
        5956.     0.3255028            0.
        5958.     0.3451291            0.
        5960.     0.3652461            0.
        5962.     0.3859518            0.
        5964.     0.4069521            0.
        5966.     0.4284428            0.
        5968.     0.4503262            0.
        5970.     0.4720134            0.
        5972.     0.4937005            0.
        5974.     0.5148969            0.
        5976.     0.5357008            0.
        5978.      0.555916            0.
        5980.     0.5751497            0.
        5982.     0.5934023            0.
        5984.     0.6105753            0.
        5986.      0.626767            0.
        5988.      0.641683            0.
        5990.     0.6550289            0.
        5992.     0.6670991            0.
        5994.     0.6778936            0.
        5996.     0.6873143            0.
        5998.     0.6952629            0.
        6000.     0.7020339            0.
        6002.     0.7076275            0.
        6004.     0.7120433            0.
        6006.     0.7153799            0.
        6008.     0.7176369            0.
        6010.     0.7190108            0.
        6012.     0.7195995            0.
        6014.     0.7195995            0.
        6016.     0.7188145            0.
        6018.     0.7174407            0.
        6020.     0.7156743            0.
        6022.     0.7135155            0.
        6024.     0.7111602            0.
        6026.     0.7084125            0.
        6028.     0.7056648            0.
        6030.      0.702819            0.
        6032.     0.6999732            0.
        6034.     0.6970293            0.
        6036.     0.6943797            0.
        6038.     0.6918283            0.
        6040.     0.6894731            0.
        6042.     0.6873143            0.
        6044.     0.6853516            0.
        6046.     0.6836833            0.
        6048.     0.6824077            0.
        6050.     0.6813282            0.
        6052.     0.6805431            0.
        6054.     0.6802487            0.
        6056.     0.6801506            0.
        6058.     0.6803468            0.
        6060.     0.6808376            0.
        6062.     0.6816226            0.
        6064.     0.6826039            0.
        6066.     0.6835852            0.
        6068.     0.6845666            0.
        6070.     0.6853516            0.
        6072.     0.6862348            0.
        6074.     0.6871179            0.
        6076.      0.687903            0.
        6078.       0.68859            0.
        6080.     0.6891787            0.
        6082.     0.6897675            0.
        6084.     0.6901601            0.
        6086.     0.6905526            0.
        6088.      0.690847            0.
        6090.     0.6913376            0.
        6092.     0.6919264            0.
        6094.     0.6928096            0.
        6096.      0.693791            0.
        6098.     0.6950666            0.
        6100.     0.6964404            0.
        6102.     0.6980106            0.
        6104.     0.6997769            0.
        6106.     0.7018378            0.
        6108.     0.7039966            0.
        6110.     0.7065481            0.
        6112.      0.709492            0.
        6114.     0.7126322            0.
        6116.     0.7159687            0.
        6118.     0.7195995            0.
        6120.     0.7235249            0.
        6122.     0.7277445            0.
        6124.     0.7320623            0.
        6126.     0.7366744            0.
        6128.      0.741483            0.
        6130.     0.7465858            0.
        6132.     0.7518849            0.
        6134.     0.7573802            0.
        6136.     0.7630719            0.
        6138.     0.7687635            0.
        6140.     0.7744551            0.
        6142.     0.7801468            0.
        6144.     0.7858385            0.
        6146.     0.7912357            0.
        6148.     0.7965348            0.
        6150.     0.8015395            0.
        6152.      0.806348            0.
        6154.     0.8110583            0.
        6156.     0.8158666            0.
        6158.     0.8203808            0.
        6160.     0.8246986            0.
        6162.     0.8287219            0.
        6164.     0.8325491            0.
        6166.     0.8363763            0.
        6168.     0.8401052            0.
        6170.     0.8437361            0.
        6172.     0.8472688            0.
        6174.     0.8508998            0.
        6176.     0.8543344            0.
        6178.      0.857867            0.
        6180.     0.8613998            0.
        6182.     0.8648344            0.
        6184.      0.868269            0.
        6186.     0.8717037            0.
        6188.     0.8751382            0.
        6190.     0.8785728            0.
        6192.     0.8819094            0.
        6194.     0.8853439            0.
        6196.     0.8887786            0.
        6198.     0.8919188            0.
        6200.     0.8949608            0.
        6202.     0.8981011            0.
        6204.     0.9013395            0.
        6206.     0.9045778            0.
        6208.     0.9075217            0.
        6210.     0.9103675            0.
        6212.     0.9131151            0.
        6214.     0.9156667            0.
        6216.     0.9179237            0.
        6218.     0.9201806            0.
        6220.     0.9221433            0.
        6222.     0.9240078            0.
        6224.      0.925676            0.
        6226.     0.9270499            0.
        6228.     0.9285219            0.
        6230.     0.9298957            0.
        6232.     0.9311714            0.
        6234.     0.9322509            0.
        6236.     0.9331341            0.
        6238.     0.9337229            0.
        6240.     0.9344099            0.
        6242.     0.9348024            0.
        6244.     0.9350967            0.
        6246.     0.9353911            0.
        6248.     0.9356854            0.
        6250.     0.9357836            0.
        6252.     0.9356854            0.
        6254.     0.9354892            0.
        6256.      0.935293            0.
        6258.     0.9350967            0.
        6260.     0.9349985            0.
        6262.     0.9348024            0.
        6264.     0.9344099            0.
        6266.     0.9340173            0.
        6268.     0.9337229            0.
        6270.     0.9332322            0.
        6272.     0.9325452            0.
        6274.     0.9317603            0.
        6276.     0.9309752            0.
        6278.     0.9302882            0.
        6280.     0.9296995            0.
        6282.     0.9290124            0.
        6284.     0.9285219            0.
        6286.      0.927835            0.
        6288.      0.927148            0.
        6290.     0.9263629            0.
        6292.     0.9255779            0.
        6294.     0.9249892            0.
        6296.     0.9244003            0.
        6298.     0.9236154            0.
        6300.     0.9228302            0.
        6302.     0.9221433            0.
        6304.     0.9216527            0.
        6306.     0.9210639            0.
        6308.      0.920377            0.
        6310.     0.9197881            0.
        6312.     0.9191012            0.
        6314.     0.9184144            0.
        6316.     0.9178255            0.
        6318.     0.9171386            0.
        6320.     0.9162554            0.
        6322.     0.9156667            0.
        6324.     0.9150778            0.
        6326.     0.9143909            0.
        6328.     0.9136058            0.
        6330.     0.9128208            0.
        6332.     0.9119376            0.
        6334.     0.9110544            0.
        6336.     0.9103675            0.
        6338.     0.9096805            0.
        6340.     0.9089937            0.
        6342.     0.9081106            0.
        6344.     0.9073254            0.
        6346.     0.9065403            0.
        6348.     0.9058535            0.
        6350.     0.9052647            0.
        6352.     0.9048722            0.
        6354.     0.9043815            0.
        6356.      0.903989            0.
        6358.     0.9035965            0.
        6360.      0.903302            0.
        6362.     0.9032039            0.
        6364.     0.9032039            0.
        6366.      0.903302            0.
        6368.     0.9034983            0.
        6370.     0.9037926            0.
        6372.     0.9041852            0.
        6374.     0.9044797            0.
        6376.      0.904774            0.
        6378.     0.9052647            0.
        6380.     0.9058535            0.
        6382.     0.9064422            0.
        6384.     0.9072273            0.
        6386.     0.9079142            0.
        6388.     0.9085031            0.
        6390.       0.90919            0.
        6392.     0.9097787            0.
        6394.     0.9105638            0.
        6396.     0.9112507            0.
        6398.     0.9120358            0.
        6400.     0.9128208            0.
        6402.      0.913704            0.
        6404.     0.9145872            0.
        6406.     0.9153723            0.
        6408.     0.9161573            0.
        6410.     0.9170404            0.
        6412.     0.9178255            0.
        6414.     0.9185125            0.
        6416.     0.9192975            0.
        6418.     0.9200827            0.
        6420.     0.9210639            0.
        6422.     0.9219471            0.
        6424.     0.9227321            0.
        6426.     0.9237134            0.
        6428.     0.9245967            0.
        6430.     0.9254797            0.
        6432.     0.9262648            0.
        6434.     0.9272462            0.
        6436.     0.9283256            0.
        6438.     0.9295031            0.
        6440.     0.9305826            0.
        6442.     0.9317603            0.
        6444.     0.9328398            0.
        6446.      0.933821            0.
        6448.     0.9347041            0.
        6450.     0.9358818            0.
        6452.     0.9370593            0.
        6454.     0.9381388            0.
        6456.     0.9391202            0.
        6458.     0.9401996            0.
        6460.      0.941279            0.
        6462.     0.9424566            0.
        6464.     0.9438303            0.
        6466.     0.9451061            0.
        6468.     0.9461856            0.
        6470.     0.9471669            0.
        6472.     0.9482464            0.
        6474.     0.9493258            0.
        6476.     0.9506015            0.
        6478.     0.9518774            0.
        6480.     0.9529567            0.
        6482.     0.9540361            0.
        6484.     0.9550176            0.
        6486.     0.9559005            0.
        6488.     0.9567838            0.
        6490.      0.957667            0.
        6492.     0.9585503            0.
        6494.     0.9593352            0.
        6496.     0.9602184            0.
        6498.     0.9611998            0.
        6500.      0.962083            0.
        6502.     0.9628679            0.
        6504.     0.9635549            0.
        6506.     0.9641438            0.
        6508.     0.9648306            0.
        6510.     0.9655175            0.
        6512.     0.9661063            0.
        6514.      0.966597            0.
        6516.     0.9668913            0.
        6518.     0.9668913            0.
        6520.      0.966597            0.
        6522.     0.9660081            0.
        6524.      0.965125            0.
        6526.     0.9645362            0.
        6528.     0.9647325            0.
        6530.     0.9656156            0.
        6532.     0.9670875            0.
        6534.     0.9685597            0.
        6536.     0.9700316            0.
        6538.     0.9709148            0.
        6540.     0.9710129            0.
        6542.     0.9707184            0.
        6544.     0.9704241            0.
        6546.     0.9703259            0.
        6548.     0.9703259            0.
        6550.     0.9701298            0.
        6552.     0.9699334            0.
        6554.     0.9697372            0.
        6556.     0.9695409            0.
        6558.     0.9694428            0.
        6560.     0.9691483            0.
        6562.     0.9689522            0.
        6564.     0.9686577            0.
        6566.     0.9683633            0.
        6568.     0.9681671            0.
        6570.     0.9677746            0.
        6572.     0.9673821            0.
        6574.     0.9670875            0.
        6576.      0.966695            0.
        6578.     0.9662045            0.
        6580.     0.9657138            0.
        6582.      0.965125            0.
        6584.     0.9646344            0.
        6586.     0.9641438            0.
        6588.     0.9635549            0.
        6590.      0.962966            0.
        6592.     0.9624754            0.
        6594.     0.9618866            0.
        6596.     0.9611016            0.
        6598.     0.9605128            0.
        6600.     0.9598258            0.
        6602.     0.9590408            0.
        6604.     0.9582557            0.
        6606.     0.9574707            0.
        6608.     0.9567838            0.
        6610.     0.9559988            0.
        6612.     0.9555081            0.
        6614.     0.9548212            0.
        6616.     0.9540361            0.
        6618.     0.9531529            0.
        6620.     0.9523678            0.
        6622.     0.9515828            0.
        6624.     0.9507979            0.
        6626.     0.9501109            0.
        6628.     0.9494239            0.
        6630.     0.9485407            0.
        6632.     0.9478538            0.
        6634.     0.9471669            0.
        6636.     0.9463819            0.
        6638.     0.9455968            0.
        6640.     0.9450079            0.
        6642.     0.9444192            0.
        6644.     0.9438303            0.
        6646.     0.9433398            0.
        6648.      0.942751            0.
        6650.     0.9421623            0.
        6652.     0.9414752            0.
        6654.     0.9408865            0.
        6656.     0.9403958            0.
        6658.     0.9399051            0.
        6660.     0.9395127            0.
        6662.     0.9391202            0.
        6664.     0.9386294            0.
        6666.     0.9381388            0.
        6668.     0.9377463            0.
        6670.     0.9371575            0.
        6672.     0.9368631            0.
        6674.      0.936765            0.
        6676.     0.9365686            0.
        6678.     0.9362743            0.
        6680.       0.93598            0.
        6682.     0.9357836            0.
        6684.     0.9355874            0.
        6686.     0.9353911            0.
        6688.     0.9351949            0.
        6690.     0.9349985            0.
        6692.     0.9349005            0.
        6694.     0.9348024            0.
        6696.     0.9347041            0.
        6698.      0.934606            0.
        6700.      0.934606            0.
        6702.     0.9345079            0.
        6704.      0.934606            0.
        6706.      0.934606            0.
        6708.      0.934606            0.
        6710.     0.9347041            0.
        6712.     0.9348024            0.
        6714.     0.9349985            0.
        6716.      0.935293            0.
        6718.     0.9354892            0.
        6720.     0.9356854            0.
        6722.     0.9358818            0.
        6724.     0.9361761            0.
        6726.     0.9365686            0.
        6728.     0.9370593            0.
        6730.     0.9374518            0.
        6732.     0.9379424            0.
        6734.     0.9384332            0.
        6736.     0.9388257            0.
        6738.     0.9393164            0.
        6740.     0.9398071            0.
        6742.     0.9401014            0.
        6744.     0.9404939            0.
        6746.     0.9410827            0.
        6748.     0.9417696            0.
        6750.     0.9422603            0.
        6752.     0.9428491            0.
        6754.     0.9434378            0.
        6756.     0.9440267            0.
        6758.     0.9446154            0.
        6760.     0.9453025            0.
        6762.     0.9458912            0.
        6764.     0.9466763            0.
        6766.     0.9472651            0.
        6768.      0.947952            0.
        6770.     0.9486389            0.
        6772.     0.9493258            0.
        6774.     0.9497184            0.
        6776.      0.950209            0.
        6778.     0.9509941            0.
        6780.     0.9517791            0.
        6782.      0.952466            0.
        6784.     0.9531529            0.
        6786.     0.9538398            0.
        6788.     0.9544286            0.
        6790.     0.9550176            0.
        6792.     0.9555081            0.
        6794.      0.956195            0.
        6796.     0.9566856            0.
        6798.     0.9572745            0.
        6800.     0.9579614            0.
        6802.     0.9586483            0.
        6804.     0.9593352            0.
        6806.      0.959924            0.
        6808.     0.9605128            0.
        6810.     0.9609054            0.
        6812.     0.9612979            0.
        6814.     0.9617885            0.
        6816.     0.9622792            0.
        6818.     0.9626717            0.
        6820.     0.9631624            0.
        6822.     0.9637511            0.
        6824.     0.9642418            0.
        6826.     0.9647325            0.
        6828.     0.9653212            0.
        6830.      0.965812            0.
        6832.     0.9660081            0.
        6834.     0.9662045            0.
        6836.     0.9664007            0.
        6838.     0.9667932            0.
        6840.     0.9670875            0.
        6842.     0.9674802            0.
        6844.     0.9676765            0.
        6846.     0.9679708            0.
        6848.     0.9682652            0.
        6850.     0.9684615            0.
        6852.     0.9684615            0.
        6854.     0.9684615            0.
        6856.     0.9686577            0.
        6858.      0.968854            0.
        6860.      0.968854            0.
        6862.     0.9687558            0.
        6864.     0.9684615            0.
        6866.     0.9681671            0.
        6868.     0.9678727            0.
        6870.     0.9676765            0.
        6872.     0.9672839            0.
        6874.     0.9669896            0.
        6876.     0.9667932            0.
        6878.     0.9664007            0.
        6880.     0.9661063            0.
        6882.      0.965812            0.
        6884.     0.9655175            0.
        6886.     0.9653212            0.
        6888.     0.9649287            0.
        6890.     0.9646344            0.
        6892.      0.964438            0.
        6894.     0.9640456            0.
        6896.      0.963653            0.
        6898.     0.9631624            0.
        6900.     0.9626717            0.
        6902.      0.962181            0.
        6904.     0.9616905            0.
        6906.     0.9610035            0.
        6908.     0.9603165            0.
        6910.     0.9596297            0.
        6912.     0.9588446            0.
        6914.     0.9581577            0.
        6916.     0.9573726            0.
        6918.     0.9566856            0.
        6920.     0.9559988            0.
        6922.     0.9552137            0.
        6924.     0.9544286            0.
        6926.     0.9537417            0.
        6928.     0.9529567            0.
        6930.     0.9523678            0.
        6932.     0.9514848            0.
        6934.     0.9507979            0.
        6936.     0.9500128            0.
        6938.     0.9491295            0.
        6940.     0.9484427            0.
        6942.     0.9475594            0.
        6944.     0.9466763            0.
        6946.     0.9457931            0.
        6948.     0.9447136            0.
        6950.     0.9436342            0.
        6952.     0.9426529            0.
        6954.     0.9419659            0.
        6956.      0.941279            0.
        6958.     0.9405922            0.
        6960.     0.9398071            0.
        6962.     0.9389238            0.
        6964.     0.9377463            0.
        6966.     0.9365686            0.
        6968.      0.935293            0.
        6970.     0.9340173            0.
        6972.     0.9331341            0.
        6974.     0.9322509            0.
        6976.     0.9314658            0.
        6978.     0.9307789            0.
        6980.     0.9299939            0.
        6982.      0.929307            0.
        6984.     0.9285219            0.
        6986.      0.927835            0.
        6988.     0.9272462            0.
        6990.     0.9265593            0.
        6992.     0.9260686            0.
        6994.     0.9253817            0.
        6996.     0.9247929            0.
        6998.     0.9241059            0.
        7000.     0.9236154            0.
        7002.     0.9230264            0.
        7004.     0.9226339            0.
        7006.     0.9221433            0.
        7008.      0.921849            0.
        7010.     0.9214564            0.
        7012.      0.921162            0.
        7014.     0.9208676            0.
        7016.     0.9205732            0.
        7018.     0.9202788            0.
        7020.     0.9201806            0.
        7022.     0.9198862            0.
        7024.     0.9194937            0.
        7026.     0.9191994            0.
        7028.     0.9190031            0.
        7030.     0.9188069            0.
        7032.     0.9186105            0.
        7034.     0.9183162            0.
        7036.      0.918218            0.
        7038.     0.9181199            0.
        7040.     0.9180218            0.
        7042.     0.9180218            0.
        7044.     0.9179237            0.
        7046.     0.9178255            0.
        7048.     0.9178255            0.
        7050.     0.9179237            0.
        7052.     0.9180218            0.
        7054.      0.918218            0.
        7056.     0.9186105            0.
        7058.     0.9186105            0.
        7060.     0.9186105            0.
        7062.     0.9188069            0.
        7064.     0.9188069            0.
        7066.      0.918905            0.
        7068.     0.9192975            0.
        7070.       0.91969            0.
        7072.     0.9199845            0.
        7074.      0.920377            0.
        7076.     0.9207695            0.
        7078.     0.9209657            0.
        7080.     0.9212601            0.
        7082.     0.9217507            0.
        7084.     0.9221433            0.
        7086.     0.9226339            0.
        7088.     0.9233209            0.
        7090.     0.9238116            0.
        7092.     0.9242042            0.
        7094.     0.9246948            0.
        7096.     0.9251854            0.
        7098.     0.9255779            0.
        7100.     0.9261667            0.
        7102.     0.9269518            0.
        7104.      0.927835            0.
        7106.     0.9288163            0.
        7108.     0.9295031            0.
        7110.     0.9299939            0.
        7112.     0.9307789            0.
        7114.     0.9314658            0.
        7116.     0.9320547            0.
        7118.     0.9327416            0.
        7120.     0.9335266            0.
        7122.     0.9345079            0.
        7124.     0.9356854            0.
        7126.      0.936765            0.
        7128.     0.9377463            0.
        7130.     0.9385313            0.
        7132.     0.9393164            0.
        7134.     0.9400033            0.
        7136.     0.9407883            0.
        7138.     0.9418677            0.
        7140.     0.9428491            0.
        7142.     0.9437324            0.
        7144.     0.9447136            0.
        7146.      0.945695            0.
        7148.     0.9466763            0.
        7150.     0.9477556            0.
        7152.      0.948737            0.
        7154.     0.9495221            0.
        7156.     0.9501109            0.
        7158.     0.9509941            0.
        7160.     0.9518774            0.
        7162.     0.9526623            0.
        7164.     0.9534473            0.
        7166.     0.9543304            0.
        7168.     0.9552137            0.
        7170.     0.9559005            0.
        7172.     0.9564894            0.
        7174.     0.9570782            0.
        7176.     0.9577652            0.
        7178.     0.9585503            0.
        7180.     0.9592371            0.
        7182.     0.9597277            0.
        7184.     0.9602184            0.
        7186.     0.9608072            0.
        7188.     0.9614941            0.
        7190.      0.962083            0.
        7192.     0.9626717            0.
        7194.     0.9631624            0.
        7196.     0.9635549            0.
        7198.     0.9639474            0.
        7200.     0.9645362            0.
        7202.     0.9649287            0.
        7204.     0.9653212            0.
        7206.     0.9656156            0.
        7208.     0.9659101            0.
        7210.     0.9662045            0.
        7212.     0.9663026            0.
        7214.     0.9664988            0.
        7216.     0.9667932            0.
        7218.     0.9670875            0.
        7220.     0.9672839            0.
        7222.     0.9674802            0.
        7224.     0.9675782            0.
        7226.     0.9675782            0.
        7228.     0.9676765            0.
        7230.     0.9675782            0.
        7232.     0.9673821            0.
        7234.     0.9670875            0.
        7236.     0.9668913            0.
        7238.     0.9667932            0.
        7240.      0.966597            0.
        7242.     0.9663026            0.
        7244.     0.9661063            0.
        7246.     0.9657138            0.
        7248.     0.9654195            0.
        7250.     0.9649287            0.
        7252.      0.964438            0.
        7254.     0.9637511            0.
        7256.     0.9631624            0.
        7258.     0.9627699            0.
        7260.     0.9624754            0.
        7262.     0.9619848            0.
        7264.      0.961396            0.
        7266.      0.960709            0.
        7268.      0.959924            0.
        7270.     0.9590408            0.
        7272.     0.9581577            0.
        7274.     0.9572745            0.
        7276.     0.9563913            0.
        7278.     0.9554099            0.
        7280.      0.954723            0.
        7282.     0.9540361            0.
        7284.     0.9531529            0.
        7286.     0.9521716            0.
        7288.     0.9510922            0.
        7290.     0.9501109            0.
        7292.     0.9491295            0.
        7294.     0.9481481            0.
        7296.     0.9471669            0.
        7298.     0.9461856            0.
        7300.     0.9452043            0.
        7302.     0.9440267            0.
        7304.      0.942751            0.
        7306.     0.9415734            0.
        7308.     0.9403958            0.
        7310.     0.9392182            0.
        7312.     0.9380407            0.
        7314.     0.9368631            0.
        7316.     0.9356854            0.
        7318.      0.934606            0.
        7320.     0.9333304            0.
        7322.     0.9320547            0.
        7324.     0.9305826            0.
        7326.     0.9290124            0.
        7328.     0.9276387            0.
        7330.     0.9264612            0.
        7332.     0.9251854            0.
        7334.     0.9241059            0.
        7336.     0.9230264            0.
        7338.      0.921849            0.
        7340.     0.9204752            0.
        7342.     0.9191012            0.
        7344.     0.9177274            0.
        7346.     0.9166479            0.
        7348.     0.9153723            0.
        7350.     0.9138023            0.
        7352.     0.9125265            0.
        7354.     0.9113489            0.
        7356.     0.9102694            0.
        7358.     0.9090918            0.
        7360.     0.9081106            0.
        7362.     0.9070311            0.
        7364.     0.9060498            0.
        7366.     0.9049703            0.
        7368.      0.903989            0.
        7370.     0.9028114            0.
        7372.     0.9016338            0.
        7374.     0.9005544            0.
        7376.     0.8996712            0.
        7378.      0.898788            0.
        7380.     0.8982974            0.
        7382.     0.8977085            0.
        7384.     0.8969234            0.
        7386.     0.8960403            0.
        7388.     0.8951572            0.
        7390.     0.8944701            0.
        7392.     0.8936852            0.
        7394.     0.8930963            0.
        7396.     0.8925076            0.
        7398.     0.8919188            0.
        7400.     0.8912319            0.
        7402.     0.8906431            0.
        7404.     0.8901524            0.
        7406.     0.8896618            0.
        7408.      0.889073            0.
        7410.     0.8885823            0.
        7412.     0.8880916            0.
        7414.     0.8878953            0.
        7416.      0.887601            0.
        7418.     0.8872085            0.
        7420.     0.8870122            0.
        7422.     0.8866197            0.
        7424.     0.8859327            0.
        7426.     0.8855402            0.
        7428.     0.8853439            0.
        7430.     0.8850495            0.
        7432.      0.884657            0.
        7434.     0.8843626            0.
        7436.     0.8838719            0.
        7438.     0.8837739            0.
        7440.     0.8836756            0.
        7442.     0.8833814            0.
        7444.      0.883185            0.
        7446.     0.8829888            0.
        7448.     0.8827927            0.
        7450.     0.8825963            0.
        7452.     0.8824001            0.
        7454.     0.8824981            0.
        7456.     0.8824981            0.
        7458.     0.8824001            0.
        7460.     0.8823019            0.
        7462.     0.8823019            0.
        7464.     0.8823019            0.
        7466.     0.8824981            0.
        7468.     0.8827927            0.
        7470.      0.883185            0.
        7472.     0.8835776            0.
        7474.     0.8839701            0.
        7476.     0.8843626            0.
        7478.      0.884559            0.
        7480.     0.8848533            0.
        7482.     0.8854421            0.
        7484.     0.8859327            0.
        7486.     0.8866197            0.
        7488.     0.8873066            0.
        7490.     0.8880916            0.
        7492.     0.8888767            0.
        7494.      0.889858            0.
        7496.     0.8906431            0.
        7498.     0.8915262            0.
        7500.     0.8925076            0.
        7502.     0.8933907            0.
        7504.     0.8943721            0.
        7506.     0.8953533            0.
        7508.     0.8963348            0.
        7510.     0.8975122            0.
        7512.     0.8985918            0.
        7514.     0.8996712            0.
        7516.     0.9009469            0.
        7518.     0.9022225            0.
        7520.     0.9034983            0.
        7522.     0.9049703            0.
        7524.     0.9063441            0.
        7526.     0.9076199            0.
        7528.     0.9087975            0.
        7530.     0.9101713            0.
        7532.      0.911447            0.
        7534.     0.9127226            0.
        7536.     0.9139984            0.
        7538.      0.915176            0.
        7540.     0.9162554            0.
        7542.      0.917433            0.
        7544.     0.9186105            0.
        7546.     0.9198862            0.
        7548.     0.9210639            0.
        7550.     0.9222414            0.
        7552.     0.9236154            0.
        7554.     0.9247929            0.
        7556.      0.925676            0.
        7558.     0.9266574            0.
        7560.     0.9276387            0.
        7562.     0.9289145            0.
        7564.      0.930092            0.
        7566.     0.9313677            0.
        7568.     0.9324472            0.
        7570.     0.9335266            0.
        7572.     0.9348024            0.
        7574.       0.93598            0.
        7576.     0.9370593            0.
        7578.     0.9378443            0.
        7580.     0.9389238            0.
        7582.     0.9399051            0.
        7584.     0.9410827            0.
        7586.     0.9422603            0.
        7588.     0.9434378            0.
        7590.     0.9444192            0.
        7592.     0.9453025            0.
        7594.     0.9462837            0.
        7596.     0.9471669            0.
        7598.      0.947952            0.
        7600.     0.9489333            0.
        7602.     0.9499146            0.
        7604.     0.9508958            0.
        7606.     0.9517791            0.
        7608.     0.9526623            0.
        7610.     0.9533492            0.
        7612.     0.9541343            0.
        7614.     0.9550176            0.
        7616.     0.9559988            0.
        7618.     0.9566856            0.
        7620.     0.9571763            0.
        7622.     0.9575688            0.
        7624.     0.9580595            0.
        7626.     0.9585503            0.
        7628.     0.9593352            0.
        7630.     0.9598258            0.
        7632.     0.9602184            0.
        7634.     0.9606109            0.
        7636.     0.9611016            0.
        7638.     0.9615923            0.
        7640.     0.9622792            0.
        7642.     0.9628679            0.
        7644.     0.9632605            0.
        7646.     0.9633586            0.
        7648.     0.9635549            0.
        7650.     0.9638493            0.
        7652.     0.9640456            0.
        7654.     0.9640456            0.
        7656.     0.9638493            0.
        7658.     0.9635549            0.
        7660.     0.9634567            0.
        7662.     0.9635549            0.
        7664.     0.9637511            0.
        7666.     0.9638493            0.
        7668.      0.963653            0.
        7670.     0.9632605            0.
        7672.     0.9627699            0.
        7674.     0.9622792            0.
        7676.     0.9619848            0.
        7678.     0.9617885            0.
        7680.      0.961396            0.
        7682.     0.9609054            0.
        7684.     0.9604147            0.
        7686.     0.9598258            0.
        7688.     0.9589427            0.
        7690.     0.9580595            0.
        7692.     0.9572745            0.
        7694.     0.9563913            0.
        7696.     0.9557044            0.
        7698.     0.9551155            0.
        7700.     0.9543304            0.
        7702.     0.9534473            0.
        7704.     0.9526623            0.
        7706.     0.9515828            0.
        7708.      0.950209            0.
        7710.     0.9491295            0.
        7712.      0.947952            0.
        7714.       0.94648            0.
        7716.     0.9453025            0.
        7718.     0.9440267            0.
        7720.      0.942751            0.
        7722.     0.9414752            0.
        7724.     0.9403958            0.
        7726.     0.9390221            0.
        7728.     0.9376481            0.
        7730.     0.9363725            0.
        7732.     0.9349005            0.
        7734.     0.9334284            0.
        7736.     0.9319565            0.
        7738.     0.9303864            0.
        7740.     0.9288163            0.
        7742.     0.9275405            0.
        7744.     0.9263629            0.
        7746.     0.9250873            0.
        7748.     0.9236154            0.
        7750.     0.9220452            0.
        7752.     0.9202788            0.
        7754.     0.9187087            0.
        7756.     0.9172368            0.
        7758.     0.9158629            0.
        7760.     0.9144891            0.
        7762.     0.9131151            0.
        7764.     0.9116433            0.
        7766.     0.9101713            0.
        7768.     0.9087975            0.
        7770.     0.9072273            0.
        7772.     0.9056573            0.
        7774.     0.9040871            0.
        7776.     0.9026151            0.
        7778.     0.9011431            0.
        7780.      0.899573            0.
        7782.     0.8981993            0.
        7784.     0.8968254            0.
        7786.     0.8953533            0.
        7788.     0.8937833            0.
        7790.     0.8922132            0.
        7792.      0.890545            0.
        7794.     0.8887786            0.
        7796.     0.8869141            0.
        7798.     0.8850495            0.
        7800.      0.883185            0.
        7802.     0.8815169            0.
        7804.     0.8800448            0.
        7806.     0.8783767            0.
        7808.     0.8767084            0.
        7810.     0.8748439            0.
        7812.     0.8727831            0.
        7814.     0.8708205            0.
        7816.     0.8688577            0.
        7818.     0.8667971            0.
        7820.     0.8649325            0.
        7822.     0.8631662            0.
        7824.     0.8611054            0.
        7826.     0.8590446            0.
        7828.     0.8570819            0.
        7830.     0.8550212            0.
        7832.     0.8529605            0.
        7834.     0.8508998            0.
        7836.     0.8486427            0.
        7838.     0.8464839            0.
        7840.     0.8448156            0.
        7842.     0.8433436            0.
        7844.     0.8417735            0.
        7846.     0.8401052            0.
        7848.     0.8382408            0.
        7850.     0.8363763            0.
        7852.     0.8346099            0.
        7854.     0.8327454            0.
        7856.     0.8310771            0.
        7858.     0.8296051            0.
        7860.     0.8279369            0.
        7862.     0.8262687            0.
        7864.     0.8247967            0.
        7866.      0.823521            0.
        7868.     0.8223435            0.
        7870.     0.8209695            0.
        7872.     0.8197919            0.
        7874.     0.8185163            0.
        7876.     0.8171425            0.
        7878.     0.8158666            0.
        7880.     0.8148854            0.
        7882.     0.8138059            0.
        7884.     0.8127265            0.
        7886.     0.8118433            0.
        7888.     0.8108621            0.
        7890.     0.8099789            0.
        7892.     0.8091937            0.
        7894.     0.8081142            0.
        7896.      0.807133            0.
        7898.     0.8062498            0.
        7900.     0.8055629            0.
        7902.      0.804974            0.
        7904.     0.8042872            0.
        7906.     0.8031096            0.
        7908.     0.8021283            0.
        7910.     0.8013433            0.
        7912.     0.8006564            0.
        7914.     0.8000675            0.
        7916.     0.7994788            0.
        7918.     0.7988899            0.
        7920.      0.798203            0.
        7922.     0.7973198            0.
        7924.     0.7965348            0.
        7926.     0.7960442            0.
        7928.     0.7957497            0.
        7930.     0.7953572            0.
        7932.     0.7949647            0.
        7934.     0.7946703            0.
        7936.     0.7944741            0.
        7938.     0.7940814            0.
        7940.     0.7938852            0.
        7942.     0.7937871            0.
        7944.     0.7936889            0.
        7946.     0.7938852            0.
        7948.     0.7939833            0.
        7950.     0.7940814            0.
        7952.      0.794376            0.
        7954.     0.7944741            0.
        7956.     0.7945721            0.
        7958.     0.7949647            0.
        7960.     0.7956516            0.
        7962.     0.7961422            0.
        7964.     0.7966329            0.
        7966.     0.7973198            0.
        7968.     0.7983012            0.
        7970.      0.798988            0.
        7972.     0.7997731            0.
        7974.     0.8005582            0.
        7976.     0.8012451            0.
        7978.     0.8020301            0.
        7980.     0.8029133            0.
        7982.     0.8036985            0.
        7984.     0.8044835            0.
        7986.     0.8053666            0.
        7988.     0.8061516            0.
        7990.      0.807133            0.
        7992.     0.8080163            0.
        7994.     0.8088012            0.
        7996.     0.8092918            0.
        7998.       0.80939            0.
        8000.     0.8053666            0.
        8002.     0.8053666            0.
        8004.     0.8051704            0.
        8006.     0.8048761            0.
        8008.     0.8046797            0.
        8010.     0.8046797            0.
        8012.     0.8047779            0.
        8014.     0.8042872            0.
        8016.     0.8033059            0.
        8018.     0.8021283            0.
        8020.     0.8010489            0.
        8022.     0.8000675            0.
        8024.     0.7995769            0.
        8026.     0.7991843            0.
        8028.     0.7986937            0.
        8030.      0.798203            0.
        8032.     0.7978106            0.
        8034.     0.7969273            0.
        8036.     0.7957497            0.
        8038.     0.7947685            0.
        8040.     0.7938852            0.
        8042.      0.793002            0.
        8044.     0.7919226            0.
        8046.     0.7911376            0.
        8048.     0.7909412            0.
        8050.      0.790745            0.
        8052.     0.7905487            0.
        8054.     0.7904506            0.
        8056.     0.7902544            0.
        8058.       0.78996            0.
        8060.     0.7894693            0.
        8062.     0.7889787            0.
        8064.     0.7883898            0.
        8066.     0.7872122            0.
        8068.     0.7859365            0.
        8070.      0.785544            0.
        8072.     0.7856421            0.
        8074.     0.7854459            0.
        8076.     0.7847591            0.
        8078.     0.7838758            0.
        8080.     0.7826983            0.
        8082.     0.7813243            0.
        8084.     0.7793617            0.
        8086.     0.7765159            0.
        8088.     0.7732776            0.
        8090.     0.7699412            0.
        8092.     0.7666046            0.
        8094.     0.7631701            0.
        8096.     0.7593428            0.
        8098.     0.7549269            0.
        8100.     0.7503148            0.
        8102.     0.7451138            0.
        8104.     0.7390296            0.
        8106.     0.7326511            0.
        8108.       0.72588            0.
        8110.     0.7190108            0.
        8112.      0.711749            0.
        8114.      0.703604            0.
        8116.      0.695361            0.
        8118.     0.6875106            0.
        8120.     0.6797582            0.
        8122.     0.6720057            0.
        8124.     0.6638608            0.
        8126.     0.6550289            0.
        8128.     0.6456082            0.
        8130.     0.6360895            0.
        8132.     0.6265706            0.
        8134.     0.6168557            0.
        8136.     0.6069444            0.
        8138.      0.597033            0.
        8140.     0.5875143            0.
        8142.     0.5779955            0.
        8144.     0.5683787            0.
        8146.     0.5590562            0.
        8148.     0.5502243            0.
        8150.     0.5413924            0.
        8152.     0.5324624            0.
        8154.     0.5233362            0.
        8156.     0.5142099            0.
        8158.     0.5056725            0.
        8160.     0.4974294            0.
        8162.     0.4892845            0.
        8164.     0.4816302            0.
        8166.     0.4745648            0.
        8168.     0.4676955            0.
        8170.     0.4608263            0.
        8172.     0.4542515            0.
        8174.      0.447971            0.
        8176.      0.441887            0.
        8178.     0.4357046            0.
        8180.     0.4295223            0.
        8182.     0.4232419            0.
        8184.     0.4168634            0.
        8186.     0.4103866            0.
        8188.     0.4041062            0.
        8190.     0.3976296            0.
        8192.     0.3908585            0.
        8194.      0.383793            0.
        8196.     0.3764331            0.
        8198.     0.3692695            0.
        8200.      0.362204            0.
        8202.     0.3548442            0.
        8204.     0.3472879            0.
        8206.     0.3399281            0.
        8208.     0.3324701            0.
        8210.     0.3247177            0.
        8212.     0.3166709            0.
        8214.     0.3091148            0.
        8216.     0.3013624            0.
        8218.     0.2938062            0.
        8220.     0.2865445            0.
        8222.     0.2795771            0.
        8224.     0.2727079            0.
        8226.     0.2656424            0.
        8228.      0.258675            0.
        8230.     0.2520021            0.
        8232.     0.2455254            0.
        8234.     0.2393431            0.
        8236.     0.2330627            0.
        8238.     0.2268805            0.
        8240.     0.2207963            0.
        8242.     0.2147121            0.
        8244.     0.2088242            0.
        8246.     0.2032307            0.
        8248.     0.1980297            0.
        8250.     0.1927306            0.
        8252.     0.1875296            0.
        8254.     0.1820342            0.
        8256.     0.1767352            0.
        8258.     0.1716323            0.
        8260.      0.166922            0.
        8262.     0.1626042            0.
        8264.     0.1581882            0.
        8266.     0.1535761            0.
        8268.     0.1493564            0.
        8270.      0.145333            0.
        8272.     0.1414078            0.
        8274.     0.1372862            0.
        8276.     0.1330665            0.
        8278.     0.1293376            0.
        8280.      0.126001            0.
        8282.     0.1225665            0.
        8284.     0.1193281            0.
        8286.     0.1161879            0.
        8288.     0.1131459            0.
        8290.     0.1102019            0.
        8292.     0.1075523            0.
        8294.     0.1049027            0.
        8296.     0.1020569            0.
        8298.    0.09940743            0.
        8300.    0.09702279            0.
        8302.    0.09483445            0.
        8304.    0.09266573            0.
        8306.    0.09065404            0.
        8308.    0.08878954            0.
        8310.    0.08708204            0.
        8312.    0.08538438            0.
        8314.    0.08329417            0.
        8316.    0.08133153            0.
        8318.    0.07979086            0.
        8320.    0.07843664            0.
        8322.     0.0769843            0.
        8324.    0.07552213            0.
        8326.    0.07409923            0.
        8328.    0.07272539            0.
        8330.    0.07113565            0.
        8332.    0.06962442            0.
        8334.    0.06835852            0.
        8336.    0.06702393            0.
        8338.      0.065287            0.
        8340.    0.06381503            0.
        8342.    0.06278464            0.
        8344.    0.06167576            0.
        8346.    0.06037061            0.
        8348.    0.05897713            0.
        8350.    0.05779956            0.
        8352.    0.05668085            0.
        8354.    0.05549346            0.
        8356.    0.05431588            0.
        8358.    0.05308923            0.
        8360.    0.05200979            0.
        8362.    0.05102847            0.
        8364.    0.05001771            0.
        8366.    0.04864387            0.
        8368.     0.0474761            0.
        8370.    0.04653404            0.
        8372.    0.04554291            0.
        8374.    0.04443402            0.
        8376.    0.04333495            0.
        8378.    0.04245176            0.
        8380.    0.04154895            0.
        8382.    0.04068539            0.
        8384.    0.03984146            0.
        8386.     0.0389779            0.
        8388.    0.03807509            0.
        8390.    0.03736854            0.
        8392.    0.03676994            0.
        8394.     0.0360732            0.
        8396.    0.03540591            0.
        8398.    0.03456198            0.
        8400.    0.03379655            0.
        8402.    0.03316851            0.
        8404.    0.03258952            0.
        8406.    0.03203018            0.
        8408.    0.03155915            0.
        8410.    0.03098017            0.
        8412.    0.03035212            0.
        8414.    0.02970446            0.
        8416.    0.02916474            0.
        8418.    0.02866426            0.
        8420.    0.02827173            0.
        8422.     0.0278694            0.
        8424.     0.0272806            0.
        8426.    0.02674088            0.
        8428.    0.02635817            0.
        8440.     0.0231787            0.
        8450.    0.02096093            0.
        8460.    0.01925343            0.
        8470.     0.0175165            0.
        8480.     0.0161721            0.
        8490.     0.0148277            0.
        8500.    0.01376787            0.
        8510.     0.0126688            0.
        8520.    0.01180524            0.
        8530.    0.01094168            0.
        8540.    0.01021551            0.
        8550.    0.00950209            0.
        8560.   0.008927038            0.
        8570.   0.008305864            0.
        8580.   0.007805393            0.
        8590.   0.007252912            0.
        8600.   0.006817207            0.
        8610.   0.006358933            0.
        8620.   0.006013509            0.
        8630.   0.005630795            0.
        8640.   0.005335419            0.
        8650.   0.005042005            0.
        8660.   0.004806489            0.
        8670.    0.00458373            0.
        8680.   0.004334476            0.
        8690.    0.00415882            0.
        8700.   0.003939987            0.
        8710.   0.003757462            0.
        8720.   0.003577881            0.
        8730.   0.003414982            0.
        8740.   0.003255028            0.
        8750.   0.003120587            0.
        8760.   0.002993016            0.
        8770.   0.002885071            0.
        8780.   0.002778108            0.
        8790.   0.002701565            0.
        8800.   0.002587732            0.
        8810.   0.002506283            0.
        8820.   0.002389506            0.
        8830.   0.002288431            0.
        8840.   0.002167729            0.
        8850.   0.002069597            0.
        8860.    0.00196754            0.
        8870.   0.001869408            0.
        8880.   0.001765389            0.
        8890.   0.001676089            0.
        8900.   0.001593658            0.
        8910.   0.001517116            0.
        8920.   0.001435666            0.
        8930.   0.001359124            0.
        8940.    0.00128945            0.
        8950.   0.001241366            0.
        8960.   0.001182487            0.
        8970.   0.001154028            0.
        8980.   0.001108888            0.
        8990.   0.001076504            0.
        9000.    0.00102842            0.
        9010.   9.808261E-4            0.
        9020.   9.259705E-4            0.
        9030.   8.834794E-4            0.
        9040.   8.297033E-4            0.
        9050.   7.694504E-4            0.
        9060.   7.252911E-4            0.
        9070.   6.861367E-4            0.
        9080.   6.393279E-4            0.
        9090.   5.885938E-4            0.
        9100.   5.449252E-4            0.
        9110.   5.210792E-4            0.
        9120.   4.723077E-4            0.
        9130.   4.478730E-4            0.
        9140.   4.076390E-4            0.
        9150.   3.821247E-4            0.
        9160.   3.606339E-4            0.
        9170.   3.375729E-4            0.
        9180.   3.220681E-4            0.
        9190.   3.107830E-4            0.
        9200.   2.961614E-4            0.
        9210.   2.806566E-4            0.
        9220.   2.691752E-4            0.
        9230.   2.626003E-4            0.
        9240.   2.562218E-4            0.
        9250.   2.475862E-4            0.
        9260.   2.371843E-4            0.
        9270.   2.216795E-4            0.
        9280.   2.121607E-4            0.
        9290.   2.100018E-4            0.
        9300.   1.921418E-4            0.
        9310.   1.919456E-4            0.
        9320.   1.720248E-4            0.
        9330.   1.694734E-4            0.
        9340.   1.546555E-4            0.
        9350.   1.478844E-4            0.
        9360.   1.512209E-4            0.
        9370.   1.301226E-4            0.
        9380.   1.227627E-4            0.
        9390.   1.241366E-4            0.
        9400.   1.095149E-4            0.
        9410.   1.063747E-4            0.
        9420.   1.071598E-4            0.
        9430.   9.436341E-5            0.
        9440.   9.462837E-5            0.
        9450.   9.401014E-5            0.
        9460.   9.611997E-5            0.
        9470.   8.873065E-5            0.
        9480.   9.631623E-5            0.
        9490.   9.763120E-5            0.
        9500.   8.838720E-5            0.
        9510.   8.879935E-5            0.
        9520.   8.578671E-5            0.
        9530.   8.725869E-5            0.
        9540.   8.154742E-5            0.
        9550.   8.550213E-5            0.
        9560.   8.710167E-5            0.
        9570.   7.869180E-5            0.
        9580.   8.435398E-5            0.
        9590.   8.470726E-5            0.
        9600.   6.907489E-5            0.
        9610.   7.328473E-5            0.
        9620.   7.485483E-5            0.
        9630.   6.205847E-5            0.
        9640.   6.529682E-5            0.
        9650.   5.768179E-5            0.
        9660.   6.440382E-5            0.
        9670.   7.123379E-5            0.
        9680.   5.784862E-5            0.
        9690.   5.167614E-5            0.
        9700.   5.450233E-5            0.
        9710.   6.114585E-5            0.
        9720.   5.790750E-5            0.
        9730.   5.681824E-5            0.
        9740.   6.015471E-5            0.
        9750.   5.417849E-5            0.
        9760.   6.177388E-5            0.
        9770.   7.224454E-5            0.
        9780.   7.093939E-5            0.
        9790.   4.666161E-5            0.
        9800.   6.388372E-5            0.
        9810.   6.898656E-5            0.
        9820.   6.405054E-5            0.
        9830.   7.051742E-5            0.
        9840.   6.613094E-5            0.
        9850.   6.474728E-5            0.
        9860.   6.663141E-5            0.
        9870.   5.838834E-5            0.
        9880.   6.334398E-5            0.
        9890.   6.307904E-5            0.
        9900.   6.568935E-5            0.
        9910.   5.122473E-5            0.
        9920.   5.494392E-5            0.
        9930.   5.378597E-5            0.
        9940.   4.313868E-5            0.
        9950.   4.902658E-5            0.
        9960.   4.753498E-5            0.
        9970.   4.520926E-5            0.
        9980.   5.320699E-5            0.
        9990.   4.581768E-5            0.
       10000.   5.340326E-5            0.
       10010.   4.722096E-5            0.
       10020.   5.143081E-5            0.
       10030.   4.987052E-5            0.
       10040.   5.597431E-5            0.
       10050.   5.332475E-5            0.
       10060.   5.318737E-5            0.
       10070.   6.480615E-5            0.
       10080.   5.265745E-5            0.
       10090.   4.877144E-5            0.
       10100.   5.641590E-5            0.
       10110.   7.098845E-5            0.
       10120.   7.022302E-5            0.
       10130.   6.384447E-5            0.
       10140.   6.137155E-5            0.
       10150.   6.363839E-5            0.
       10160.   6.437438E-5            0.
       10170.   6.641551E-5            0.
       10180.   6.405054E-5            0.
       10190.   6.640571E-5            0.
       10200.   5.877106E-5            0.
       10210.   5.885938E-5            0.
       10220.   5.435513E-5            0.
       10230.   5.857479E-5            0.
       10240.   5.274577E-5            0.
       10250.   6.483560E-5            0.
       10260.   5.739722E-5            0.
       10270.   4.525833E-5            0.
       10280.   5.139155E-5            0.
       10290.   6.289259E-5            0.
       10300.   6.170519E-5            0.
       10310.   6.694542E-5            0.
       10320.   6.680804E-5            0.
       10330.   6.189165E-5            0.
       10340.   6.257857E-5            0.
       10350.   6.812300E-5            0.
       10360.   7.130247E-5            0.
       10370.   5.720095E-5            0.
       10380.   6.910432E-5            0.
       10390.   6.376596E-5            0.
       10400.   6.307904E-5            0.
       10410.   6.796600E-5            0.
       10420.   7.418755E-5            0.
       10430.   7.709224E-5            0.
       10440.   8.033059E-5            0.
       10450.   8.085068E-5            0.
       10460.   7.354969E-5            0.
       10470.   7.530624E-5            0.
       10480.   8.363763E-5            0.
       10490.   8.435398E-5            0.
       10500.   9.103675E-5            0.
       10510.   9.468725E-5            0.
       10520.   9.285219E-5            0.
       10530.   1.015663E-4            0.
       10540.   9.921112E-5            0.
       10550.   9.545268E-5            0.
       10560.   9.032039E-5            0.
       10570.   8.974141E-5            0.
       10580.   8.645401E-5            0.
       10590.   8.806336E-5            0.
       10600.   9.609053E-5            0.
       10610.   9.521716E-5            0.
       10620.   8.383389E-5            0.
       10630.   8.912318E-5            0.
       10640.   9.661063E-5            0.
       10650.   8.578671E-5            0.
       10660.   9.268537E-5            0.
       10670.   9.743494E-5            0.
       10680.   9.774895E-5            0.
       10690.   9.891672E-5            0.
       10700.   1.008794E-4            0.
       10710.   1.203094E-4            0.
       10720.   1.204076E-4            0.
       10730.   1.178561E-4            0.
       10740.   1.197206E-4            0.
       10750.   1.281600E-4            0.
       10760.   1.356180E-4            0.
       10770.   1.567163E-4            0.
       10780.   1.575013E-4            0.
       10790.   1.643705E-4            0.
       10800.   1.745762E-4            0.
       10810.   1.876278E-4            0.
       10820.   1.898848E-4            0.
       10830.   1.956746E-4            0.
       10840.   1.981278E-4            0.
       10850.   2.048008E-4            0.
       10860.   2.027400E-4            0.
       10870.   2.005811E-4            0.
       10880.   2.055858E-4            0.
       10890.   2.117681E-4            0.
       10900.   2.187355E-4            0.
       10910.   2.121607E-4            0.
       10920.   2.129457E-4            0.
       10930.   2.215813E-4            0.
       10940.   2.220720E-4            0.
       10950.   2.297263E-4            0.
       10960.   2.327683E-4            0.
       10970.   2.465068E-4            0.
       10980.   2.573993E-4            0.
       10990.   2.704509E-4            0.
       11000.   2.674088E-4            0.
