        1860.   7.808604E-6            0.
        1870.            0.            0.
        1880.   9.760755E-7            0.
        1890.   9.760755E-7            0.
        1900.   9.760755E-7            0.
        1910.   1.952151E-6            0.
        1920.   2.928226E-6            0.
        1930.   9.760755E-7            0.
        1940.            0.            0.
        1950.            0.            0.
        1960.   9.760755E-7            0.
        1970.            0.            0.
        1980.            0.            0.
        1990.            0.            0.
        2000.            0.            0.
        2010.            0.            0.
        2020.            0.            0.
        2030.            0.            0.
        2040.            0.            0.
        2050.            0.            0.
        2060.            0.            0.
        2070.            0.            0.
        2080.            0.            0.
        2090.            0.            0.
        2100.            0.            0.
        2110.            0.            0.
        2120.            0.            0.
        2130.            0.            0.
        2140.            0.            0.
        2150.            0.            0.
        2160.            0.            0.
        2170.            0.            0.
        2180.            0.            0.
        2190.            0.            0.
        2200.            0.            0.
        2210.            0.            0.
        2220.            0.            0.
        2230.            0.            0.
        2240.            0.            0.
        2250.            0.            0.
        2260.            0.            0.
        2270.            0.            0.
        2280.            0.            0.
        2290.            0.            0.
        2300.            0.            0.
        2310.            0.            0.
        2320.            0.            0.
        2330.            0.            0.
        2340.            0.            0.
        2350.            0.            0.
        2360.            0.            0.
        2370.            0.            0.
        2380.            0.            0.
        2390.            0.            0.
        2400.            0.            0.
        2410.            0.            0.
        2420.            0.            0.
        2430.            0.            0.
        2440.            0.            0.
        2450.            0.            0.
        2460.            0.            0.
        2470.            0.            0.
        2480.            0.            0.
        2490.            0.            0.
        2500.            0.            0.
        2510.            0.            0.
        2520.            0.            0.
        2530.            0.            0.
        2540.            0.            0.
        2550.            0.            0.
        2560.            0.            0.
        2570.            0.            0.
        2580.            0.            0.
        2590.            0.            0.
        2600.            0.            0.
        2610.            0.            0.
        2620.            0.            0.
        2630.            0.            0.
        2640.            0.            0.
        2650.            0.            0.
        2660.            0.            0.
        2670.            0.            0.
        2680.            0.            0.
        2690.            0.            0.
        2700.            0.            0.
        2710.            0.            0.
        2720.            0.            0.
        2730.            0.            0.
        2740.            0.            0.
        2750.            0.            0.
        2760.            0.            0.
        2770.            0.            0.
        2780.            0.            0.
        2790.            0.            0.
        2800.            0.            0.
        2810.            0.            0.
        2820.            0.            0.
        2830.            0.            0.
        2840.            0.            0.
        2850.            0.            0.
        2860.            0.            0.
        2870.            0.            0.
        2880.            0.            0.
        2890.            0.            0.
        2900.            0.            0.
        2910.            0.            0.
        2920.            0.            0.
        2930.            0.            0.
        2940.            0.            0.
        2950.            0.            0.
        2960.            0.            0.
        2970.            0.            0.
        2980.            0.            0.
        2990.            0.            0.
        3000.            0.            0.
        3010.            0.            0.
        3020.            0.            0.
        3030.            0.            0.
        3040.            0.            0.
        3050.            0.            0.
        3060.            0.            0.
        3070.            0.            0.
        3080.            0.            0.
        3090.            0.            0.
        3100.            0.            0.
        3110.            0.            0.
        3120.            0.            0.
        3130.            0.            0.
        3140.            0.            0.
        3150.            0.            0.
        3160.            0.            0.
        3170.            0.            0.
        3180.            0.            0.
        3190.            0.            0.
        3200.            0.            0.
        3210.            0.            0.
        3220.            0.            0.
        3230.            0.            0.
        3240.            0.            0.
        3250.            0.            0.
        3260.            0.            0.
        3270.            0.            0.
        3280.            0.            0.
        3290.            0.            0.
        3300.            0.            0.
        3310.            0.            0.
        3320.            0.            0.
        3330.            0.            0.
        3340.            0.            0.
        3350.            0.            0.
        3360.            0.            0.
        3370.            0.            0.
        3380.            0.            0.
        3390.            0.            0.
        3400.            0.            0.
        3410.            0.            0.
        3420.            0.            0.
        3430.   9.760755E-7            0.
        3440.            0.            0.
        3450.            0.            0.
        3460.   9.760755E-7            0.
        3470.            0.            0.
        3480.            0.            0.
        3490.            0.            0.
        3500.            0.            0.
        3510.            0.            0.
        3520.            0.            0.
        3530.            0.            0.
        3540.            0.            0.
        3550.            0.            0.
        3560.            0.            0.
        3570.            0.            0.
        3580.   9.760755E-7            0.
        3590.   9.760755E-7            0.
        3600.            0.            0.
        3610.            0.            0.
        3620.            0.            0.
        3630.            0.            0.
        3640.            0.            0.
        3650.            0.            0.
        3660.            0.            0.
        3670.            0.            0.
        3680.            0.            0.
        3690.            0.            0.
        3700.            0.            0.
        3710.            0.            0.
        3720.            0.            0.
        3730.            0.            0.
        3740.            0.            0.
        3750.            0.            0.
        3760.            0.            0.
        3770.            0.            0.
        3780.            0.            0.
        3790.            0.            0.
        3800.            0.            0.
        3810.            0.            0.
        3820.            0.            0.
        3830.            0.            0.
        3840.            0.            0.
        3850.            0.            0.
        3860.            0.            0.
        3870.            0.            0.
        3880.            0.            0.
        3890.            0.            0.
        3900.            0.            0.
        3910.            0.            0.
        3920.            0.            0.
        3930.            0.            0.
        3940.            0.            0.
        3950.            0.            0.
        3960.            0.            0.
        3970.            0.            0.
        3980.            0.            0.
        3990.            0.            0.
        4000.            0.            0.
        4010.            0.            0.
        4020.            0.            0.
        4030.            0.            0.
        4040.            0.            0.
        4050.            0.            0.
        4060.            0.            0.
        4070.            0.            0.
        4080.            0.            0.
        4090.            0.            0.
        4100.            0.            0.
        4110.            0.            0.
        4120.            0.            0.
        4130.            0.            0.
        4140.            0.            0.
        4150.            0.            0.
        4160.            0.            0.
        4170.            0.            0.
        4180.            0.            0.
        4190.            0.            0.
        4200.            0.            0.
        4210.            0.            0.
        4220.            0.            0.
        4230.            0.            0.
        4240.            0.            0.
        4250.            0.            0.
        4260.            0.            0.
        4270.            0.            0.
        4280.            0.            0.
        4290.            0.            0.
        4300.            0.            0.
        4310.            0.            0.
        4320.            0.            0.
        4330.            0.            0.
        4340.            0.            0.
        4350.            0.            0.
        4360.            0.            0.
        4370.            0.            0.
        4380.            0.            0.
        4390.            0.            0.
        4400.   2.928226E-6            0.
        4410.   6.832528E-6            0.
        4420.   1.073683E-5            0.
        4430.   1.171291E-5            0.
        4440.   1.073683E-5            0.
        4450.   7.808604E-6            0.
        4460.   5.856453E-6            0.
        4470.   2.928226E-6            0.
        4480.   1.952151E-6            0.
        4490.   9.760755E-7            0.
        4500.            0.            0.
        4510.            0.            0.
        4520.            0.            0.
        4530.            0.            0.
        4540.            0.            0.
        4550.            0.            0.
        4560.            0.            0.
        4570.            0.            0.
        4580.            0.            0.
        4590.            0.            0.
        4600.            0.            0.
        4610.            0.            0.
        4620.            0.            0.
        4630.            0.            0.
        4640.            0.            0.
        4650.            0.            0.
        4660.            0.            0.
        4670.            0.            0.
        4680.            0.            0.
        4690.            0.            0.
        4700.            0.            0.
        4710.            0.            0.
        4720.            0.            0.
        4730.            0.            0.
        4740.            0.            0.
        4750.            0.            0.
        4760.            0.            0.
        4770.            0.            0.
        4780.            0.            0.
        4790.            0.            0.
        4800.            0.            0.
        4810.            0.            0.
        4820.            0.            0.
        4830.            0.            0.
        4840.            0.            0.
        4850.            0.            0.
        4860.            0.            0.
        4870.            0.            0.
        4880.            0.            0.
        4890.            0.            0.
        4900.            0.            0.
        4910.            0.            0.
        4920.            0.            0.
        4930.            0.            0.
        4940.            0.            0.
        4950.            0.            0.
        4960.            0.            0.
        4970.            0.            0.
        4980.            0.            0.
        4990.            0.            0.
        5000.            0.            0.
        5010.            0.            0.
        5020.            0.            0.
        5030.            0.            0.
        5040.            0.            0.
        5050.            0.            0.
        5060.            0.            0.
        5070.            0.            0.
        5080.            0.            0.
        5090.            0.            0.
        5100.            0.            0.
        5110.            0.            0.
        5120.            0.            0.
        5130.            0.            0.
        5140.            0.            0.
        5150.            0.            0.
        5160.            0.            0.
        5170.            0.            0.
        5180.            0.            0.
        5190.            0.            0.
        5200.            0.            0.
        5210.            0.            0.
        5220.            0.            0.
        5230.            0.            0.
        5240.            0.            0.
        5250.            0.            0.
        5260.            0.            0.
        5270.            0.            0.
        5280.            0.            0.
        5290.            0.            0.
        5300.            0.            0.
        5310.            0.            0.
        5320.            0.            0.
        5330.            0.            0.
        5340.            0.            0.
        5350.            0.            0.
        5360.            0.            0.
        5370.            0.            0.
        5380.            0.            0.
        5390.            0.            0.
        5400.            0.            0.
        5410.            0.            0.
        5420.            0.            0.
        5430.            0.            0.
        5440.            0.            0.
        5450.            0.            0.
        5460.            0.            0.
        5470.            0.            0.
        5480.            0.            0.
        5490.            0.            0.
        5500.            0.            0.
        5510.            0.            0.
        5520.            0.            0.
        5530.            0.            0.
        5540.            0.            0.
        5550.            0.            0.
        5560.            0.            0.
        5570.            0.            0.
        5580.            0.            0.
        5590.            0.            0.
        5600.            0.            0.
        5610.            0.            0.
        5620.            0.            0.
        5630.            0.            0.
        5640.            0.            0.
        5650.            0.            0.
        5660.            0.            0.
        5670.            0.            0.
        5680.            0.            0.
        5690.            0.            0.
        5700.            0.            0.
        5710.            0.            0.
        5720.            0.            0.
        5730.            0.            0.
        5740.            0.            0.
        5750.            0.            0.
        5760.            0.            0.
        5770.            0.            0.
        5780.            0.            0.
        5790.            0.            0.
        5800.            0.            0.
        5810.            0.            0.
        5820.            0.            0.
        5830.            0.            0.
        5840.            0.            0.
        5850.            0.            0.
        5860.            0.            0.
        5870.            0.            0.
        5880.            0.            0.
        5890.            0.            0.
        5900.            0.            0.
        5910.            0.            0.
        5920.            0.            0.
        5930.            0.            0.
        5940.            0.            0.
        5950.            0.            0.
        5960.            0.            0.
        5970.            0.            0.
        5980.            0.            0.
        5990.            0.            0.
        6000.            0.            0.
        6010.            0.            0.
        6020.            0.            0.
        6030.            0.            0.
        6040.            0.            0.
        6050.            0.            0.
        6060.            0.            0.
        6070.            0.            0.
        6080.            0.            0.
        6090.            0.            0.
        6100.            0.            0.
        6110.            0.            0.
        6120.            0.            0.
        6130.            0.            0.
        6140.            0.            0.
        6150.            0.            0.
        6160.            0.            0.
        6170.            0.            0.
        6180.            0.            0.
        6190.            0.            0.
        6200.            0.            0.
        6210.            0.            0.
        6220.            0.            0.
        6230.            0.            0.
        6240.            0.            0.
        6250.            0.            0.
        6260.            0.            0.
        6270.            0.            0.
        6280.            0.            0.
        6290.            0.            0.
        6300.            0.            0.
        6310.            0.            0.
        6320.            0.            0.
        6330.            0.            0.
        6340.            0.            0.
        6350.            0.            0.
        6360.            0.            0.
        6370.            0.            0.
        6380.            0.            0.
        6390.            0.            0.
        6400.            0.            0.
        6410.            0.            0.
        6420.            0.            0.
        6430.            0.            0.
        6440.            0.            0.
        6450.            0.            0.
        6460.            0.            0.
        6470.            0.            0.
        6480.            0.            0.
        6490.            0.            0.
        6500.            0.            0.
        6510.            0.            0.
        6520.            0.            0.
        6530.            0.            0.
        6540.            0.            0.
        6550.            0.            0.
        6560.            0.            0.
        6570.            0.            0.
        6580.            0.            0.
        6590.            0.            0.
        6600.            0.            0.
        6610.            0.            0.
        6620.            0.            0.
        6630.            0.            0.
        6640.            0.            0.
        6650.            0.            0.
        6660.            0.            0.
        6670.            0.            0.
        6680.            0.            0.
        6690.            0.            0.
        6700.            0.            0.
        6710.            0.            0.
        6720.            0.            0.
        6730.            0.            0.
        6740.            0.            0.
        6750.            0.            0.
        6760.            0.            0.
        6770.            0.            0.
        6780.            0.            0.
        6790.            0.            0.
        6800.            0.            0.
        6810.            0.            0.
        6820.            0.            0.
        6830.            0.            0.
        6840.            0.            0.
        6850.            0.            0.
        6860.            0.            0.
        6870.            0.            0.
        6880.            0.            0.
        6890.            0.            0.
        6900.            0.            0.
        6910.            0.            0.
        6920.            0.            0.
        6930.            0.            0.
        6940.            0.            0.
        6950.            0.            0.
        6960.            0.            0.
        6970.            0.            0.
        6980.            0.            0.
        6990.   9.760755E-7            0.
        7000.   9.760755E-7            0.
        7010.   9.760755E-7            0.
        7020.   9.760755E-7            0.
        7030.   9.760755E-7            0.
        7040.   9.760755E-7            0.
        7050.   9.760755E-7            0.
        7060.   9.760755E-7            0.
        7070.   9.760755E-7            0.
        7080.   1.952151E-6            0.
        7090.   1.952151E-6            0.
        7100.   2.928226E-6            0.
        7110.   2.928226E-6            0.
        7120.   3.904302E-6            0.
        7130.   3.904302E-6            0.
        7140.   4.880377E-6            0.
        7150.   5.856453E-6            0.
        7160.   7.808604E-6            0.
        7170.   9.760754E-6            0.
        7180.   1.171291E-5            0.
        7190.   1.464113E-5            0.
        7200.   1.756936E-5            0.
        7210.   2.147366E-5            0.
        7220.   2.635404E-5            0.
        7230.   3.318657E-5            0.
        7240.   4.001909E-5            0.
        7250.   4.977985E-5            0.
        7260.   6.149276E-5            0.
        7270.   7.710996E-5            0.
        7280.   9.467932E-5            0.
        7290.   1.190812E-4            0.
        7300.   1.454352E-4            0.
        7310.   1.835022E-4            0.
        7320.   2.244974E-4            0.
        7330.   2.830619E-4            0.
        7340.   3.465068E-4            0.
        7350.   4.353297E-4            0.
        7360.   5.309851E-4            0.
        7370.   6.637313E-4            0.
        7380.   8.081905E-4            0.
        7390.   0.001011214            0.
        7400.   0.001227903            0.
        7410.    0.00152951            0.
        7420.   0.001849663            0.
        7430.   0.002288897            0.
        7440.   0.002755461            0.
        7450.   0.003395766            0.
        7460.   0.004065354            0.
        7470.   0.004971152            0.
        7480.   0.005914041            0.
        7490.    0.00718782            0.
        7500.   0.008495761            0.
        7510.    0.01024001            0.
        7520.    0.01201939            0.
        7530.      0.014361            0.
        7540.    0.01671822            0.
        7550.    0.02065766            0.
        7576.    0.02133603            0.
        7578.    0.02202026            0.
        7580.     0.0226635            0.
        7582.    0.02334675            0.
        7584.    0.02410809            0.
        7586.    0.02477182            0.
        7588.    0.02553316            0.
        7590.    0.02631402            0.
        7592.    0.02709488            0.
        7594.    0.02791478            0.
        7596.    0.02871516            0.
        7598.    0.02955459            0.
        7600.    0.03039401            0.
        7602.    0.03127248            0.
        7604.    0.03215095            0.
        7606.    0.03304894            0.
        7608.    0.03396645            0.
        7610.    0.03494253            0.
        7612.     0.0359186            0.
        7614.    0.03695324            0.
        7616.    0.03796836            0.
        7618.    0.03902252            0.
        7620.     0.0400962            0.
        7622.    0.04118941            0.
        7624.    0.04230214            0.
        7626.    0.04343438            0.
        7628.    0.04458615            0.
        7630.    0.04575744            0.
        7632.    0.04694825            0.
        7634.    0.04821715            0.
        7636.    0.04946653            0.
        7638.    0.05069638            0.
        7640.     0.0519848            0.
        7642.    0.05327322            0.
        7644.    0.05461923            0.
        7646.    0.05596719            0.
        7648.    0.05737176            0.
        7650.    0.05877829            0.
        7652.    0.06018384            0.
        7654.    0.06160891            0.
        7656.    0.06313159            0.
        7658.     0.0645957            0.
        7660.    0.06611838            0.
        7662.    0.06771914            0.
        7664.    0.06933942            0.
        7666.    0.07095873            0.
        7668.    0.07265808            0.
        7670.    0.07435645            0.
        7672.    0.07609387            0.
        7674.    0.07783031            0.
        7676.     0.0795482            0.
        7678.    0.08130611            0.
        7680.    0.08310209            0.
        7682.    0.08493613            0.
        7684.    0.08681118            0.
        7686.    0.08864523            0.
        7688.    0.09051929            0.
        7690.    0.09243239            0.
        7692.    0.09444311            0.
        7694.    0.09635622            0.
        7696.    0.09838841            0.
        7698.     0.1004186            0.
        7700.     0.1024489            0.
        7702.     0.1045377            0.
        7704.     0.1065679            0.
        7706.     0.1086567            0.
        7708.      0.110765            0.
        7710.     0.1129319            0.
        7712.     0.1151964            0.
        7714.     0.1174219            0.
        7716.     0.1196669            0.
        7718.     0.1219118            0.
        7720.     0.1242739            0.
        7722.      0.126597            0.
        7724.       0.12892            0.
        7726.     0.1313602            0.
        7728.     0.1337809            0.
        7730.     0.1361821            0.
        7732.     0.1386418            0.
        7734.     0.1411796            0.
        7736.     0.1436783            0.
        7738.     0.1461185            0.
        7740.     0.1486368            0.
        7742.     0.1511355            0.
        7744.     0.1537124            0.
        7746.     0.1562306            0.
        7748.     0.1588465            0.
        7750.     0.1613843            0.
        7752.     0.1639612            0.
        7754.     0.1666356            0.
        7756.      0.169232            0.
        7758.     0.1718869            0.
        7760.     0.1746199            0.
        7762.     0.1773724            0.
        7764.     0.1801835            0.
        7766.     0.1828775            0.
        7768.     0.1856105            0.
        7770.     0.1883826            0.
        7772.     0.1911741            0.
        7774.     0.1940633            0.
        7776.     0.1969135            0.
        7778.     0.1998612            0.
        7780.     0.2027894            0.
        7782.     0.2056396            0.
        7784.     0.2086264            0.
        7786.      0.211457            0.
        7788.     0.2144438            0.
        7790.     0.2174696            0.
        7792.     0.2204564            0.
        7794.     0.2235213            0.
        7796.     0.2263714            0.
        7798.     0.2293777            0.
        7800.     0.2324426            0.
        7802.     0.2353513            0.
        7804.     0.2384357            0.
        7806.     0.2414616            0.
        7808.     0.2444093            0.
        7810.     0.2473961            0.
        7812.     0.2505195            0.
        7814.     0.2536625            0.
        7816.     0.2567859            0.
        7818.     0.2598118            0.
        7820.     0.2627985            0.
        7822.     0.2658439            0.
        7824.     0.2689869            0.
        7826.     0.2720908            0.
        7828.     0.2752338            0.
        7830.     0.2784548            0.
        7832.     0.2816758            0.
        7834.     0.2848774            0.
        7836.     0.2880594            0.
        7838.     0.2911828            0.
        7840.     0.2943648            0.
        7842.      0.297664            0.
        7844.      0.300885            0.
        7846.     0.3042232            0.
        7848.     0.3072881            0.
        7850.     0.3104701            0.
        7852.     0.3135155            0.
        7854.     0.3166974            0.
        7856.     0.3198404            0.
        7858.     0.3230224            0.
        7860.     0.3262825            0.
        7862.     0.3294645            0.
        7864.     0.3327246            0.
        7866.     0.3358871            0.
        7868.       0.33903            0.
        7870.     0.3422121            0.
        7872.     0.3451988            0.
        7874.     0.3484394            0.
        7876.       0.35168            0.
        7878.      0.354901            0.
        7880.     0.3580635            0.
        7882.      0.361187            0.
        7884.     0.3643299            0.
        7886.     0.3676681            0.
        7888.     0.3707916            0.
        7890.     0.3740321            0.
        7892.     0.3772337            0.
        7894.     0.3805133            0.
        7896.     0.3837148            0.
        7898.     0.3868382            0.
        7900.     0.3899812            0.
        7902.     0.3931046            0.
        7904.       0.39615            0.
        7906.     0.3992734            0.
        7908.     0.4023578            0.
        7910.     0.4053251            0.
        7912.     0.4084485            0.
        7914.     0.4117282            0.
        7916.     0.4148711            0.
        7918.     0.4179165            0.
        7920.     0.4211766            0.
        7922.     0.4240267            0.
        7924.     0.4272478            0.
        7926.     0.4300784            0.
        7928.     0.4330847            0.
        7930.     0.4361495            0.
        7932.     0.4390973            0.
        7934.     0.4423574            0.
        7936.     0.4453442            0.
        7938.     0.4485067            0.
        7940.      0.451474            0.
        7942.     0.4544607            0.
        7944.     0.4575452            0.
        7946.     0.4606296            0.
        7948.     0.4633821            0.
        7950.     0.4663884            0.
        7952.     0.4692971            0.
        7954.     0.4723425            0.
        7956.     0.4753683            0.
        7958.     0.4781794            0.
        7960.     0.4811467            0.
        7962.     0.4840163            0.
        7964.      0.486964            0.
        7966.     0.4897361            0.
        7968.     0.4926839            0.
        7970.     0.4957487            0.
        7972.     0.4985988            0.
        7974.     0.5015857            0.
        7976.     0.5042211            0.
        7978.      0.506915            0.
        7980.     0.5096676            0.
        7982.     0.5124592            0.
        7984.     0.5150945            0.
        7986.     0.5176909            0.
        7988.      0.520502            0.
        7990.     0.5230984            0.
        7992.      0.525929            0.
        7994.     0.5287987            0.
        7996.     0.5314731            0.
        7998.     0.5341866            0.
        8000.     0.5507017            0.
        8002.     0.5530834            0.
        8004.     0.5552112            0.
        8006.     0.5574563            0.
        8008.     0.5598574            0.
        8010.     0.5620047            0.
        8012.     0.5644059            0.
        8014.     0.5667485            0.
        8016.      0.569052            0.
        8018.     0.5714922            0.
        8020.     0.5736396            0.
        8022.     0.5758845            0.
        8024.       0.57811            0.
        8026.      0.580433            0.
        8028.     0.5825609            0.
        8030.      0.584923            0.
        8032.     0.5868361            0.
        8034.      0.589081            0.
        8036.     0.5910527            0.
        8038.     0.5933173            0.
        8040.     0.5956793            0.
        8042.      0.598061            0.
        8044.     0.6002474            0.
        8046.     0.6028242            0.
        8048.     0.6048545            0.
        8050.     0.6072751            0.
        8052.     0.6092077            0.
        8054.     0.6115113            0.
        8056.     0.6138734            0.
        8058.     0.6161574            0.
        8060.     0.6183047            0.
        8062.     0.6205888            0.
        8064.     0.6227166            0.
        8066.     0.6252349            0.
        8068.     0.6272652            0.
        8070.     0.6296272            0.
        8072.     0.6320089            0.
        8074.     0.6339415            0.
        8076.     0.6361279            0.
        8078.      0.638451            0.
        8080.     0.6405203            0.
        8082.     0.6426481            0.
        8084.     0.6446393            0.
        8086.     0.6467085            0.
        8088.     0.6489536            0.
        8090.      0.650769            0.
        8092.     0.6525846            0.
        8094.     0.6546929            0.
        8096.     0.6566646            0.
        8098.     0.6589681            0.
        8100.     0.6609007            0.
        8102.     0.6630676            0.
        8104.     0.6650198            0.
        8106.     0.6671476            0.
        8108.     0.6690997            0.
        8110.      0.671208            0.
        8112.     0.6729259            0.
        8114.     0.6749367            0.
        8116.     0.6768498            0.
        8118.     0.6787824            0.
        8120.     0.6807932            0.
        8122.     0.6826086            0.
        8124.     0.6843851            0.
        8126.     0.6860834            0.
        8128.     0.6877037            0.
        8130.     0.6895192            0.
        8132.     0.6915495            0.
        8134.     0.6934626            0.
        8136.     0.6955124            0.
        8138.     0.6973473            0.
        8140.     0.6991239            0.
        8142.     0.7008027            0.
        8144.      0.702462            0.
        8146.     0.7040237            0.
        8148.     0.7057025            0.
        8150.     0.7073619            0.
        8152.     0.7094898            0.
        8154.     0.7111101            0.
        8156.     0.7128474            0.
        8158.     0.7145653            0.
        8160.     0.7159904            0.
        8162.     0.7172983            0.
        8164.     0.7187234            0.
        8166.     0.7200899            0.
        8168.     0.7216321            0.
        8170.       0.72335            0.
        8172.     0.7249898            0.
        8174.     0.7269419            0.
        8176.     0.7283475            0.
        8178.     0.7297335            0.
        8180.     0.7312172            0.
        8182.     0.7328375            0.
        8184.     0.7344382            0.
        8186.     0.7355119            0.
        8188.     0.7371127            0.
        8190.     0.7385573            0.
        8192.     0.7401385            0.
        8194.     0.7417197            0.
        8196.     0.7429496            0.
        8198.     0.7444137            0.
        8200.     0.7454484            0.
        8202.     0.7466002            0.
        8204.     0.7480642            0.
        8206.     0.7494307            0.
        8208.     0.7507973            0.
        8210.     0.7521442            0.
        8212.     0.7536083            0.
        8214.     0.7550529            0.
        8216.     0.7563413            0.
        8218.      0.757376            0.
        8220.     0.7586839            0.
        8222.     0.7598748            0.
        8224.     0.7612998            0.
        8226.     0.7624125            0.
        8228.     0.7636229            0.
        8230.     0.7646965            0.
        8232.     0.7655555            0.
        8234.     0.7664535            0.
        8236.     0.7677615            0.
        8238.     0.7686399            0.
        8240.     0.7699479            0.
        8242.     0.7711777            0.
        8244.     0.7724271            0.
        8246.     0.7734618            0.
        8248.     0.7745549            0.
        8250.     0.7755505            0.
        8252.     0.7767608            0.
        8254.     0.7781274            0.
        8256.     0.7791815            0.
        8258.     0.7804309            0.
        8260.     0.7812508            0.
        8262.     0.7824221            0.
        8264.     0.7831249            0.
        8266.       0.78414            0.
        8268.     0.7853699            0.
        8270.     0.7867949            0.
        8272.     0.7881419            0.
        8274.     0.7894303            0.
        8276.     0.7903478            0.
        8278.     0.7914605            0.
        8280.     0.7921829            0.
        8282.     0.7931199            0.
        8284.      0.794057            0.
        8286.     0.7951891            0.
        8288.     0.7963409            0.
        8290.     0.7974146            0.
        8292.     0.7982345            0.
        8294.     0.7990934            0.
        8296.     0.7999329            0.
        8298.     0.8007919            0.
        8300.     0.8020998            0.
        8302.     0.8035053            0.
        8304.     0.8045595            0.
        8306.     0.8057698            0.
        8308.     0.8063945            0.
        8310.     0.8074096            0.
        8312.     0.8081124            0.
        8314.     0.8088738            0.
        8316.     0.8097327            0.
        8318.     0.8109431            0.
        8320.     0.8120948            0.
        8322.     0.8130709            0.
        8324.     0.8139493            0.
        8326.      0.814535            0.
        8328.     0.8152573            0.
        8330.      0.815921            0.
        8332.     0.8169556            0.
        8334.      0.818205            0.
        8336.     0.8192006            0.
        8338.     0.8201962            0.
        8340.     0.8211333            0.
        8342.     0.8219532            0.
        8344.     0.8227145            0.
        8346.     0.8233587            0.
        8348.     0.8241786            0.
        8350.     0.8248423            0.
        8352.     0.8257208            0.
        8354.     0.8264626            0.
        8356.     0.8272825            0.
        8358.        0.8282            0.
        8360.     0.8289809            0.
        8362.      0.829547            0.
        8364.     0.8302888            0.
        8366.     0.8312259            0.
        8368.     0.8322409            0.
        8370.     0.8329828            0.
        8372.     0.8339979            0.
        8374.     0.8346812            0.
        8376.     0.8354425            0.
        8378.     0.8361453            0.
        8380.     0.8368871            0.
        8382.     0.8376485            0.
        8384.     0.8382341            0.
        8386.     0.8388783            0.
        8388.     0.8396397            0.
        8390.     0.8404791            0.
        8392.     0.8411623            0.
        8394.     0.8418065            0.
        8396.     0.8425288            0.
        8398.     0.8434268            0.
        8400.     0.8441686            0.
        8402.      0.845379            0.
        8404.     0.8456327            0.
        8406.     0.8462964            0.
        8408.     0.8468041            0.
        8410.     0.8471944            0.
        8412.     0.8478386            0.
        8414.     0.8482291            0.
        8416.     0.8488929            0.
        8418.     0.8496737            0.
        8420.     0.8501617            0.
        8422.      0.850845            0.
        8424.     0.8513135            0.
        8426.     0.8521724            0.
        8428.     0.8530314            0.
        8430.     0.8537732            0.
        8432.     0.8545151            0.
        8434.     0.8552959            0.
        8436.     0.8554911            0.
        8438.     0.8561353            0.
        8440.     0.8564867            0.
        8442.     0.8570138            0.
        8444.     0.8575603            0.
        8446.     0.8580484            0.
        8448.     0.8585365            0.
        8450.     0.8590245            0.
        8452.     0.8595126            0.
        8454.     0.8602544            0.
        8456.     0.8607424            0.
        8458.      0.861328            0.
        8460.     0.8618941            0.
        8462.     0.8627726            0.
        8464.     0.8634169            0.
        8466.     0.8641391            0.
        8468.     0.8644515            0.
        8470.     0.8652129            0.
        8472.     0.8655642            0.
        8474.      0.865818            0.
        8476.     0.8661693            0.
        8478.     0.8666379            0.
        8480.     0.8676335            0.
        8482.     0.8682777            0.
        8484.     0.8688828            0.
        8486.     0.8694295            0.
        8488.     0.8699175            0.
        8490.     0.8702884            0.
        8492.     0.8707569            0.
        8494.     0.8715768            0.
        8496.     0.8723577            0.
        8498.     0.8728458            0.
        8500.     0.8731971            0.
        8502.     0.8735095            0.
        8504.     0.8734509            0.
        8506.     0.8737047            0.
        8508.     0.8740366            0.
        8510.     0.8750712            0.
        8512.     0.8756959            0.
        8514.     0.8762425            0.
        8516.     0.8768672            0.
        8518.     0.8772966            0.
        8520.      0.877609            0.
        8522.     0.8779213            0.
        8524.     0.8785655            0.
        8526.     0.8791512            0.
        8528.     0.8796197            0.
        8530.     0.8802248            0.
        8532.     0.8805763            0.
        8534.     0.8808105            0.
        8536.     0.8813962            0.
        8538.     0.8815523            0.
        8540.     0.8819623            0.
        8542.     0.8825479            0.
        8544.     0.8827236            0.
        8546.     0.8834264            0.
        8548.     0.8839925            0.
        8550.     0.8844025            0.
        8552.     0.8847539            0.
        8554.      0.884871            0.
        8556.     0.8852809            0.
        8558.     0.8851247            0.
        8560.     0.8855738            0.
        8562.     0.8864326            0.
        8564.     0.8870574            0.
        8566.     0.8875259            0.
        8568.     0.8880725            0.
        8570.     0.8883458            0.
        8572.     0.8883849            0.
        8574.     0.8887362            0.
        8576.     0.8893609            0.
        8578.     0.8897123            0.
        8580.     0.8902394            0.
        8582.     0.8907664            0.
        8584.     0.8909031            0.
        8586.     0.8912545            0.
        8588.     0.8914106            0.
        8590.     0.8915669            0.
        8592.     0.8920158            0.
        8594.     0.8926991            0.
        8596.     0.8927577            0.
        8598.     0.8931481            0.
        8600.     0.8936557            0.
        8602.     0.8936166            0.
        8604.      0.893929            0.
        8606.     0.8947294            0.
        8608.     0.8952174            0.
        8610.     0.8956273            0.
        8612.     0.8959787            0.
        8614.     0.8963886            0.
        8616.     0.8962129            0.
        8618.      0.896701            0.
        8620.     0.8970719            0.
        8622.     0.8976966            0.
        8624.     0.8979309            0.
        8626.     0.8981066            0.
        8628.     0.8983018            0.
        8630.     0.8986922            0.
        8632.     0.8986922            0.
        8634.      0.899434            0.
        8636.     0.8998635            0.
        8638.     0.9000782            0.
        8640.     0.9004101            0.
        8642.     0.9005272            0.
        8644.     0.9007029            0.
        8646.     0.9011714            0.
        8648.     0.9014057            0.
        8650.     0.9013471            0.
        8652.     0.9018546            0.
        8654.     0.9021866            0.
        8656.     0.9026746            0.
        8658.     0.9033188            0.
        8660.     0.9033383            0.
        8662.     0.9035335            0.
        8664.     0.9035921            0.
        8666.      0.903514            0.
        8668.      0.903963            0.
        8670.     0.9045682            0.
        8672.       0.90531            0.
        8674.     0.9060128            0.
        8676.     0.9059933            0.
        8678.     0.9063837            0.
        8680.     0.9061494            0.
        8682.      0.906208            0.
        8684.     0.9065204            0.
        8686.     0.9066375            0.
        8688.     0.9070669            0.
        8690.     0.9076331            0.
        8692.     0.9076526            0.
        8694.     0.9078283            0.
        8696.     0.9077111            0.
        8698.     0.9077892            0.
        8700.     0.9083358            0.
        8702.     0.9088044            0.
        8704.     0.9094291            0.
        8706.     0.9095657            0.
        8708.     0.9096633            0.
        8710.     0.9099951            0.
        8712.     0.9102099            0.
        8714.     0.9105418            0.
        8716.     0.9104441            0.
        8718.     0.9107565            0.
        8720.     0.9109517            0.
        8722.     0.9110298            0.
        8724.     0.9114202            0.
        8726.     0.9115569            0.
        8728.     0.9123378            0.
        8730.     0.9123182            0.
        8732.     0.9126501            0.
        8734.     0.9133334            0.
        8736.     0.9139385            0.
        8738.     0.9140751            0.
        8740.     0.9141142            0.
        8742.      0.913919            0.
        8744.     0.9138409            0.
        8746.      0.914407            0.
        8748.     0.9146217            0.
        8750.     0.9150317            0.
        8752.     0.9152464            0.
        8754.     0.9158711            0.
        8756.      0.915754            0.
        8758.     0.9158126            0.
        8760.     0.9156369            0.
        8762.      0.915754            0.
        8764.      0.916203            0.
        8766.     0.9169253            0.
        8768.     0.9173352            0.
        8770.     0.9177647            0.
        8772.     0.9182723            0.
        8774.     0.9178233            0.
        8776.     0.9178233            0.
        8778.     0.9177843            0.
        8780.     0.9179209            0.
        8782.     0.9178818            0.
        8784.     0.9183894            0.
        8786.     0.9188189            0.
        8788.     0.9190922            0.
        8790.     0.9192679            0.
        8792.     0.9196193            0.
        8794.     0.9197364            0.
        8796.     0.9201463            0.
        8798.     0.9204782            0.
        8800.     0.9209272            0.
        8802.     0.9211029            0.
        8804.     0.9208881            0.
        8806.     0.9208881            0.
        8808.     0.9209858            0.
        8810.     0.9211224            0.
        8812.     0.9214348            0.
        8814.     0.9213957            0.
        8816.     0.9219424            0.
        8818.     0.9221376            0.
        8820.      0.922528            0.
        8822.     0.9228794            0.
        8824.     0.9232893            0.
        8826.     0.9231917            0.
        8828.     0.9233869            0.
        8830.     0.9233869            0.
        8832.     0.9238359            0.
        8834.     0.9244606            0.
        8836.      0.924441            0.
        8838.     0.9245777            0.
        8840.     0.9248901            0.
        8842.      0.924441            0.
        8844.      0.924812            0.
        8846.     0.9246948            0.
        8848.     0.9247534            0.
        8850.     0.9246558            0.
        8852.     0.9250658            0.
        8854.      0.925339            0.
        8856.     0.9252415            0.
        8858.       0.92571            0.
        8860.     0.9257491            0.
        8862.     0.9260223            0.
        8864.      0.926237            0.
        8866.     0.9265689            0.
        8868.     0.9265689            0.
        8870.     0.9267251            0.
        8872.      0.926608            0.
        8874.      0.926647            0.
        8876.     0.9268227            0.
        8878.      0.927057            0.
        8880.     0.9271351            0.
        8882.     0.9271936            0.
        8884.     0.9274474            0.
        8886.     0.9278768            0.
        8888.     0.9282283            0.
        8890.     0.9282869            0.
        8892.     0.9285601            0.
        8894.     0.9288529            0.
        8896.      0.928931            0.
        8898.     0.9290091            0.
        8900.     0.9290286            0.
        8902.     0.9290482            0.
        8904.     0.9287553            0.
        8906.     0.9287553            0.
        8908.     0.9290286            0.
        8910.     0.9294776            0.
        8912.     0.9302976            0.
        8914.     0.9301999            0.
        8916.     0.9301804            0.
        8918.     0.9305123            0.
        8920.     0.9310784            0.
        8922.     0.9310589            0.
        8924.     0.9309418            0.
        8926.     0.9312541            0.
        8928.     0.9313713            0.
        8930.     0.9314493            0.
        8932.      0.931625            0.
        8934.     0.9316445            0.
        8936.     0.9314297            0.
        8938.     0.9314493            0.
        8940.     0.9316445            0.
        8942.     0.9318593            0.
        8944.     0.9323083            0.
        8946.     0.9325035            0.
        8948.     0.9327378            0.
        8950.     0.9328158            0.
        8952.     0.9326792            0.
        8954.     0.9328939            0.
        8956.     0.9333038            0.
        8958.     0.9332258            0.
        8960.     0.9337333            0.
        8962.      0.933499            0.
        8964.     0.9335381            0.
        8966.      0.933382            0.
        8968.     0.9335185            0.
        8970.      0.933948            0.
        8972.     0.9340262            0.
        8974.      0.934319            0.
        8976.     0.9342213            0.
        8978.     0.9344361            0.
        8980.     0.9344947            0.
        8982.     0.9349436            0.
        8984.      0.934807            0.
        8986.     0.9351193            0.
        8988.      0.935217            0.
        8990.     0.9358221            0.
        8992.     0.9350998            0.
        8994.     0.9353731            0.
        8996.     0.9353731            0.
        8998.     0.9351974            0.
        9000.     0.9358026            0.
        9002.     0.9355684            0.
        9004.     0.9365249            0.
        9006.     0.9358807            0.
        9008.     0.9373448            0.
        9010.     0.9368958            0.
        9012.     0.9368373            0.
        9014.     0.9363882            0.
        9016.     0.9373448            0.
        9018.     0.9367787            0.
        9020.      0.937052            0.
        9022.     0.9372081            0.
        9024.      0.937052            0.
        9026.     0.9374424            0.
        9028.     0.9369153            0.
        9030.     0.9375791            0.
        9032.     0.9383599            0.
        9034.     0.9380866            0.
        9036.     0.9376181            0.
        9038.     0.9380476            0.
        9040.     0.9376181            0.
        9042.     0.9378133            0.
        9044.     0.9375791            0.
        9046.     0.9378328            0.
        9048.     0.9383599            0.
        9050.      0.938926            0.
        9052.      0.938848            0.
        9054.     0.9390432            0.
        9056.     0.9392384            0.
        9058.      0.939375            0.
        9060.     0.9391018            0.
        9062.     0.9391407            0.
        9064.     0.9390432            0.
        9066.     0.9389651            0.
        9068.     0.9392188            0.
        9070.     0.9391603            0.
        9072.     0.9390627            0.
        9074.     0.9389456            0.
        9076.     0.9395312            0.
        9078.     0.9400387            0.
        9080.     0.9406829            0.
        9082.     0.9407806            0.
        9084.     0.9404097            0.
        9086.     0.9402535            0.
        9088.     0.9402535            0.
        9090.     0.9402535            0.
        9092.     0.9402535            0.
        9094.     0.9406635            0.
        9096.     0.9410539            0.
        9098.     0.9412491            0.
        9100.      0.941093            0.
        9102.     0.9414443            0.
        9104.      0.941659            0.
        9106.     0.9418738            0.
        9108.      0.941659            0.
        9110.     0.9417957            0.
        9112.      0.942069            0.
        9114.     0.9422447            0.
        9116.     0.9422447            0.
        9118.     0.9424204            0.
        9120.     0.9423228            0.
        9122.      0.942108            0.
        9124.     0.9418933            0.
        9126.     0.9418738            0.
        9128.      0.941659            0.
        9130.     0.9421275            0.
        9132.     0.9425766            0.
        9134.     0.9431232            0.
        9136.     0.9433184            0.
        9138.     0.9433769            0.
        9140.     0.9431427            0.
        9142.     0.9431818            0.
        9144.     0.9428499            0.
        9146.     0.9426156            0.
        9148.      0.942928            0.
        9150.     0.9434745            0.
        9152.     0.9432598            0.
        9154.     0.9432989            0.
        9156.     0.9433574            0.
        9158.     0.9432794            0.
        9160.      0.943006            0.
        9162.     0.9432012            0.
        9164.     0.9435722            0.
        9166.      0.943826            0.
        9168.     0.9444702            0.
        9170.     0.9449387            0.
        9172.     0.9447435            0.
        9174.     0.9445873            0.
        9176.     0.9437674            0.
        9178.     0.9437479            0.
        9180.     0.9435526            0.
        9182.     0.9439626            0.
        9184.     0.9443921            0.
        9186.     0.9446263            0.
        9188.     0.9444311            0.
        9190.     0.9442359            0.
        9192.     0.9444506            0.
        9194.     0.9445677            0.
        9196.     0.9448215            0.
        9198.     0.9450167            0.
        9200.     0.9457195            0.
        9202.     0.9457586            0.
        9204.     0.9456804            0.
        9206.     0.9456024            0.
        9208.     0.9456804            0.
        9210.     0.9452901            0.
        9212.     0.9450363            0.
        9214.     0.9451144            0.
        9216.     0.9453486            0.
        9218.     0.9455633            0.
        9220.     0.9451925            0.
        9222.     0.9455048            0.
        9224.     0.9457781            0.
        9226.     0.9464418            0.
        9228.     0.9467151            0.
        9230.     0.9468908            0.
        9232.     0.9469103            0.
        9234.     0.9469298            0.
        9236.     0.9466566            0.
        9238.      0.946559            0.
        9240.     0.9461295            0.
        9242.     0.9466566            0.
        9244.      0.946559            0.
        9246.     0.9469298            0.
        9248.     0.9467347            0.
        9250.     0.9469884            0.
        9252.     0.9468323            0.
        9254.     0.9467737            0.
        9256.     0.9465199            0.
        9258.     0.9465394            0.
        9260.     0.9466566            0.
        9262.     0.9468713            0.
        9264.      0.947496            0.
        9266.     0.9475546            0.
        9268.     0.9477497            0.
        9270.     0.9481012            0.
        9272.     0.9479645            0.
        9274.     0.9478474            0.
        9276.     0.9480426            0.
        9278.      0.947945            0.
        9280.     0.9478669            0.
        9282.      0.947945            0.
        9284.     0.9481012            0.
        9286.     0.9480426            0.
        9288.     0.9478474            0.
        9290.     0.9481402            0.
        9292.      0.948433            0.
        9294.     0.9487649            0.
        9296.     0.9487844            0.
        9298.     0.9489796            0.
        9300.     0.9483745            0.
        9302.      0.948433            0.
        9304.     0.9482183            0.
        9306.     0.9481012            0.
        9308.     0.9483549            0.
        9310.     0.9487649            0.
        9312.     0.9484135            0.
        9314.      0.948882            0.
        9316.     0.9489015            0.
        9318.     0.9489601            0.
        9320.     0.9490381            0.
        9322.     0.9490577            0.
        9324.     0.9490577            0.
        9326.     0.9492725            0.
        9328.     0.9491162            0.
        9330.     0.9492725            0.
        9332.     0.9493115            0.
        9334.     0.9493505            0.
        9336.     0.9495653            0.
        9338.     0.9496629            0.
        9340.     0.9498581            0.
        9342.     0.9498385            0.
        9344.     0.9495457            0.
        9346.     0.9492334            0.
        9348.     0.9492139            0.
        9350.     0.9491748            0.
        9352.     0.9489796            0.
        9354.     0.9492334            0.
        9356.      0.949819            0.
        9358.     0.9503071            0.
        9360.     0.9504437            0.
        9362.     0.9509708            0.
        9364.     0.9509513            0.
        9366.     0.9510099            0.
        9368.     0.9509513            0.
        9370.     0.9505804            0.
        9372.     0.9510489            0.
        9374.     0.9509904            0.
        9376.     0.9513807            0.
        9378.     0.9517127            0.
        9380.     0.9511465            0.
        9382.     0.9511269            0.
        9384.      0.950268            0.
        9386.     0.9501119            0.
        9388.     0.9501314            0.
        9390.     0.9506584            0.
        9392.     0.9514198            0.
        9394.     0.9519469            0.
        9396.     0.9519469            0.
        9398.     0.9521812            0.
        9400.     0.9518297            0.
        9402.     0.9514589            0.
        9404.     0.9512441            0.
        9406.     0.9514198            0.
        9408.     0.9513026            0.
        9410.     0.9515564            0.
        9412.     0.9518688            0.
        9414.      0.951537            0.
        9416.     0.9516736            0.
        9418.     0.9511074            0.
        9420.     0.9511855            0.
        9422.     0.9512051            0.
        9424.     0.9515955            0.
        9426.      0.951537            0.
        9428.     0.9518297            0.
        9430.     0.9522397            0.
        9432.      0.952474            0.
        9434.     0.9522202            0.
        9436.     0.9525325            0.
        9438.     0.9521421            0.
        9440.     0.9520054            0.
        9442.     0.9521616            0.
        9444.     0.9517712            0.
        9446.     0.9523178            0.
        9448.     0.9524154            0.
        9450.     0.9526691            0.
        9452.     0.9527473            0.
        9454.     0.9530401            0.
        9456.     0.9530206            0.
        9458.     0.9530011            0.
        9460.     0.9522397            0.
        9462.     0.9522592            0.
        9464.     0.9518297            0.
        9466.     0.9517712            0.
        9468.     0.9522007            0.
        9470.      0.952435            0.
        9472.     0.9530206            0.
        9474.     0.9532939            0.
        9476.     0.9535281            0.
        9478.     0.9532743            0.
        9480.     0.9528254            0.
        9482.     0.9525716            0.
        9484.     0.9523959            0.
        9486.     0.9527668            0.
        9488.     0.9527473            0.
        9490.     0.9530987            0.
        9492.     0.9531572            0.
        9494.     0.9530792            0.
        9496.     0.9529034            0.
        9498.     0.9525716            0.
        9500.     0.9526301            0.
        9502.      0.952962            0.
        9504.     0.9532743            0.
        9506.     0.9538795            0.
        9508.     0.9541723            0.
        9510.     0.9542699            0.
        9512.     0.9546994            0.
        9514.     0.9546018            0.
        9516.     0.9546798            0.
        9518.     0.9545433            0.
        9520.     0.9539771            0.
        9522.     0.9535867            0.
        9524.     0.9533524            0.
        9526.     0.9530987            0.
        9528.      0.953411            0.
        9530.     0.9535867            0.
        9532.     0.9535867            0.
        9534.     0.9542699            0.
        9536.     0.9536843            0.
        9538.     0.9544066            0.
        9540.     0.9544066            0.
        9542.     0.9546213            0.
        9544.     0.9546018            0.
        9546.     0.9545043            0.
        9548.     0.9549922            0.
        9550.     0.9555193            0.
        9552.     0.9548165            0.
        9554.      0.954797            0.
        9556.     0.9548946            0.
        9558.     0.9552265            0.
        9560.     0.9552851            0.
        9562.     0.9541919            0.
        9564.     0.9538405            0.
        9566.     0.9541138            0.
        9568.     0.9535281            0.
        9570.     0.9539381            0.
        9572.     0.9539966            0.
        9574.     0.9544847            0.
        9576.     0.9550899            0.
        9578.     0.9554998            0.
        9580.     0.9553241            0.
        9582.     0.9557341            0.
        9584.      0.955695            0.
        9586.     0.9552265            0.
        9588.     0.9554803            0.
        9590.     0.9548556            0.
        9592.     0.9545043            0.
        9594.     0.9543676            0.
        9596.     0.9544847            0.
        9598.     0.9549532            0.
        9600.     0.9553436            0.
        9602.     0.9552265            0.
        9604.     0.9554803            0.
        9606.     0.9553436            0.
        9608.     0.9552265            0.
        9610.     0.9555779            0.
        9612.     0.9559293            0.
        9614.     0.9563197            0.
        9616.     0.9568272            0.
        9618.     0.9567102            0.
        9620.     0.9562221            0.
        9622.     0.9559683            0.
        9624.     0.9559879            0.
        9626.     0.9557731            0.
        9628.     0.9563002            0.
        9630.     0.9558707            0.
        9632.     0.9558317            0.
        9634.     0.9553631            0.
        9636.     0.9554022            0.
        9638.     0.9555193            0.
        9640.     0.9553826            0.
        9642.     0.9558707            0.
        9644.     0.9562026            0.
        9646.     0.9563978            0.
        9648.     0.9564368            0.
        9650.     0.9563197            0.
        9652.     0.9560074            0.
        9654.     0.9558707            0.
        9656.     0.9560269            0.
        9658.     0.9562416            0.
        9660.     0.9564759            0.
        9662.     0.9564954            0.
        9664.     0.9562026            0.
        9666.     0.9563197            0.
        9668.     0.9562806            0.
        9670.     0.9567102            0.
        9672.     0.9568858            0.
        9674.     0.9566321            0.
        9676.     0.9565344            0.
        9678.     0.9559879            0.
        9680.     0.9553436            0.
        9682.     0.9554217            0.
        9684.      0.955695            0.
        9686.     0.9562416            0.
        9688.     0.9568272            0.
        9690.     0.9564173            0.
        9692.     0.9566516            0.
        9694.     0.9565735            0.
        9696.     0.9562221            0.
        9698.     0.9564173            0.
        9700.     0.9568468            0.
        9702.     0.9571396            0.
        9704.     0.9567491            0.
        9706.     0.9565344            0.
        9708.     0.9563587            0.
        9710.     0.9570029            0.
        9712.     0.9570225            0.
        9714.     0.9573739            0.
        9716.      0.957081            0.
        9718.     0.9575105            0.
        9720.     0.9571982            0.
        9722.     0.9571592            0.
        9724.     0.9572763            0.
        9726.      0.957081            0.
        9728.     0.9571787            0.
        9730.     0.9566711            0.
        9732.     0.9568272            0.
        9734.     0.9570615            0.
        9736.     0.9568858            0.
        9738.     0.9571787            0.
        9740.     0.9571006            0.
        9742.     0.9574324            0.
        9744.     0.9572372            0.
        9746.      0.957491            0.
        9748.     0.9573544            0.
        9750.     0.9577448            0.
        9752.     0.9575886            0.
        9754.     0.9573739            0.
        9756.     0.9571787            0.
        9758.     0.9570225            0.
        9760.     0.9566711            0.
        9762.     0.9564759            0.
        9764.     0.9567297            0.
        9766.     0.9573348            0.
        9768.     0.9582914            0.
        9770.     0.9584085            0.
        9772.     0.9582914            0.
        9774.     0.9582914            0.
        9776.     0.9580767            0.
        9778.     0.9580572            0.
        9780.      0.958389            0.
        9782.     0.9578619            0.
        9784.     0.9569639            0.
        9786.     0.9569249            0.
        9788.     0.9569639            0.
        9790.     0.9573739            0.
        9792.       0.95794            0.
        9794.     0.9584085            0.
        9796.     0.9588965            0.
        9798.     0.9586623            0.
        9800.     0.9588185            0.
        9802.     0.9583499            0.
        9804.     0.9585647            0.
        9806.     0.9584866            0.
        9808.     0.9584475            0.
        9810.     0.9585257            0.
        9812.      0.958428            0.
        9814.     0.9582133            0.
        9816.     0.9580962            0.
        9818.     0.9578424            0.
        9820.     0.9576471            0.
        9822.     0.9581352            0.
        9824.     0.9580572            0.
        9826.     0.9582328            0.
        9828.     0.9579205            0.
        9830.     0.9578619            0.
        9832.     0.9585061            0.
        9834.     0.9586428            0.
        9836.     0.9584866            0.
        9838.     0.9589161            0.
        9840.     0.9586232            0.
        9842.     0.9587795            0.
        9844.     0.9584671            0.
        9846.     0.9587404            0.
        9848.     0.9578815            0.
        9850.     0.9575886            0.
        9852.     0.9579009            0.
        9854.     0.9576081            0.
        9856.     0.9584671            0.
        9858.     0.9587209            0.
        9860.      0.958838            0.
        9862.     0.9590722            0.
        9864.     0.9591503            0.
        9866.      0.959326            0.
        9868.     0.9594041            0.
        9870.     0.9587209            0.
        9872.     0.9586818            0.
        9874.     0.9583109            0.
        9876.     0.9581352            0.
        9878.     0.9583694            0.
        9880.     0.9584475            0.
        9882.     0.9587989            0.
        9884.     0.9589746            0.
        9886.     0.9593065            0.
        9888.     0.9591699            0.
        9890.     0.9590917            0.
        9892.      0.958838            0.
        9894.     0.9585061            0.
        9896.     0.9589161            0.
        9898.     0.9593065            0.
        9900.     0.9593846            0.
        9902.     0.9595603            0.
        9904.      0.959287            0.
        9906.     0.9590332            0.
        9908.     0.9587404            0.
        9910.     0.9588575            0.
        9912.     0.9585842            0.
        9914.     0.9589161            0.
        9916.     0.9591308            0.
        9918.     0.9586818            0.
        9920.     0.9587209            0.
        9922.     0.9592674            0.
        9924.     0.9592479            0.
        9926.     0.9590136            0.
        9928.     0.9588575            0.
        9930.     0.9590136            0.
        9932.     0.9591308            0.
        9934.     0.9591699            0.
        9936.     0.9589746            0.
        9938.     0.9590722            0.
        9940.     0.9588185            0.
        9942.     0.9584475            0.
        9944.     0.9587795            0.
        9946.     0.9586818            0.
        9948.     0.9589746            0.
        9950.     0.9588575            0.
        9952.     0.9587599            0.
        9954.     0.9587989            0.
        9956.     0.9597359            0.
        9958.     0.9598141            0.
        9960.     0.9599312            0.
        9962.     0.9596969            0.
        9964.     0.9593651            0.
        9966.     0.9592284            0.
        9968.     0.9594627            0.
        9970.     0.9590136            0.
        9972.     0.9588965            0.
        9974.     0.9591503            0.
        9976.     0.9589551            0.
        9978.     0.9586428            0.
        9980.     0.9590332            0.
        9982.     0.9589551            0.
        9984.     0.9590722            0.
        9986.      0.959287            0.
        9988.     0.9594237            0.
        9990.     0.9591699            0.
        9992.     0.9587795            0.
        9994.     0.9582914            0.
        9996.     0.9588185            0.
        9998.     0.9588965            0.
       10000.     0.9587404            0.
       10002.     0.9590722            0.
       10004.     0.9589746            0.
       10006.     0.9590332            0.
       10008.     0.9594237            0.
       10010.     0.9591113            0.
       10012.     0.9587989            0.
       10014.     0.9587795            0.
       10016.     0.9591308            0.
       10018.     0.9592284            0.
       10020.     0.9591503            0.
       10022.     0.9589551            0.
       10024.     0.9585061            0.
       10026.     0.9586818            0.
       10028.     0.9588965            0.
       10030.     0.9587795            0.
       10032.     0.9590722            0.
       10034.     0.9587989            0.
       10036.     0.9579595            0.
       10038.     0.9582133            0.
       10040.     0.9585842            0.
       10042.     0.9591113            0.
       10044.     0.9587599            0.
       10046.     0.9589161            0.
       10048.     0.9582133            0.
       10050.     0.9583109            0.
       10052.     0.9581547            0.
       10054.     0.9579986            0.
       10056.     0.9583304            0.
       10058.     0.9586623            0.
       10060.      0.958877            0.
       10062.     0.9592479            0.
       10064.     0.9589746            0.
       10066.     0.9587014            0.
       10068.     0.9590332            0.
       10070.     0.9587795            0.
       10072.     0.9587599            0.
       10074.     0.9591113            0.
       10076.     0.9592284            0.
       10078.     0.9589356            0.
       10080.     0.9589746            0.
       10082.     0.9589551            0.
       10084.     0.9587795            0.
       10086.     0.9588185            0.
       10088.     0.9591699            0.
       10090.     0.9594627            0.
       10092.     0.9596188            0.
       10094.     0.9598531            0.
       10096.     0.9597164            0.
       10098.     0.9596969            0.
       10100.     0.9591699            0.
       10102.     0.9589161            0.
       10104.     0.9589746            0.
       10106.     0.9589356            0.
       10108.      0.958877            0.
       10110.     0.9592089            0.
       10112.     0.9584475            0.
       10114.     0.9587989            0.
       10116.     0.9589551            0.
       10118.     0.9584866            0.
       10120.     0.9589356            0.
       10122.     0.9586037            0.
       10124.      0.958877            0.
       10126.     0.9585842            0.
       10128.     0.9585451            0.
       10130.     0.9586428            0.
       10132.      0.958838            0.
       10134.     0.9589161            0.
       10136.     0.9588185            0.
       10138.     0.9586037            0.
       10140.     0.9582523            0.
       10142.     0.9584085            0.
       10144.      0.958877            0.
       10146.     0.9589551            0.
       10148.     0.9591503            0.
       10150.     0.9590722            0.
       10152.     0.9594041            0.
       10154.     0.9590917            0.
       10156.      0.958838            0.
       10158.     0.9586623            0.
       10160.     0.9584671            0.
       10162.     0.9584475            0.
       10164.     0.9585842            0.
       10166.     0.9585842            0.
       10168.     0.9592479            0.
       10170.     0.9594822            0.
       10172.     0.9592479            0.
       10174.     0.9594627            0.
       10176.     0.9591308            0.
       10178.     0.9590917            0.
       10180.     0.9591503            0.
       10182.     0.9587014            0.
       10184.     0.9587599            0.
       10186.     0.9581742            0.
       10188.     0.9579009            0.
       10190.     0.9579595            0.
       10192.     0.9581547            0.
       10194.     0.9582914            0.
       10196.     0.9580767            0.
       10198.     0.9585257            0.
       10200.     0.9582133            0.
       10202.     0.9579205            0.
       10204.     0.9582914            0.
       10206.     0.9581547            0.
       10208.     0.9583499            0.
       10210.     0.9587014            0.
       10212.     0.9589942            0.
       10214.      0.958877            0.
       10216.     0.9588575            0.
       10218.     0.9584866            0.
       10220.     0.9580767            0.
       10222.     0.9580767            0.
       10224.     0.9581157            0.
       10226.     0.9581157            0.
       10228.     0.9577643            0.
       10230.     0.9576081            0.
       10232.     0.9578619            0.
       10234.     0.9585842            0.
       10236.     0.9584475            0.
       10238.     0.9586428            0.
       10240.     0.9590332            0.
       10242.     0.9590527            0.
       10244.     0.9586818            0.
       10246.      0.958428            0.
       10248.     0.9577643            0.
       10250.     0.9578424            0.
       10252.     0.9577643            0.
       10254.     0.9575105            0.
       10256.     0.9578229            0.
       10258.     0.9577838            0.
       10260.     0.9577643            0.
       10262.     0.9580572            0.
       10264.     0.9580376            0.
       10266.     0.9581547            0.
       10268.     0.9580572            0.
       10270.     0.9583304            0.
       10272.     0.9579986            0.
       10274.     0.9582523            0.
       10276.     0.9583304            0.
       10278.     0.9579205            0.
       10280.     0.9578815            0.
       10282.     0.9580376            0.
       10284.     0.9577448            0.
       10286.     0.9577252            0.
       10288.     0.9576081            0.
       10290.     0.9572372            0.
       10292.     0.9574519            0.
       10294.     0.9568077            0.
       10296.     0.9570615            0.
       10298.     0.9579986            0.
       10300.     0.9581352            0.
       10302.     0.9585061            0.
       10304.     0.9579205            0.
       10306.     0.9574714            0.
       10308.     0.9572958            0.
       10310.     0.9572567            0.
       10312.     0.9569444            0.
       10314.     0.9568663            0.
       10316.     0.9571396            0.
       10318.     0.9571982            0.
       10320.     0.9575495            0.
       10322.     0.9571982            0.
       10324.     0.9568468            0.
       10326.     0.9572763            0.
       10328.     0.9572177            0.
       10330.     0.9568858            0.
       10332.     0.9567297            0.
       10334.     0.9568468            0.
       10336.      0.957081            0.
       10338.     0.9568858            0.
       10340.     0.9565344            0.
       10342.     0.9566321            0.
       10344.     0.9572177            0.
       10346.     0.9576471            0.
       10348.     0.9573544            0.
       10350.     0.9571201            0.
       10352.     0.9580767            0.
       10354.     0.9578424            0.
       10356.     0.9581352            0.
       10358.     0.9572567            0.
       10360.     0.9573153            0.
       10362.     0.9571787            0.
       10364.     0.9566516            0.
       10366.     0.9564759            0.
       10368.     0.9567491            0.
       10370.     0.9565344            0.
       10372.     0.9570029            0.
       10374.     0.9570225            0.
       10376.      0.957081            0.
       10378.     0.9569639            0.
       10380.     0.9568858            0.
       10382.     0.9568272            0.
       10384.     0.9568272            0.
       10386.     0.9569053            0.
       10388.     0.9564368            0.
       10390.     0.9563783            0.
       10392.     0.9564173            0.
       10394.     0.9563392            0.
       10396.     0.9562221            0.
       10398.     0.9564759            0.
       10400.     0.9564759            0.
       10402.      0.956554            0.
       10404.     0.9568272            0.
       10406.     0.9565735            0.
       10408.     0.9566906            0.
       10410.     0.9562806            0.
       10412.     0.9557341            0.
       10414.     0.9557731            0.
       10416.     0.9558317            0.
       10418.     0.9555584            0.
       10420.     0.9560269            0.
       10422.     0.9561245            0.
       10424.      0.956554            0.
       10426.     0.9568858            0.
       10428.     0.9565735            0.
       10430.     0.9565735            0.
       10432.     0.9567882            0.
       10434.     0.9563783            0.
       10436.     0.9563978            0.
       10438.     0.9563587            0.
       10440.     0.9563587            0.
       10442.      0.956183            0.
       10444.      0.956144            0.
       10446.     0.9558512            0.
       10448.     0.9562221            0.
       10450.     0.9566906            0.
       10452.     0.9571396            0.
       10454.     0.9568663            0.
       10456.      0.956593            0.
       10458.     0.9564954            0.
       10460.     0.9561245            0.
       10462.     0.9558512            0.
       10464.     0.9559683            0.
       10466.     0.9559879            0.
       10468.     0.9560464            0.
       10470.     0.9555388            0.
       10472.     0.9553631            0.
       10474.     0.9555779            0.
       10476.     0.9557926            0.
       10478.      0.955617            0.
       10480.     0.9559879            0.
       10482.     0.9559879            0.
       10484.     0.9557536            0.
       10486.     0.9558707            0.
       10488.     0.9558317            0.
       10490.     0.9558122            0.
       10492.     0.9561245            0.
       10494.     0.9558512            0.
       10496.     0.9566711            0.
       10498.     0.9566321            0.
       10500.     0.9557731            0.
       10502.     0.9557341            0.
       10504.     0.9555779            0.
       10506.     0.9554412            0.
       10508.     0.9555779            0.
       10510.     0.9557926            0.
       10512.      0.956183            0.
       10514.     0.9560269            0.
       10516.     0.9558512            0.
       10518.     0.9554998            0.
       10520.     0.9555779            0.
       10522.     0.9550703            0.
       10524.     0.9545433            0.
       10526.     0.9547775            0.
       10528.     0.9548165            0.
       10530.     0.9550118            0.
       10532.     0.9549922            0.
       10534.     0.9553631            0.
       10536.     0.9554607            0.
       10538.     0.9546994            0.
       10540.     0.9554607            0.
       10542.     0.9549922            0.
       10544.     0.9550508            0.
       10546.     0.9549727            0.
       10548.      0.954348            0.
       10550.     0.9542309            0.
       10552.     0.9539966            0.
       10554.     0.9539185            0.
       10556.      0.954309            0.
       10558.     0.9540161            0.
       10560.     0.9537819            0.
       10562.       0.95386            0.
       10564.     0.9536843            0.
       10566.     0.9536843            0.
       10568.     0.9535477            0.
       10570.     0.9538209            0.
       10572.     0.9540942            0.
       10574.     0.9544652            0.
       10576.     0.9542699            0.
       10578.     0.9542504            0.
       10580.     0.9537819            0.
       10582.     0.9539576            0.
       10584.     0.9538015            0.
       10586.     0.9537624            0.
       10588.     0.9540356            0.
       10590.     0.9539966            0.
       10592.     0.9537429            0.
       10594.     0.9539771            0.
       10596.     0.9540747            0.
       10598.     0.9542309            0.
       10600.     0.9539771            0.
       10602.     0.9535671            0.
       10604.     0.9536648            0.
       10606.     0.9532939            0.
       10608.     0.9531182            0.
       10610.     0.9530401            0.
       10612.     0.9526301            0.
       10614.     0.9533524            0.
       10616.     0.9533524            0.
       10618.       0.95345            0.
       10620.     0.9535671            0.
       10622.     0.9530792            0.
       10624.     0.9536843            0.
       10626.     0.9532353            0.
       10628.     0.9539381            0.
       10630.     0.9534305            0.
       10632.      0.953411            0.
       10634.     0.9522983            0.
       10636.     0.9521421            0.
       10638.     0.9521812            0.
       10640.     0.9520054            0.
       10642.     0.9522202            0.
       10644.     0.9521031            0.
       10646.     0.9530792            0.
       10648.     0.9531572            0.
       10650.     0.9529034            0.
       10652.     0.9532939            0.
       10654.     0.9530596            0.
       10656.     0.9530987            0.
       10658.     0.9535086            0.
       10660.     0.9528644            0.
       10662.     0.9527668            0.
       10664.     0.9523764            0.
       10666.     0.9522202            0.
       10668.     0.9521421            0.
       10670.     0.9522592            0.
       10672.     0.9519274            0.
       10674.     0.9518883            0.
       10676.     0.9517517            0.
       10678.     0.9514003            0.
       10680.     0.9519469            0.
       10682.     0.9518688            0.
       10684.     0.9519859            0.
       10686.     0.9523569            0.
       10688.     0.9524154            0.
       10690.     0.9524154            0.
       10692.     0.9522202            0.
       10694.     0.9518492            0.
       10696.      0.952064            0.
       10698.      0.951576            0.
       10700.     0.9517517            0.
       10702.      0.951576            0.
       10704.     0.9513612            0.
       10706.     0.9510294            0.
       10708.     0.9511465            0.
       10710.     0.9509318            0.
       10712.     0.9509708            0.
       10714.     0.9512246            0.
       10716.      0.951537            0.
       10718.     0.9518688            0.
       10720.     0.9518492            0.
       10722.      0.951576            0.
       10724.      0.951537            0.
       10726.     0.9518102            0.
       10728.     0.9518297            0.
       10730.     0.9515174            0.
       10732.     0.9513612            0.
       10734.     0.9514393            0.
       10736.     0.9511269            0.
       10738.     0.9505999            0.
       10740.     0.9505023            0.
       10742.     0.9509904            0.
       10744.     0.9505999            0.
       10746.     0.9508342            0.
       10748.     0.9510489            0.
       10750.     0.9513612            0.
       10752.     0.9516346            0.
       10754.     0.9515174            0.
       10756.     0.9509318            0.
       10758.     0.9507561            0.
       10760.     0.9505023            0.
       10762.     0.9496629            0.
       10764.      0.949331            0.
       10766.     0.9496824            0.
       10768.     0.9492139            0.
       10770.     0.9495457            0.
       10772.     0.9497604            0.
       10774.     0.9501314            0.
       10776.     0.9501509            0.
       10778.     0.9502095            0.
       10780.     0.9500924            0.
       10782.     0.9498385            0.
       10784.     0.9503071            0.
       10786.     0.9500142            0.
       10788.     0.9499557            0.
       10790.     0.9501705            0.
       10792.     0.9497995            0.
       10794.     0.9495653            0.
       10796.     0.9491748            0.
       10798.     0.9487454            0.
       10800.     0.9492725            0.
       10802.     0.9490381            0.
       10804.     0.9487649            0.
       10806.     0.9489601            0.
       10808.     0.9490381            0.
       10810.     0.9495067            0.
       10812.     0.9488625            0.
       10814.     0.9490967            0.
       10816.     0.9492919            0.
       10818.     0.9490577            0.
       10820.     0.9487454            0.
       10822.     0.9487844            0.
       10824.     0.9486477            0.
       10826.     0.9485502            0.
       10828.     0.9481988            0.
       10830.     0.9477693            0.
       10832.     0.9478474            0.
       10834.     0.9481988            0.
       10836.     0.9483159            0.
       10838.     0.9487258            0.
       10840.     0.9487844            0.
       10842.     0.9486673            0.
       10844.     0.9482963            0.
       10846.     0.9486282            0.
       10848.     0.9481012            0.
       10850.     0.9477888            0.
       10852.     0.9476326            0.
       10854.      0.947906            0.
       10856.     0.9481402            0.
       10858.     0.9482963            0.
       10860.     0.9480621            0.
       10862.     0.9483159            0.
       10864.     0.9481012            0.
       10866.     0.9483159            0.
       10868.     0.9484525            0.
       10870.     0.9480426            0.
       10872.     0.9480035            0.
       10874.     0.9478083            0.
       10876.     0.9476326            0.
       10878.     0.9472227            0.
       10880.     0.9473203            0.
       10882.     0.9468127            0.
       10884.     0.9468908            0.
       10886.     0.9466956            0.
       10888.     0.9472618            0.
       10890.     0.9475155            0.
       10892.      0.947535            0.
       10894.     0.9483549            0.
       10896.     0.9478083            0.
       10898.     0.9473984            0.
       10900.     0.9469884            0.
       10902.     0.9469494            0.
       10904.     0.9462856            0.
       10906.     0.9464223            0.
       10908.     0.9461491            0.
       10910.     0.9462075            0.
       10912.     0.9462661            0.
       10914.     0.9462856            0.
       10916.     0.9464809            0.
       10918.     0.9460514            0.
       10920.     0.9460709            0.
       10922.     0.9461491            0.
       10924.     0.9460124            0.
       10926.     0.9462466            0.
       10928.     0.9463246            0.
       10930.     0.9465199            0.
       10932.     0.9463442            0.
       10934.     0.9459733            0.
       10936.     0.9456804            0.
       10938.     0.9453096            0.
       10940.     0.9453291            0.
       10942.     0.9449387            0.
       10944.     0.9453291            0.
       10946.     0.9455633            0.
       10948.     0.9456024            0.
       10950.     0.9458757            0.
       10952.     0.9456219            0.
       10954.     0.9455048            0.
       10956.     0.9456024            0.
       10958.     0.9455829            0.
       10960.     0.9451144            0.
       10962.     0.9447629            0.
       10964.     0.9446263            0.
       10966.     0.9444116            0.
       10968.     0.9444702            0.
       10970.      0.944353            0.
       10972.     0.9445482            0.
       10974.     0.9441382            0.
       10976.     0.9441382            0.
       10978.     0.9443921            0.
       10980.     0.9447044            0.
       10982.     0.9445873            0.
       10984.     0.9445482            0.
       10986.     0.9447824            0.
       10988.      0.944353            0.
       10990.     0.9439626            0.
       10992.     0.9436502            0.
       10994.     0.9433574            0.
       10996.     0.9431037            0.
       10998.     0.9423228            0.
       11000.     0.9431037            0.
