         100.            0.            0.
        1860.   1.000000E-5            0.
        1870.            0.            0.
        1880.            0.            0.
        1890.            0.            0.
        1900.            0.            0.
        1910.            0.            0.
        1920.            0.            0.
        1930.            0.            0.
        1940.            0.            0.
        1950.            0.            0.
        1960.            0.            0.
        1970.            0.            0.
        1980.            0.            0.
        1990.            0.            0.
        2000.            0.            0.
        2010.            0.            0.
        2020.            0.            0.
        2030.            0.            0.
        2040.            0.            0.
        2050.            0.            0.
        2060.            0.            0.
        2070.            0.            0.
        2080.            0.            0.
        2090.            0.            0.
        2100.            0.            0.
        2110.            0.            0.
        2120.            0.            0.
        2130.            0.            0.
        2140.            0.            0.
        2150.            0.            0.
        2160.            0.            0.
        2170.            0.            0.
        2180.            0.            0.
        2190.            0.            0.
        2200.            0.            0.
        2210.            0.            0.
        2220.            0.            0.
        2230.            0.            0.
        2240.            0.            0.
        2250.            0.            0.
        2260.            0.            0.
        2270.            0.            0.
        2280.            0.            0.
        2290.            0.            0.
        2300.            0.            0.
        2310.            0.            0.
        2320.            0.            0.
        2330.            0.            0.
        2340.            0.            0.
        2350.            0.            0.
        2360.            0.            0.
        2370.            0.            0.
        2380.            0.            0.
        2390.            0.            0.
        2400.            0.            0.
        2410.            0.            0.
        2420.            0.            0.
        2430.            0.            0.
        2440.            0.            0.
        2450.            0.            0.
        2460.            0.            0.
        2470.            0.            0.
        2480.            0.            0.
        2490.            0.            0.
        2500.            0.            0.
        2510.            0.            0.
        2520.            0.            0.
        2530.            0.            0.
        2540.            0.            0.
        2550.            0.            0.
        2560.            0.            0.
        2570.            0.            0.
        2580.            0.            0.
        2590.            0.            0.
        2600.            0.            0.
        2610.            0.            0.
        2620.            0.            0.
        2630.            0.            0.
        2640.            0.            0.
        2650.            0.            0.
        2660.            0.            0.
        2670.            0.            0.
        2680.            0.            0.
        2690.            0.            0.
        2700.            0.            0.
        2710.            0.            0.
        2720.            0.            0.
        2730.            0.            0.
        2740.            0.            0.
        2750.            0.            0.
        2760.            0.            0.
        2770.            0.            0.
        2780.            0.            0.
        2790.            0.            0.
        2800.            0.            0.
        2810.            0.            0.
        2820.            0.            0.
        2830.            0.            0.
        2840.            0.            0.
        2850.            0.            0.
        2860.            0.            0.
        2870.            0.            0.
        2880.            0.            0.
        2890.            0.            0.
        2900.            0.            0.
        2910.            0.            0.
        2920.            0.            0.
        2930.            0.            0.
        2940.            0.            0.
        2950.            0.            0.
        2960.            0.            0.
        2970.            0.            0.
        2980.            0.            0.
        2990.            0.            0.
        3000.            0.            0.
        3010.            0.            0.
        3020.            0.            0.
        3030.            0.            0.
        3040.            0.            0.
        3050.            0.            0.
        3060.            0.            0.
        3070.            0.            0.
        3080.            0.            0.
        3090.            0.            0.
        3100.            0.            0.
        3110.            0.            0.
        3120.            0.            0.
        3130.            0.            0.
        3140.            0.            0.
        3150.            0.            0.
        3160.            0.            0.
        3170.            0.            0.
        3180.            0.            0.
        3190.            0.            0.
        3200.            0.            0.
        3210.            0.            0.
        3220.            0.            0.
        3230.            0.            0.
        3240.            0.            0.
        3250.            0.            0.
        3260.            0.            0.
        3270.            0.            0.
        3280.            0.            0.
        3290.            0.            0.
        3300.            0.            0.
        3310.            0.            0.
        3320.            0.            0.
        3330.            0.            0.
        3340.            0.            0.
        3350.            0.            0.
        3360.            0.            0.
        3370.            0.            0.
        3380.            0.            0.
        3390.            0.            0.
        3400.            0.            0.
        3410.            0.            0.
        3420.            0.            0.
        3430.            0.            0.
        3440.            0.            0.
        3450.            0.            0.
        3460.            0.            0.
        3470.            0.            0.
        3480.            0.            0.
        3490.            0.            0.
        3500.            0.            0.
        3510.            0.            0.
        3520.            0.            0.
        3530.            0.            0.
        3540.            0.            0.
        3550.            0.            0.
        3560.            0.            0.
        3570.            0.            0.
        3580.            0.            0.
        3590.            0.            0.
        3600.            0.            0.
        3610.            0.            0.
        3620.            0.            0.
        3630.            0.            0.
        3640.            0.            0.
        3650.            0.            0.
        3660.            0.            0.
        3670.            0.            0.
        3680.            0.            0.
        3690.            0.            0.
        3700.            0.            0.
        3710.            0.            0.
        3720.            0.            0.
        3730.            0.            0.
        3740.            0.            0.
        3750.            0.            0.
        3760.            0.            0.
        3770.            0.            0.
        3780.            0.            0.
        3790.            0.            0.
        3800.            0.            0.
        3810.            0.            0.
        3820.            0.            0.
        3830.            0.            0.
        3840.            0.            0.
        3850.            0.            0.
        3860.            0.            0.
        3870.            0.            0.
        3880.            0.            0.
        3890.            0.            0.
        3900.            0.            0.
        3910.            0.            0.
        3920.            0.            0.
        3930.            0.            0.
        3940.            0.            0.
        3950.            0.            0.
        3960.            0.            0.
        3970.            0.            0.
        3980.            0.            0.
        3990.            0.            0.
        4000.            0.            0.
        4010.            0.            0.
        4020.            0.            0.
        4030.            0.            0.
        4040.            0.            0.
        4050.            0.            0.
        4060.            0.            0.
        4070.            0.            0.
        4080.            0.            0.
        4090.            0.            0.
        4100.            0.            0.
        4110.            0.            0.
        4120.            0.            0.
        4130.            0.            0.
        4140.            0.            0.
        4150.            0.            0.
        4160.            0.            0.
        4170.            0.            0.
        4180.            0.            0.
        4190.            0.            0.
        4200.            0.            0.
        4210.            0.            0.
        4220.            0.            0.
        4230.            0.            0.
        4240.            0.            0.
        4250.            0.            0.
        4260.            0.            0.
        4270.            0.            0.
        4280.            0.            0.
        4290.            0.            0.
        4300.            0.            0.
        4310.            0.            0.
        4320.            0.            0.
        4330.            0.            0.
        4340.            0.            0.
        4350.            0.            0.
        4360.            0.            0.
        4370.            0.            0.
        4380.            0.            0.
        4390.            0.            0.
        4400.            0.            0.
        4410.   1.000000E-5            0.
        4420.   1.000000E-5            0.
        4430.   1.000000E-5            0.
        4440.   1.000000E-5            0.
        4450.   1.000000E-5            0.
        4460.   1.000000E-5            0.
        4470.            0.            0.
        4480.            0.            0.
        4490.            0.            0.
        4500.            0.            0.
        4510.            0.            0.
        4520.            0.            0.
        4530.            0.            0.
        4540.            0.            0.
        4550.            0.            0.
        4560.            0.            0.
        4570.            0.            0.
        4580.            0.            0.
        4590.            0.            0.
        4600.            0.            0.
        4610.            0.            0.
        4620.            0.            0.
        4630.            0.            0.
        4640.            0.            0.
        4650.            0.            0.
        4660.            0.            0.
        4670.            0.            0.
        4680.            0.            0.
        4690.            0.            0.
        4700.            0.            0.
        4710.            0.            0.
        4720.            0.            0.
        4730.            0.            0.
        4740.            0.            0.
        4750.            0.            0.
        4760.            0.            0.
        4770.            0.            0.
        4780.            0.            0.
        4790.            0.            0.
        4800.            0.            0.
        4810.            0.            0.
        4820.            0.            0.
        4830.            0.            0.
        4840.            0.            0.
        4850.            0.            0.
        4860.            0.            0.
        4870.            0.            0.
        4880.            0.            0.
        4890.            0.            0.
        4900.            0.            0.
        4910.            0.            0.
        4920.            0.            0.
        4930.            0.            0.
        4940.            0.            0.
        4950.            0.            0.
        4960.            0.            0.
        4970.            0.            0.
        4980.            0.            0.
        4990.            0.            0.
        5000.            0.            0.
        5010.            0.            0.
        5020.            0.            0.
        5030.            0.            0.
        5040.            0.            0.
        5050.            0.            0.
        5060.            0.            0.
        5070.            0.            0.
        5080.            0.            0.
        5090.            0.            0.
        5100.            0.            0.
        5110.            0.            0.
        5120.            0.            0.
        5130.            0.            0.
        5140.            0.            0.
        5150.            0.            0.
        5160.            0.            0.
        5170.            0.            0.
        5180.            0.            0.
        5190.            0.            0.
        5200.            0.            0.
        5210.            0.            0.
        5220.            0.            0.
        5230.            0.            0.
        5240.            0.            0.
        5250.            0.            0.
        5260.            0.            0.
        5270.            0.            0.
        5280.            0.            0.
        5290.            0.            0.
        5300.            0.            0.
        5310.            0.            0.
        5320.            0.            0.
        5330.            0.            0.
        5340.            0.            0.
        5350.            0.            0.
        5360.            0.            0.
        5370.            0.            0.
        5380.            0.            0.
        5390.            0.            0.
        5400.            0.            0.
        5410.            0.            0.
        5420.            0.            0.
        5430.            0.            0.
        5440.            0.            0.
        5450.            0.            0.
        5460.            0.            0.
        5470.            0.            0.
        5480.            0.            0.
        5490.            0.            0.
        5500.            0.            0.
        5510.            0.            0.
        5520.            0.            0.
        5530.            0.            0.
        5540.            0.            0.
        5550.            0.            0.
        5560.            0.            0.
        5570.            0.            0.
        5580.            0.            0.
        5590.            0.            0.
        5600.            0.            0.
        5610.            0.            0.
        5620.            0.            0.
        5630.            0.            0.
        5640.            0.            0.
        5650.            0.            0.
        5660.            0.            0.
        5670.            0.            0.
        5680.            0.            0.
        5690.            0.            0.
        5700.            0.            0.
        5710.            0.            0.
        5720.            0.            0.
        5730.            0.            0.
        5740.            0.            0.
        5750.            0.            0.
        5760.            0.            0.
        5770.            0.            0.
        5780.            0.            0.
        5790.            0.            0.
        5800.            0.            0.
        5810.            0.            0.
        5820.            0.            0.
        5830.            0.            0.
        5840.            0.            0.
        5850.            0.            0.
        5860.            0.            0.
        5870.            0.            0.
        5880.            0.            0.
        5890.            0.            0.
        5900.            0.            0.
        5910.            0.            0.
        5920.            0.            0.
        5930.            0.            0.
        5940.            0.            0.
        5950.            0.            0.
        5960.            0.            0.
        5970.            0.            0.
        5980.            0.            0.
        5990.            0.            0.
        6000.            0.            0.
        6010.            0.            0.
        6020.            0.            0.
        6030.            0.            0.
        6040.            0.            0.
        6050.            0.            0.
        6060.            0.            0.
        6070.            0.            0.
        6080.            0.            0.
        6090.            0.            0.
        6100.            0.            0.
        6110.            0.            0.
        6120.            0.            0.
        6130.            0.            0.
        6140.            0.            0.
        6150.            0.            0.
        6160.            0.            0.
        6170.            0.            0.
        6180.            0.            0.
        6190.            0.            0.
        6200.            0.            0.
        6210.            0.            0.
        6220.            0.            0.
        6230.            0.            0.
        6240.            0.            0.
        6250.            0.            0.
        6260.            0.            0.
        6270.            0.            0.
        6280.            0.            0.
        6290.            0.            0.
        6300.            0.            0.
        6310.            0.            0.
        6320.            0.            0.
        6330.            0.            0.
        6340.            0.            0.
        6350.            0.            0.
        6360.            0.            0.
        6370.            0.            0.
        6380.            0.            0.
        6390.            0.            0.
        6400.            0.            0.
        6410.            0.            0.
        6420.            0.            0.
        6430.            0.            0.
        6440.            0.            0.
        6450.            0.            0.
        6460.            0.            0.
        6470.            0.            0.
        6480.            0.            0.
        6490.            0.            0.
        6500.            0.            0.
        6510.            0.            0.
        6520.            0.            0.
        6530.            0.            0.
        6540.            0.            0.
        6550.            0.            0.
        6560.            0.            0.
        6570.            0.            0.
        6580.            0.            0.
        6590.            0.            0.
        6600.            0.            0.
        6610.            0.            0.
        6620.            0.            0.
        6630.            0.            0.
        6640.            0.            0.
        6650.            0.            0.
        6660.            0.            0.
        6670.            0.            0.
        6680.            0.            0.
        6690.            0.            0.
        6700.            0.            0.
        6710.            0.            0.
        6720.            0.            0.
        6730.            0.            0.
        6740.            0.            0.
        6750.            0.            0.
        6760.            0.            0.
        6770.            0.            0.
        6780.            0.            0.
        6790.            0.            0.
        6800.            0.            0.
        6810.            0.            0.
        6820.            0.            0.
        6830.            0.            0.
        6840.            0.            0.
        6850.            0.            0.
        6860.            0.            0.
        6870.            0.            0.
        6880.            0.            0.
        6890.            0.            0.
        6900.            0.            0.
        6910.            0.            0.
        6920.            0.            0.
        6930.            0.            0.
        6940.            0.            0.
        6950.            0.            0.
        6960.            0.            0.
        6970.            0.            0.
        6980.            0.            0.
        6990.            0.            0.
        7000.            0.            0.
        7010.            0.            0.
        7020.            0.            0.
        7030.            0.            0.
        7040.            0.            0.
        7050.            0.            0.
        7060.            0.            0.
        7070.            0.            0.
        7080.            0.            0.
        7090.            0.            0.
        7100.            0.            0.
        7110.            0.            0.
        7120.            0.            0.
        7130.            0.            0.
        7140.            0.            0.
        7150.   1.000000E-5            0.
        7160.   1.000000E-5            0.
        7170.   1.000000E-5            0.
        7180.   1.000000E-5            0.
        7190.   1.000000E-5            0.
        7200.   2.000000E-5            0.
        7210.   2.000000E-5            0.
        7220.   3.000000E-5            0.
        7230.   3.000000E-5            0.
        7240.   4.000000E-5            0.
        7250.   5.000000E-5            0.
        7260.   6.000000E-5            0.
        7270.   8.000000E-5            0.
        7280.   1.000000E-4            0.
        7290.   1.200000E-4            0.
        7300.   1.500000E-4            0.
        7310.   1.900000E-4            0.
        7320.   2.300000E-4            0.
        7330.   2.900000E-4            0.
        7340.   3.500000E-4            0.
        7350.   4.500000E-4            0.
        7360.   5.400000E-4            0.
        7370.   6.800000E-4            0.
        7380.   8.300000E-4            0.
        7390.       0.00104            0.
        7400.       0.00126            0.
        7410.       0.00157            0.
        7420.       0.00189            0.
        7430.       0.00234            0.
        7440.       0.00282            0.
        7450.       0.00348            0.
        7460.       0.00416            0.
        7470.       0.00509            0.
        7480.       0.00606            0.
        7490.       0.00736            0.
        7500.        0.0087            0.
        7510.       0.01049            0.
        7520.       0.01231            0.
        7530.       0.01471            0.
        7540.       0.01713            0.
        7550.       0.02116            0.
        7576.       0.02186            0.
        7578.       0.02256            0.
        7580.       0.02322            0.
        7582.       0.02392            0.
        7584.        0.0247            0.
        7586.       0.02538            0.
        7588.       0.02616            0.
        7590.       0.02696            0.
        7592.       0.02776            0.
        7594.        0.0286            0.
        7596.       0.02942            0.
        7598.       0.03028            0.
        7600.       0.03114            0.
        7602.       0.03204            0.
        7604.       0.03294            0.
        7606.       0.03386            0.
        7608.        0.0348            0.
        7610.        0.0358            0.
        7612.        0.0368            0.
        7614.       0.03786            0.
        7616.        0.0389            0.
        7618.       0.03998            0.
        7620.       0.04108            0.
        7622.        0.0422            0.
        7624.       0.04334            0.
        7626.        0.0445            0.
        7628.       0.04568            0.
        7630.       0.04688            0.
        7632.        0.0481            0.
        7634.        0.0494            0.
        7636.       0.05068            0.
        7638.       0.05194            0.
        7640.       0.05326            0.
        7642.       0.05458            0.
        7644.       0.05596            0.
        7646.       0.05734            0.
        7648.       0.05878            0.
        7650.       0.06022            0.
        7652.       0.06166            0.
        7654.       0.06312            0.
        7656.       0.06468            0.
        7658.       0.06618            0.
        7660.       0.06774            0.
        7662.       0.06938            0.
        7664.       0.07104            0.
        7666.        0.0727            0.
        7668.       0.07444            0.
        7670.       0.07618            0.
        7672.       0.07796            0.
        7674.       0.07974            0.
        7676.        0.0815            0.
        7678.        0.0833            0.
        7680.       0.08514            0.
        7682.       0.08702            0.
        7684.       0.08894            0.
        7686.       0.09082            0.
        7688.       0.09274            0.
        7690.        0.0947            0.
        7692.       0.09676            0.
        7694.       0.09872            0.
        7696.        0.1008            0.
        7698.       0.10288            0.
        7700.       0.10496            0.
        7702.        0.1071            0.
        7704.       0.10918            0.
        7706.       0.11132            0.
        7708.       0.11348            0.
        7710.        0.1157            0.
        7712.       0.11802            0.
        7714.        0.1203            0.
        7716.        0.1226            0.
        7718.        0.1249            0.
        7720.       0.12732            0.
        7722.        0.1297            0.
        7724.       0.13208            0.
        7726.       0.13458            0.
        7728.       0.13706            0.
        7730.       0.13952            0.
        7732.       0.14204            0.
        7734.       0.14464            0.
        7736.        0.1472            0.
        7738.        0.1497            0.
        7740.       0.15228            0.
        7742.       0.15484            0.
        7744.       0.15748            0.
        7746.       0.16006            0.
        7748.       0.16274            0.
        7750.       0.16534            0.
        7752.       0.16798            0.
        7754.       0.17072            0.
        7756.       0.17338            0.
        7758.        0.1761            0.
        7760.        0.1789            0.
        7762.       0.18172            0.
        7764.        0.1846            0.
        7766.       0.18736            0.
        7768.       0.19016            0.
        7770.         0.193            0.
        7772.       0.19586            0.
        7774.       0.19882            0.
        7776.       0.20174            0.
        7778.       0.20476            0.
        7780.       0.20776            0.
        7782.       0.21068            0.
        7784.       0.21374            0.
        7786.       0.21664            0.
        7788.        0.2197            0.
        7790.        0.2228            0.
        7792.       0.22586            0.
        7794.         0.229            0.
        7796.       0.23192            0.
        7798.         0.235            0.
        7800.       0.23814            0.
        7802.       0.24112            0.
        7804.       0.24428            0.
        7806.       0.24738            0.
        7808.        0.2504            0.
        7810.       0.25346            0.
        7812.       0.25666            0.
        7814.       0.25988            0.
        7816.       0.26308            0.
        7818.       0.26618            0.
        7820.       0.26924            0.
        7822.       0.27236            0.
        7824.       0.27558            0.
        7826.       0.27876            0.
        7828.       0.28198            0.
        7830.       0.28528            0.
        7832.       0.28858            0.
        7834.       0.29186            0.
        7836.       0.29512            0.
        7838.       0.29832            0.
        7840.       0.30158            0.
        7842.       0.30496            0.
        7844.       0.30826            0.
        7846.       0.31168            0.
        7848.       0.31482            0.
        7850.       0.31808            0.
        7852.        0.3212            0.
        7854.       0.32446            0.
        7856.       0.32768            0.
        7858.       0.33094            0.
        7860.       0.33428            0.
        7862.       0.33754            0.
        7864.       0.34088            0.
        7866.       0.34412            0.
        7868.       0.34734            0.
        7870.        0.3506            0.
        7872.       0.35366            0.
        7874.       0.35698            0.
        7876.        0.3603            0.
        7878.        0.3636            0.
        7880.       0.36684            0.
        7882.       0.37004            0.
        7884.       0.37326            0.
        7886.       0.37668            0.
        7888.       0.37988            0.
        7890.        0.3832            0.
        7892.       0.38648            0.
        7894.       0.38984            0.
        7896.       0.39312            0.
        7898.       0.39632            0.
        7900.       0.39954            0.
        7902.       0.40274            0.
        7904.       0.40586            0.
        7906.       0.40906            0.
        7908.       0.41222            0.
        7910.       0.41526            0.
        7912.       0.41846            0.
        7914.       0.42182            0.
        7916.       0.42504            0.
        7918.       0.42816            0.
        7920.        0.4315            0.
        7922.       0.43442            0.
        7924.       0.43772            0.
        7926.       0.44062            0.
        7928.        0.4437            0.
        7930.       0.44684            0.
        7932.       0.44986            0.
        7934.        0.4532            0.
        7936.       0.45626            0.
        7938.        0.4595            0.
        7940.       0.46254            0.
        7942.        0.4656            0.
        7944.       0.46876            0.
        7946.       0.47192            0.
        7948.       0.47474            0.
        7950.       0.47782            0.
        7952.        0.4808            0.
        7954.       0.48392            0.
        7956.       0.48702            0.
        7958.        0.4899            0.
        7960.       0.49294            0.
        7962.       0.49588            0.
        7964.        0.4989            0.
        7966.       0.50174            0.
        7968.       0.50476            0.
        7970.        0.5079            0.
        7972.       0.51082            0.
        7974.       0.51388            0.
        7976.       0.51658            0.
        7978.       0.51934            0.
        7980.       0.52216            0.
        7982.       0.52502            0.
        7984.       0.52772            0.
        7986.       0.53038            0.
        7988.       0.53326            0.
        7990.       0.53592            0.
        7992.       0.53882            0.
        7994.       0.54176            0.
        7996.        0.5445            0.
        7998.       0.54728            0.
        8000.        0.5642            0.
        8002.       0.56664            0.
        8004.       0.56882            0.
        8006.       0.57112            0.
        8008.       0.57358            0.
        8010.       0.57578            0.
        8012.       0.57824            0.
        8014.       0.58064            0.
        8016.         0.583            0.
        8018.        0.5855            0.
        8020.        0.5877            0.
        8022.          0.59            0.
        8024.       0.59228            0.
        8026.       0.59466            0.
        8028.       0.59684            0.
        8030.       0.59926            0.
        8032.       0.60122            0.
        8034.       0.60352            0.
        8036.       0.60554            0.
        8038.       0.60786            0.
        8040.       0.61028            0.
        8042.       0.61272            0.
        8044.       0.61496            0.
        8046.        0.6176            0.
        8048.       0.61968            0.
        8050.       0.62216            0.
        8052.       0.62414            0.
        8054.        0.6265            0.
        8056.       0.62892            0.
        8058.       0.63126            0.
        8060.       0.63346            0.
        8062.        0.6358            0.
        8064.       0.63798            0.
        8066.       0.64056            0.
        8068.       0.64264            0.
        8070.       0.64506            0.
        8072.        0.6475            0.
        8074.       0.64948            0.
        8076.       0.65172            0.
        8078.        0.6541            0.
        8080.       0.65622            0.
        8082.        0.6584            0.
        8084.       0.66044            0.
        8086.       0.66256            0.
        8088.       0.66486            0.
        8090.       0.66672            0.
        8092.       0.66858            0.
        8094.       0.67074            0.
        8096.       0.67276            0.
        8098.       0.67512            0.
        8100.        0.6771            0.
        8102.       0.67932            0.
        8104.       0.68132            0.
        8106.        0.6835            0.
        8108.        0.6855            0.
        8110.       0.68766            0.
        8112.       0.68942            0.
        8114.       0.69148            0.
        8116.       0.69344            0.
        8118.       0.69542            0.
        8120.       0.69748            0.
        8122.       0.69934            0.
        8124.       0.70116            0.
        8126.        0.7029            0.
        8128.       0.70456            0.
        8130.       0.70642            0.
        8132.        0.7085            0.
        8134.       0.71046            0.
        8136.       0.71256            0.
        8138.       0.71444            0.
        8140.       0.71626            0.
        8142.       0.71798            0.
        8144.       0.71968            0.
        8146.       0.72128            0.
        8148.         0.723            0.
        8150.        0.7247            0.
        8152.       0.72688            0.
        8154.       0.72854            0.
        8156.       0.73032            0.
        8158.       0.73208            0.
        8160.       0.73354            0.
        8162.       0.73488            0.
        8164.       0.73634            0.
        8166.       0.73774            0.
        8168.       0.73932            0.
        8170.       0.74108            0.
        8172.       0.74276            0.
        8174.       0.74476            0.
        8176.        0.7462            0.
        8178.       0.74762            0.
        8180.       0.74914            0.
        8182.        0.7508            0.
        8184.       0.75244            0.
        8186.       0.75354            0.
        8188.       0.75518            0.
        8190.       0.75666            0.
        8192.       0.75828            0.
        8194.        0.7599            0.
        8196.       0.76116            0.
        8198.       0.76266            0.
        8200.       0.76372            0.
        8202.        0.7649            0.
        8204.        0.7664            0.
        8206.        0.7678            0.
        8208.        0.7692            0.
        8210.       0.77058            0.
        8212.       0.77208            0.
        8214.       0.77356            0.
        8216.       0.77488            0.
        8218.       0.77594            0.
        8220.       0.77728            0.
        8222.        0.7785            0.
        8224.       0.77996            0.
        8226.        0.7811            0.
        8228.       0.78234            0.
        8230.       0.78344            0.
        8232.       0.78432            0.
        8234.       0.78524            0.
        8236.       0.78658            0.
        8238.       0.78748            0.
        8240.       0.78882            0.
        8242.       0.79008            0.
        8244.       0.79136            0.
        8246.       0.79242            0.
        8248.       0.79354            0.
        8250.       0.79456            0.
        8252.        0.7958            0.
        8254.        0.7972            0.
        8256.       0.79828            0.
        8258.       0.79956            0.
        8260.        0.8004            0.
        8262.        0.8016            0.
        8264.       0.80232            0.
        8266.       0.80336            0.
        8268.       0.80462            0.
        8270.       0.80608            0.
        8272.       0.80746            0.
        8274.       0.80878            0.
        8276.       0.80972            0.
        8278.       0.81086            0.
        8280.        0.8116            0.
        8282.       0.81256            0.
        8284.       0.81352            0.
        8286.       0.81468            0.
        8288.       0.81586            0.
        8290.       0.81696            0.
        8292.        0.8178            0.
        8294.       0.81868            0.
        8296.       0.81954            0.
        8298.       0.82042            0.
        8300.       0.82176            0.
        8302.        0.8232            0.
        8304.       0.82428            0.
        8306.       0.82552            0.
        8308.       0.82616            0.
        8310.        0.8272            0.
        8312.       0.82792            0.
        8314.        0.8287            0.
        8316.       0.82958            0.
        8318.       0.83082            0.
        8320.         0.832            0.
        8322.         0.833            0.
        8324.        0.8339            0.
        8326.        0.8345            0.
        8328.       0.83524            0.
        8330.       0.83592            0.
        8332.       0.83698            0.
        8334.       0.83826            0.
        8336.       0.83928            0.
        8338.        0.8403            0.
        8340.       0.84126            0.
        8342.        0.8421            0.
        8344.       0.84288            0.
        8346.       0.84354            0.
        8348.       0.84438            0.
        8350.       0.84506            0.
        8352.       0.84596            0.
        8354.       0.84672            0.
        8356.       0.84756            0.
        8358.        0.8485            0.
        8360.        0.8493            0.
        8362.       0.84988            0.
        8364.       0.85064            0.
        8366.        0.8516            0.
        8368.       0.85264            0.
        8370.        0.8534            0.
        8372.       0.85444            0.
        8374.       0.85514            0.
        8376.       0.85592            0.
        8378.       0.85664            0.
        8380.        0.8574            0.
        8382.       0.85818            0.
        8384.       0.85878            0.
        8386.       0.85944            0.
        8388.       0.86022            0.
        8390.       0.86108            0.
        8392.       0.86178            0.
        8394.       0.86244            0.
        8396.       0.86318            0.
        8398.        0.8641            0.
        8400.       0.86486            0.
        8402.        0.8661            0.
        8404.       0.86636            0.
        8406.       0.86704            0.
        8408.       0.86756            0.
        8410.       0.86796            0.
        8412.       0.86862            0.
        8414.       0.86902            0.
        8416.        0.8697            0.
        8418.        0.8705            0.
        8420.         0.871            0.
        8422.        0.8717            0.
        8424.       0.87218            0.
        8426.       0.87306            0.
        8428.       0.87394            0.
        8430.        0.8747            0.
        8432.       0.87546            0.
        8434.       0.87626            0.
        8436.       0.87646            0.
        8438.       0.87712            0.
        8440.       0.87748            0.
        8442.       0.87802            0.
        8444.       0.87858            0.
        8446.       0.87908            0.
        8448.       0.87958            0.
        8450.       0.88008            0.
        8452.       0.88058            0.
        8454.       0.88134            0.
        8456.       0.88184            0.
        8458.       0.88244            0.
        8460.       0.88302            0.
        8462.       0.88392            0.
        8464.       0.88458            0.
        8466.       0.88532            0.
        8468.       0.88564            0.
        8470.       0.88642            0.
        8472.       0.88678            0.
        8474.       0.88704            0.
        8476.        0.8874            0.
        8478.       0.88788            0.
        8480.        0.8889            0.
        8482.       0.88956            0.
        8484.       0.89018            0.
        8486.       0.89074            0.
        8488.       0.89124            0.
        8490.       0.89162            0.
        8492.        0.8921            0.
        8494.       0.89294            0.
        8496.       0.89374            0.
        8498.       0.89424            0.
        8500.        0.8946            0.
        8502.       0.89492            0.
        8504.       0.89486            0.
        8506.       0.89512            0.
        8508.       0.89546            0.
        8510.       0.89652            0.
        8512.       0.89716            0.
        8514.       0.89772            0.
        8516.       0.89836            0.
        8518.        0.8988            0.
        8520.       0.89912            0.
        8522.       0.89944            0.
        8524.        0.9001            0.
        8526.        0.9007            0.
        8528.       0.90118            0.
        8530.        0.9018            0.
        8532.       0.90216            0.
        8534.        0.9024            0.
        8536.         0.903            0.
        8538.       0.90316            0.
        8540.       0.90358            0.
        8542.       0.90418            0.
        8544.       0.90436            0.
        8546.       0.90508            0.
        8548.       0.90566            0.
        8550.       0.90608            0.
        8552.       0.90644            0.
        8554.       0.90656            0.
        8556.       0.90698            0.
        8558.       0.90682            0.
        8560.       0.90728            0.
        8562.       0.90816            0.
        8564.        0.9088            0.
        8566.       0.90928            0.
        8568.       0.90984            0.
        8570.       0.91012            0.
        8572.       0.91016            0.
        8574.       0.91052            0.
        8576.       0.91116            0.
        8578.       0.91152            0.
        8580.       0.91206            0.
        8582.        0.9126            0.
        8584.       0.91274            0.
        8586.        0.9131            0.
        8588.       0.91326            0.
        8590.       0.91342            0.
        8592.       0.91388            0.
        8594.       0.91458            0.
        8596.       0.91464            0.
        8598.       0.91504            0.
        8600.       0.91556            0.
        8602.       0.91552            0.
        8604.       0.91584            0.
        8606.       0.91666            0.
        8608.       0.91716            0.
        8610.       0.91758            0.
        8612.       0.91794            0.
        8614.       0.91836            0.
        8616.       0.91818            0.
        8618.       0.91868            0.
        8620.       0.91906            0.
        8622.        0.9197            0.
        8624.       0.91994            0.
        8626.       0.92012            0.
        8628.       0.92032            0.
        8630.       0.92072            0.
        8632.       0.92072            0.
        8634.       0.92148            0.
        8636.       0.92192            0.
        8638.       0.92214            0.
        8640.       0.92248            0.
        8642.        0.9226            0.
        8644.       0.92278            0.
        8646.       0.92326            0.
        8648.        0.9235            0.
        8650.       0.92344            0.
        8652.       0.92396            0.
        8654.        0.9243            0.
        8656.        0.9248            0.
        8658.       0.92546            0.
        8660.       0.92548            0.
        8662.       0.92568            0.
        8664.       0.92574            0.
        8666.       0.92566            0.
        8668.       0.92612            0.
        8670.       0.92674            0.
        8672.        0.9275            0.
        8674.       0.92822            0.
        8676.        0.9282            0.
        8678.        0.9286            0.
        8680.       0.92836            0.
        8682.       0.92842            0.
        8684.       0.92874            0.
        8686.       0.92886            0.
        8688.        0.9293            0.
        8690.       0.92988            0.
        8692.        0.9299            0.
        8694.       0.93008            0.
        8696.       0.92996            0.
        8698.       0.93004            0.
        8700.        0.9306            0.
        8702.       0.93108            0.
        8704.       0.93172            0.
        8706.       0.93186            0.
        8708.       0.93196            0.
        8710.        0.9323            0.
        8712.       0.93252            0.
        8714.       0.93286            0.
        8716.       0.93276            0.
        8718.       0.93308            0.
        8720.       0.93328            0.
        8722.       0.93336            0.
        8724.       0.93376            0.
        8726.        0.9339            0.
        8728.        0.9347            0.
        8730.       0.93468            0.
        8732.       0.93502            0.
        8734.       0.93572            0.
        8736.       0.93634            0.
        8738.       0.93648            0.
        8740.       0.93652            0.
        8742.       0.93632            0.
        8744.       0.93624            0.
        8746.       0.93682            0.
        8748.       0.93704            0.
        8750.       0.93746            0.
        8752.       0.93768            0.
        8754.       0.93832            0.
        8756.        0.9382            0.
        8758.       0.93826            0.
        8760.       0.93808            0.
        8762.        0.9382            0.
        8764.       0.93866            0.
        8766.        0.9394            0.
        8768.       0.93982            0.
        8770.       0.94026            0.
        8772.       0.94078            0.
        8774.       0.94032            0.
        8776.       0.94032            0.
        8778.       0.94028            0.
        8780.       0.94042            0.
        8782.       0.94038            0.
        8784.        0.9409            0.
        8786.       0.94134            0.
        8788.       0.94162            0.
        8790.        0.9418            0.
        8792.       0.94216            0.
        8794.       0.94228            0.
        8796.        0.9427            0.
        8798.       0.94304            0.
        8800.        0.9435            0.
        8802.       0.94368            0.
        8804.       0.94346            0.
        8806.       0.94346            0.
        8808.       0.94356            0.
        8810.        0.9437            0.
        8812.       0.94402            0.
        8814.       0.94398            0.
        8816.       0.94454            0.
        8818.       0.94474            0.
        8820.       0.94514            0.
        8822.        0.9455            0.
        8824.       0.94592            0.
        8826.       0.94582            0.
        8828.       0.94602            0.
        8830.       0.94602            0.
        8832.       0.94648            0.
        8834.       0.94712            0.
        8836.        0.9471            0.
        8838.       0.94724            0.
        8840.       0.94756            0.
        8842.        0.9471            0.
        8844.       0.94748            0.
        8846.       0.94736            0.
        8848.       0.94742            0.
        8850.       0.94732            0.
        8852.       0.94774            0.
        8854.       0.94802            0.
        8856.       0.94792            0.
        8858.        0.9484            0.
        8860.       0.94844            0.
        8862.       0.94872            0.
        8864.       0.94894            0.
        8866.       0.94928            0.
        8868.       0.94928            0.
        8870.       0.94944            0.
        8872.       0.94932            0.
        8874.       0.94936            0.
        8876.       0.94954            0.
        8878.       0.94978            0.
        8880.       0.94986            0.
        8882.       0.94992            0.
        8884.       0.95018            0.
        8886.       0.95062            0.
        8888.       0.95098            0.
        8890.       0.95104            0.
        8892.       0.95132            0.
        8894.       0.95162            0.
        8896.        0.9517            0.
        8898.       0.95178            0.
        8900.        0.9518            0.
        8902.       0.95182            0.
        8904.       0.95152            0.
        8906.       0.95152            0.
        8908.        0.9518            0.
        8910.       0.95226            0.
        8912.        0.9531            0.
        8914.         0.953            0.
        8916.       0.95298            0.
        8918.       0.95332            0.
        8920.        0.9539            0.
        8922.       0.95388            0.
        8924.       0.95376            0.
        8926.       0.95408            0.
        8928.        0.9542            0.
        8930.       0.95428            0.
        8932.       0.95446            0.
        8934.       0.95448            0.
        8936.       0.95426            0.
        8938.       0.95428            0.
        8940.       0.95448            0.
        8942.        0.9547            0.
        8944.       0.95516            0.
        8946.       0.95536            0.
        8948.        0.9556            0.
        8950.       0.95568            0.
        8952.       0.95554            0.
        8954.       0.95576            0.
        8956.       0.95618            0.
        8958.        0.9561            0.
        8960.       0.95662            0.
        8962.       0.95638            0.
        8964.       0.95642            0.
        8966.       0.95626            0.
        8968.        0.9564            0.
        8970.       0.95684            0.
        8972.       0.95692            0.
        8974.       0.95722            0.
        8976.       0.95712            0.
        8978.       0.95734            0.
        8980.        0.9574            0.
        8982.       0.95786            0.
        8984.       0.95772            0.
        8986.       0.95804            0.
        8988.       0.95814            0.
        8990.       0.95876            0.
        8992.       0.95802            0.
        8994.        0.9583            0.
        8996.        0.9583            0.
        8998.       0.95812            0.
        9000.       0.95874            0.
        9002.        0.9585            0.
        9004.       0.95948            0.
        9006.       0.95882            0.
        9008.       0.96032            0.
        9010.       0.95986            0.
        9012.        0.9598            0.
        9014.       0.95934            0.
        9016.       0.96032            0.
        9018.       0.95974            0.
        9020.       0.96002            0.
        9022.       0.96018            0.
        9024.       0.96002            0.
        9026.       0.96042            0.
        9028.       0.95988            0.
        9030.       0.96056            0.
        9032.       0.96136            0.
        9034.       0.96108            0.
        9036.        0.9606            0.
        9038.       0.96104            0.
        9040.        0.9606            0.
        9042.        0.9608            0.
        9044.       0.96056            0.
        9046.       0.96082            0.
        9048.       0.96136            0.
        9050.       0.96194            0.
        9052.       0.96186            0.
        9054.       0.96206            0.
        9056.       0.96226            0.
        9058.        0.9624            0.
        9060.       0.96212            0.
        9062.       0.96216            0.
        9064.       0.96206            0.
        9066.       0.96198            0.
        9068.       0.96224            0.
        9070.       0.96218            0.
        9072.       0.96208            0.
        9074.       0.96196            0.
        9076.       0.96256            0.
        9078.       0.96308            0.
        9080.       0.96374            0.
        9082.       0.96384            0.
        9084.       0.96346            0.
        9086.        0.9633            0.
        9088.        0.9633            0.
        9090.        0.9633            0.
        9092.        0.9633            0.
        9094.       0.96372            0.
        9096.       0.96412            0.
        9098.       0.96432            0.
        9100.       0.96416            0.
        9102.       0.96452            0.
        9104.       0.96474            0.
        9106.       0.96496            0.
        9108.       0.96474            0.
        9110.       0.96488            0.
        9112.       0.96516            0.
        9114.       0.96534            0.
        9116.       0.96534            0.
        9118.       0.96552            0.
        9120.       0.96542            0.
        9122.        0.9652            0.
        9124.       0.96498            0.
        9126.       0.96496            0.
        9128.       0.96474            0.
        9130.       0.96522            0.
        9132.       0.96568            0.
        9134.       0.96624            0.
        9136.       0.96644            0.
        9138.        0.9665            0.
        9140.       0.96626            0.
        9142.        0.9663            0.
        9144.       0.96596            0.
        9146.       0.96572            0.
        9148.       0.96604            0.
        9150.        0.9666            0.
        9152.       0.96638            0.
        9154.       0.96642            0.
        9156.       0.96648            0.
        9158.        0.9664            0.
        9160.       0.96612            0.
        9162.       0.96632            0.
        9164.        0.9667            0.
        9166.       0.96696            0.
        9168.       0.96762            0.
        9170.        0.9681            0.
        9172.        0.9679            0.
        9174.       0.96774            0.
        9176.        0.9669            0.
        9178.       0.96688            0.
        9180.       0.96668            0.
        9182.        0.9671            0.
        9184.       0.96754            0.
        9186.       0.96778            0.
        9188.       0.96758            0.
        9190.       0.96738            0.
        9192.        0.9676            0.
        9194.       0.96772            0.
        9196.       0.96798            0.
        9198.       0.96818            0.
        9200.        0.9689            0.
        9202.       0.96894            0.
        9204.       0.96886            0.
        9206.       0.96878            0.
        9208.       0.96886            0.
        9210.       0.96846            0.
        9212.        0.9682            0.
        9214.       0.96828            0.
        9216.       0.96852            0.
        9218.       0.96874            0.
        9220.       0.96836            0.
        9222.       0.96868            0.
        9224.       0.96896            0.
        9226.       0.96964            0.
        9228.       0.96992            0.
        9230.        0.9701            0.
        9232.       0.97012            0.
        9234.       0.97014            0.
        9236.       0.96986            0.
        9238.       0.96976            0.
        9240.       0.96932            0.
        9242.       0.96986            0.
        9244.       0.96976            0.
        9246.       0.97014            0.
        9248.       0.96994            0.
        9250.        0.9702            0.
        9252.       0.97004            0.
        9254.       0.96998            0.
        9256.       0.96972            0.
        9258.       0.96974            0.
        9260.       0.96986            0.
        9262.       0.97008            0.
        9264.       0.97072            0.
        9266.       0.97078            0.
        9268.       0.97098            0.
        9270.       0.97134            0.
        9272.        0.9712            0.
        9274.       0.97108            0.
        9276.       0.97128            0.
        9278.       0.97118            0.
        9280.        0.9711            0.
        9282.       0.97118            0.
        9284.       0.97134            0.
        9286.       0.97128            0.
        9288.       0.97108            0.
        9290.       0.97138            0.
        9292.       0.97168            0.
        9294.       0.97202            0.
        9296.       0.97204            0.
        9298.       0.97224            0.
        9300.       0.97162            0.
        9302.       0.97168            0.
        9304.       0.97146            0.
        9306.       0.97134            0.
        9308.        0.9716            0.
        9310.       0.97202            0.
        9312.       0.97166            0.
        9314.       0.97214            0.
        9316.       0.97216            0.
        9318.       0.97222            0.
        9320.        0.9723            0.
        9322.       0.97232            0.
        9324.       0.97232            0.
        9326.       0.97254            0.
        9328.       0.97238            0.
        9330.       0.97254            0.
        9332.       0.97258            0.
        9334.       0.97262            0.
        9336.       0.97284            0.
        9338.       0.97294            0.
        9340.       0.97314            0.
        9342.       0.97312            0.
        9344.       0.97282            0.
        9346.        0.9725            0.
        9348.       0.97248            0.
        9350.       0.97244            0.
        9352.       0.97224            0.
        9354.        0.9725            0.
        9356.        0.9731            0.
        9358.        0.9736            0.
        9360.       0.97374            0.
        9362.       0.97428            0.
        9364.       0.97426            0.
        9366.       0.97432            0.
        9368.       0.97426            0.
        9370.       0.97388            0.
        9372.       0.97436            0.
        9374.        0.9743            0.
        9376.        0.9747            0.
        9378.       0.97504            0.
        9380.       0.97446            0.
        9382.       0.97444            0.
        9384.       0.97356            0.
        9386.        0.9734            0.
        9388.       0.97342            0.
        9390.       0.97396            0.
        9392.       0.97474            0.
        9394.       0.97528            0.
        9396.       0.97528            0.
        9398.       0.97552            0.
        9400.       0.97516            0.
        9402.       0.97478            0.
        9404.       0.97456            0.
        9406.       0.97474            0.
        9408.       0.97462            0.
        9410.       0.97488            0.
        9412.        0.9752            0.
        9414.       0.97486            0.
        9416.         0.975            0.
        9418.       0.97442            0.
        9420.        0.9745            0.
        9422.       0.97452            0.
        9424.       0.97492            0.
        9426.       0.97486            0.
        9428.       0.97516            0.
        9430.       0.97558            0.
        9432.       0.97582            0.
        9434.       0.97556            0.
        9436.       0.97588            0.
        9438.       0.97548            0.
        9440.       0.97534            0.
        9442.        0.9755            0.
        9444.        0.9751            0.
        9446.       0.97566            0.
        9448.       0.97576            0.
        9450.       0.97602            0.
        9452.        0.9761            0.
        9454.        0.9764            0.
        9456.       0.97638            0.
        9458.       0.97636            0.
        9460.       0.97558            0.
        9462.        0.9756            0.
        9464.       0.97516            0.
        9466.        0.9751            0.
        9468.       0.97554            0.
        9470.       0.97578            0.
        9472.       0.97638            0.
        9474.       0.97666            0.
        9476.        0.9769            0.
        9478.       0.97664            0.
        9480.       0.97618            0.
        9482.       0.97592            0.
        9484.       0.97574            0.
        9486.       0.97612            0.
        9488.        0.9761            0.
        9490.       0.97646            0.
        9492.       0.97652            0.
        9494.       0.97644            0.
        9496.       0.97626            0.
        9498.       0.97592            0.
        9500.       0.97598            0.
        9502.       0.97632            0.
        9504.       0.97664            0.
        9506.       0.97726            0.
        9508.       0.97756            0.
        9510.       0.97766            0.
        9512.        0.9781            0.
        9514.         0.978            0.
        9516.       0.97808            0.
        9518.       0.97794            0.
        9520.       0.97736            0.
        9522.       0.97696            0.
        9524.       0.97672            0.
        9526.       0.97646            0.
        9528.       0.97678            0.
        9530.       0.97696            0.
        9532.       0.97696            0.
        9534.       0.97766            0.
        9536.       0.97706            0.
        9538.        0.9778            0.
        9540.        0.9778            0.
        9542.       0.97802            0.
        9544.         0.978            0.
        9546.        0.9779            0.
        9548.        0.9784            0.
        9550.       0.97894            0.
        9552.       0.97822            0.
        9554.        0.9782            0.
        9556.        0.9783            0.
        9558.       0.97864            0.
        9560.        0.9787            0.
        9562.       0.97758            0.
        9564.       0.97722            0.
        9566.        0.9775            0.
        9568.        0.9769            0.
        9570.       0.97732            0.
        9572.       0.97738            0.
        9574.       0.97788            0.
        9576.        0.9785            0.
        9578.       0.97892            0.
        9580.       0.97874            0.
        9582.       0.97916            0.
        9584.       0.97912            0.
        9586.       0.97864            0.
        9588.        0.9789            0.
        9590.       0.97826            0.
        9592.        0.9779            0.
        9594.       0.97776            0.
        9596.       0.97788            0.
        9598.       0.97836            0.
        9600.       0.97876            0.
        9602.       0.97864            0.
        9604.        0.9789            0.
        9606.       0.97876            0.
        9608.       0.97864            0.
        9610.         0.979            0.
        9612.       0.97936            0.
        9614.       0.97976            0.
        9616.       0.98028            0.
        9618.       0.98016            0.
        9620.       0.97966            0.
        9622.        0.9794            0.
        9624.       0.97942            0.
        9626.        0.9792            0.
        9628.       0.97974            0.
        9630.        0.9793            0.
        9632.       0.97926            0.
        9634.       0.97878            0.
        9636.       0.97882            0.
        9638.       0.97894            0.
        9640.        0.9788            0.
        9642.        0.9793            0.
        9644.       0.97964            0.
        9646.       0.97984            0.
        9648.       0.97988            0.
        9650.       0.97976            0.
        9652.       0.97944            0.
        9654.        0.9793            0.
        9656.       0.97946            0.
        9658.       0.97968            0.
        9660.       0.97992            0.
        9662.       0.97994            0.
        9664.       0.97964            0.
        9666.       0.97976            0.
        9668.       0.97972            0.
        9670.       0.98016            0.
        9672.       0.98034            0.
        9674.       0.98008            0.
        9676.       0.97998            0.
        9678.       0.97942            0.
        9680.       0.97876            0.
        9682.       0.97884            0.
        9684.       0.97912            0.
        9686.       0.97968            0.
        9688.       0.98028            0.
        9690.       0.97986            0.
        9692.        0.9801            0.
        9694.       0.98002            0.
        9696.       0.97966            0.
        9698.       0.97986            0.
        9700.        0.9803            0.
        9702.        0.9806            0.
        9704.        0.9802            0.
        9706.       0.97998            0.
        9708.        0.9798            0.
        9710.       0.98046            0.
        9712.       0.98048            0.
        9714.       0.98084            0.
        9716.       0.98054            0.
        9718.       0.98098            0.
        9720.       0.98066            0.
        9722.       0.98062            0.
        9724.       0.98074            0.
        9726.       0.98054            0.
        9728.       0.98064            0.
        9730.       0.98012            0.
        9732.       0.98028            0.
        9734.       0.98052            0.
        9736.       0.98034            0.
        9738.       0.98064            0.
        9740.       0.98056            0.
        9742.        0.9809            0.
        9744.        0.9807            0.
        9746.       0.98096            0.
        9748.       0.98082            0.
        9750.       0.98122            0.
        9752.       0.98106            0.
        9754.       0.98084            0.
        9756.       0.98064            0.
        9758.       0.98048            0.
        9760.       0.98012            0.
        9762.       0.97992            0.
        9764.       0.98018            0.
        9766.        0.9808            0.
        9768.       0.98178            0.
        9770.        0.9819            0.
        9772.       0.98178            0.
        9774.       0.98178            0.
        9776.       0.98156            0.
        9778.       0.98154            0.
        9780.       0.98188            0.
        9782.       0.98134            0.
        9784.       0.98042            0.
        9786.       0.98038            0.
        9788.       0.98042            0.
        9790.       0.98084            0.
        9792.       0.98142            0.
        9794.        0.9819            0.
        9796.        0.9824            0.
        9798.       0.98216            0.
        9800.       0.98232            0.
        9802.       0.98184            0.
        9804.       0.98206            0.
        9806.       0.98198            0.
        9808.       0.98194            0.
        9810.       0.98202            0.
        9812.       0.98192            0.
        9814.        0.9817            0.
        9816.       0.98158            0.
        9818.       0.98132            0.
        9820.       0.98112            0.
        9822.       0.98162            0.
        9824.       0.98154            0.
        9826.       0.98172            0.
        9828.        0.9814            0.
        9830.       0.98134            0.
        9832.         0.982            0.
        9834.       0.98214            0.
        9836.       0.98198            0.
        9838.       0.98242            0.
        9840.       0.98212            0.
        9842.       0.98228            0.
        9844.       0.98196            0.
        9846.       0.98224            0.
        9848.       0.98136            0.
        9850.       0.98106            0.
        9852.       0.98138            0.
        9854.       0.98108            0.
        9856.       0.98196            0.
        9858.       0.98222            0.
        9860.       0.98234            0.
        9862.       0.98258            0.
        9864.       0.98266            0.
        9866.       0.98284            0.
        9868.       0.98292            0.
        9870.       0.98222            0.
        9872.       0.98218            0.
        9874.        0.9818            0.
        9876.       0.98162            0.
        9878.       0.98186            0.
        9880.       0.98194            0.
        9882.        0.9823            0.
        9884.       0.98248            0.
        9886.       0.98282            0.
        9888.       0.98268            0.
        9890.        0.9826            0.
        9892.       0.98234            0.
        9894.         0.982            0.
        9896.       0.98242            0.
        9898.       0.98282            0.
        9900.        0.9829            0.
        9902.       0.98308            0.
        9904.        0.9828            0.
        9906.       0.98254            0.
        9908.       0.98224            0.
        9910.       0.98236            0.
        9912.       0.98208            0.
        9914.       0.98242            0.
        9916.       0.98264            0.
        9918.       0.98218            0.
        9920.       0.98222            0.
        9922.       0.98278            0.
        9924.       0.98276            0.
        9926.       0.98252            0.
        9928.       0.98236            0.
        9930.       0.98252            0.
        9932.       0.98264            0.
        9934.       0.98268            0.
        9936.       0.98248            0.
        9938.       0.98258            0.
        9940.       0.98232            0.
        9942.       0.98194            0.
        9944.       0.98228            0.
        9946.       0.98218            0.
        9948.       0.98248            0.
        9950.       0.98236            0.
        9952.       0.98226            0.
        9954.        0.9823            0.
        9956.       0.98326            0.
        9958.       0.98334            0.
        9960.       0.98346            0.
        9962.       0.98322            0.
        9964.       0.98288            0.
        9966.       0.98274            0.
        9968.       0.98298            0.
        9970.       0.98252            0.
        9972.        0.9824            0.
        9974.       0.98266            0.
        9976.       0.98246            0.
        9978.       0.98214            0.
        9980.       0.98254            0.
        9982.       0.98246            0.
        9984.       0.98258            0.
        9986.        0.9828            0.
        9988.       0.98294            0.
        9990.       0.98268            0.
        9992.       0.98228            0.
        9994.       0.98178            0.
        9996.       0.98232            0.
        9998.        0.9824            0.
       10000.       0.98224            0.
       10002.       0.98258            0.
       10004.       0.98248            0.
       10006.       0.98254            0.
       10008.       0.98294            0.
       10010.       0.98262            0.
       10012.        0.9823            0.
       10014.       0.98228            0.
       10016.       0.98264            0.
       10018.       0.98274            0.
       10020.       0.98266            0.
       10022.       0.98246            0.
       10024.         0.982            0.
       10026.       0.98218            0.
       10028.        0.9824            0.
       10030.       0.98228            0.
       10032.       0.98258            0.
       10034.        0.9823            0.
       10036.       0.98144            0.
       10038.        0.9817            0.
       10040.       0.98208            0.
       10042.       0.98262            0.
       10044.       0.98226            0.
       10046.       0.98242            0.
       10048.        0.9817            0.
       10050.        0.9818            0.
       10052.       0.98164            0.
       10054.       0.98148            0.
       10056.       0.98182            0.
       10058.       0.98216            0.
       10060.       0.98238            0.
       10062.       0.98276            0.
       10064.       0.98248            0.
       10066.        0.9822            0.
       10068.       0.98254            0.
       10070.       0.98228            0.
       10072.       0.98226            0.
       10074.       0.98262            0.
       10076.       0.98274            0.
       10078.       0.98244            0.
       10080.       0.98248            0.
       10082.       0.98246            0.
       10084.       0.98228            0.
       10086.       0.98232            0.
       10088.       0.98268            0.
       10090.       0.98298            0.
       10092.       0.98314            0.
       10094.       0.98338            0.
       10096.       0.98324            0.
       10098.       0.98322            0.
       10100.       0.98268            0.
       10102.       0.98242            0.
       10104.       0.98248            0.
       10106.       0.98244            0.
       10108.       0.98238            0.
       10110.       0.98272            0.
       10112.       0.98194            0.
       10114.        0.9823            0.
       10116.       0.98246            0.
       10118.       0.98198            0.
       10120.       0.98244            0.
       10122.        0.9821            0.
       10124.       0.98238            0.
       10126.       0.98208            0.
       10128.       0.98204            0.
       10130.       0.98214            0.
       10132.       0.98234            0.
       10134.       0.98242            0.
       10136.       0.98232            0.
       10138.        0.9821            0.
       10140.       0.98174            0.
       10142.        0.9819            0.
       10144.       0.98238            0.
       10146.       0.98246            0.
       10148.       0.98266            0.
       10150.       0.98258            0.
       10152.       0.98292            0.
       10154.        0.9826            0.
       10156.       0.98234            0.
       10158.       0.98216            0.
       10160.       0.98196            0.
       10162.       0.98194            0.
       10164.       0.98208            0.
       10166.       0.98208            0.
       10168.       0.98276            0.
       10170.         0.983            0.
       10172.       0.98276            0.
       10174.       0.98298            0.
       10176.       0.98264            0.
       10178.        0.9826            0.
       10180.       0.98266            0.
       10182.        0.9822            0.
       10184.       0.98226            0.
       10186.       0.98166            0.
       10188.       0.98138            0.
       10190.       0.98144            0.
       10192.       0.98164            0.
       10194.       0.98178            0.
       10196.       0.98156            0.
       10198.       0.98202            0.
       10200.        0.9817            0.
       10202.        0.9814            0.
       10204.       0.98178            0.
       10206.       0.98164            0.
       10208.       0.98184            0.
       10210.        0.9822            0.
       10212.        0.9825            0.
       10214.       0.98238            0.
       10216.       0.98236            0.
       10218.       0.98198            0.
       10220.       0.98156            0.
       10222.       0.98156            0.
       10224.        0.9816            0.
       10226.        0.9816            0.
       10228.       0.98124            0.
       10230.       0.98108            0.
       10232.       0.98134            0.
       10234.       0.98208            0.
       10236.       0.98194            0.
       10238.       0.98214            0.
       10240.       0.98254            0.
       10242.       0.98256            0.
       10244.       0.98218            0.
       10246.       0.98192            0.
       10248.       0.98124            0.
       10250.       0.98132            0.
       10252.       0.98124            0.
       10254.       0.98098            0.
       10256.        0.9813            0.
       10258.       0.98126            0.
       10260.       0.98124            0.
       10262.       0.98154            0.
       10264.       0.98152            0.
       10266.       0.98164            0.
       10268.       0.98154            0.
       10270.       0.98182            0.
       10272.       0.98148            0.
       10274.       0.98174            0.
       10276.       0.98182            0.
       10278.        0.9814            0.
       10280.       0.98136            0.
       10282.       0.98152            0.
       10284.       0.98122            0.
       10286.        0.9812            0.
       10288.       0.98108            0.
       10290.        0.9807            0.
       10292.       0.98092            0.
       10294.       0.98026            0.
       10296.       0.98052            0.
       10298.       0.98148            0.
       10300.       0.98162            0.
       10302.         0.982            0.
       10304.        0.9814            0.
       10306.       0.98094            0.
       10308.       0.98076            0.
       10310.       0.98072            0.
       10312.        0.9804            0.
       10314.       0.98032            0.
       10316.        0.9806            0.
       10318.       0.98066            0.
       10320.       0.98102            0.
       10322.       0.98066            0.
       10324.        0.9803            0.
       10326.       0.98074            0.
       10328.       0.98068            0.
       10330.       0.98034            0.
       10332.       0.98018            0.
       10334.        0.9803            0.
       10336.       0.98054            0.
       10338.       0.98034            0.
       10340.       0.97998            0.
       10342.       0.98008            0.
       10344.       0.98068            0.
       10346.       0.98112            0.
       10348.       0.98082            0.
       10350.       0.98058            0.
       10352.       0.98156            0.
       10354.       0.98132            0.
       10356.       0.98162            0.
       10358.       0.98072            0.
       10360.       0.98078            0.
       10362.       0.98064            0.
       10364.        0.9801            0.
       10366.       0.97992            0.
       10368.        0.9802            0.
       10370.       0.97998            0.
       10372.       0.98046            0.
       10374.       0.98048            0.
       10376.       0.98054            0.
       10378.       0.98042            0.
       10380.       0.98034            0.
       10382.       0.98028            0.
       10384.       0.98028            0.
       10386.       0.98036            0.
       10388.       0.97988            0.
       10390.       0.97982            0.
       10392.       0.97986            0.
       10394.       0.97978            0.
       10396.       0.97966            0.
       10398.       0.97992            0.
       10400.       0.97992            0.
       10402.          0.98            0.
       10404.       0.98028            0.
       10406.       0.98002            0.
       10408.       0.98014            0.
       10410.       0.97972            0.
       10412.       0.97916            0.
       10414.        0.9792            0.
       10416.       0.97926            0.
       10418.       0.97898            0.
       10420.       0.97946            0.
       10422.       0.97956            0.
       10424.          0.98            0.
       10426.       0.98034            0.
       10428.       0.98002            0.
       10430.       0.98002            0.
       10432.       0.98024            0.
       10434.       0.97982            0.
       10436.       0.97984            0.
       10438.        0.9798            0.
       10440.        0.9798            0.
       10442.       0.97962            0.
       10444.       0.97958            0.
       10446.       0.97928            0.
       10448.       0.97966            0.
       10450.       0.98014            0.
       10452.        0.9806            0.
       10454.       0.98032            0.
       10456.       0.98004            0.
       10458.       0.97994            0.
       10460.       0.97956            0.
       10462.       0.97928            0.
       10464.        0.9794            0.
       10466.       0.97942            0.
       10468.       0.97948            0.
       10470.       0.97896            0.
       10472.       0.97878            0.
       10474.         0.979            0.
       10476.       0.97922            0.
       10478.       0.97904            0.
       10480.       0.97942            0.
       10482.       0.97942            0.
       10484.       0.97918            0.
       10486.        0.9793            0.
       10488.       0.97926            0.
       10490.       0.97924            0.
       10492.       0.97956            0.
       10494.       0.97928            0.
       10496.       0.98012            0.
       10498.       0.98008            0.
       10500.        0.9792            0.
       10502.       0.97916            0.
       10504.         0.979            0.
       10506.       0.97886            0.
       10508.         0.979            0.
       10510.       0.97922            0.
       10512.       0.97962            0.
       10514.       0.97946            0.
       10516.       0.97928            0.
       10518.       0.97892            0.
       10520.         0.979            0.
       10522.       0.97848            0.
       10524.       0.97794            0.
       10526.       0.97818            0.
       10528.       0.97822            0.
       10530.       0.97842            0.
       10532.        0.9784            0.
       10534.       0.97878            0.
       10536.       0.97888            0.
       10538.        0.9781            0.
       10540.       0.97888            0.
       10542.        0.9784            0.
       10544.       0.97846            0.
       10546.       0.97838            0.
       10548.       0.97774            0.
       10550.       0.97762            0.
       10552.       0.97738            0.
       10554.        0.9773            0.
       10556.        0.9777            0.
       10558.        0.9774            0.
       10560.       0.97716            0.
       10562.       0.97724            0.
       10564.       0.97706            0.
       10566.       0.97706            0.
       10568.       0.97692            0.
       10570.        0.9772            0.
       10572.       0.97748            0.
       10574.       0.97786            0.
       10576.       0.97766            0.
       10578.       0.97764            0.
       10580.       0.97716            0.
       10582.       0.97734            0.
       10584.       0.97718            0.
       10586.       0.97714            0.
       10588.       0.97742            0.
       10590.       0.97738            0.
       10592.       0.97712            0.
       10594.       0.97736            0.
       10596.       0.97746            0.
       10598.       0.97762            0.
       10600.       0.97736            0.
       10602.       0.97694            0.
       10604.       0.97704            0.
       10606.       0.97666            0.
       10608.       0.97648            0.
       10610.        0.9764            0.
       10612.       0.97598            0.
       10614.       0.97672            0.
       10616.       0.97672            0.
       10618.       0.97682            0.
       10620.       0.97694            0.
       10622.       0.97644            0.
       10624.       0.97706            0.
       10626.        0.9766            0.
       10628.       0.97732            0.
       10630.        0.9768            0.
       10632.       0.97678            0.
       10634.       0.97564            0.
       10636.       0.97548            0.
       10638.       0.97552            0.
       10640.       0.97534            0.
       10642.       0.97556            0.
       10644.       0.97544            0.
       10646.       0.97644            0.
       10648.       0.97652            0.
       10650.       0.97626            0.
       10652.       0.97666            0.
       10654.       0.97642            0.
       10656.       0.97646            0.
       10658.       0.97688            0.
       10660.       0.97622            0.
       10662.       0.97612            0.
       10664.       0.97572            0.
       10666.       0.97556            0.
       10668.       0.97548            0.
       10670.        0.9756            0.
       10672.       0.97526            0.
       10674.       0.97522            0.
       10676.       0.97508            0.
       10678.       0.97472            0.
       10680.       0.97528            0.
       10682.        0.9752            0.
       10684.       0.97532            0.
       10686.        0.9757            0.
       10688.       0.97576            0.
       10690.       0.97576            0.
       10692.       0.97556            0.
       10694.       0.97518            0.
       10696.        0.9754            0.
       10698.        0.9749            0.
       10700.       0.97508            0.
       10702.        0.9749            0.
       10704.       0.97468            0.
       10706.       0.97434            0.
       10708.       0.97446            0.
       10710.       0.97424            0.
       10712.       0.97428            0.
       10714.       0.97454            0.
       10716.       0.97486            0.
       10718.        0.9752            0.
       10720.       0.97518            0.
       10722.        0.9749            0.
       10724.       0.97486            0.
       10726.       0.97514            0.
       10728.       0.97516            0.
       10730.       0.97484            0.
       10732.       0.97468            0.
       10734.       0.97476            0.
       10736.       0.97444            0.
       10738.        0.9739            0.
       10740.        0.9738            0.
       10742.        0.9743            0.
       10744.        0.9739            0.
       10746.       0.97414            0.
       10748.       0.97436            0.
       10750.       0.97468            0.
       10752.       0.97496            0.
       10754.       0.97484            0.
       10756.       0.97424            0.
       10758.       0.97406            0.
       10760.        0.9738            0.
       10762.       0.97294            0.
       10764.        0.9726            0.
       10766.       0.97296            0.
       10768.       0.97248            0.
       10770.       0.97282            0.
       10772.       0.97304            0.
       10774.       0.97342            0.
       10776.       0.97344            0.
       10778.        0.9735            0.
       10780.       0.97338            0.
       10782.       0.97312            0.
       10784.        0.9736            0.
       10786.        0.9733            0.
       10788.       0.97324            0.
       10790.       0.97346            0.
       10792.       0.97308            0.
       10794.       0.97284            0.
       10796.       0.97244            0.
       10798.         0.972            0.
       10800.       0.97254            0.
       10802.        0.9723            0.
       10804.       0.97202            0.
       10806.       0.97222            0.
       10808.        0.9723            0.
       10810.       0.97278            0.
       10812.       0.97212            0.
       10814.       0.97236            0.
       10816.       0.97256            0.
       10818.       0.97232            0.
       10820.         0.972            0.
       10822.       0.97204            0.
       10824.        0.9719            0.
       10826.        0.9718            0.
       10828.       0.97144            0.
       10830.         0.971            0.
       10832.       0.97108            0.
       10834.       0.97144            0.
       10836.       0.97156            0.
       10838.       0.97198            0.
       10840.       0.97204            0.
       10842.       0.97192            0.
       10844.       0.97154            0.
       10846.       0.97188            0.
       10848.       0.97134            0.
       10850.       0.97102            0.
       10852.       0.97086            0.
       10854.       0.97114            0.
       10856.       0.97138            0.
       10858.       0.97154            0.
       10860.        0.9713            0.
       10862.       0.97156            0.
       10864.       0.97134            0.
       10866.       0.97156            0.
       10868.        0.9717            0.
       10870.       0.97128            0.
       10872.       0.97124            0.
       10874.       0.97104            0.
       10876.       0.97086            0.
       10878.       0.97044            0.
       10880.       0.97054            0.
       10882.       0.97002            0.
       10884.        0.9701            0.
       10886.        0.9699            0.
       10888.       0.97048            0.
       10890.       0.97074            0.
       10892.       0.97076            0.
       10894.        0.9716            0.
       10896.       0.97104            0.
       10898.       0.97062            0.
       10900.        0.9702            0.
       10902.       0.97016            0.
       10904.       0.96948            0.
       10906.       0.96962            0.
       10908.       0.96934            0.
       10910.        0.9694            0.
       10912.       0.96946            0.
       10914.       0.96948            0.
       10916.       0.96968            0.
       10918.       0.96924            0.
       10920.       0.96926            0.
       10922.       0.96934            0.
       10924.        0.9692            0.
       10926.       0.96944            0.
       10928.       0.96952            0.
       10930.       0.96972            0.
       10932.       0.96954            0.
       10934.       0.96916            0.
       10936.       0.96886            0.
       10938.       0.96848            0.
       10940.        0.9685            0.
       10942.        0.9681            0.
       10944.        0.9685            0.
       10946.       0.96874            0.
       10948.       0.96878            0.
       10950.       0.96906            0.
       10952.        0.9688            0.
       10954.       0.96868            0.
       10956.       0.96878            0.
       10958.       0.96876            0.
       10960.       0.96828            0.
       10962.       0.96792            0.
       10964.       0.96778            0.
       10966.       0.96756            0.
       10968.       0.96762            0.
       10970.        0.9675            0.
       10972.        0.9677            0.
       10974.       0.96728            0.
       10976.       0.96728            0.
       10978.       0.96754            0.
       10980.       0.96786            0.
       10982.       0.96774            0.
       10984.        0.9677            0.
       10986.       0.96794            0.
       10988.        0.9675            0.
       10990.        0.9671            0.
       10992.       0.96678            0.
       10994.       0.96648            0.
       10996.       0.96622            0.
       10998.       0.96542            0.
       11000.       0.96622            0.
       13000.            0.            0.
