        1200.    0.00516516         1230.
        1260.    0.01170369         1290.
        1320.    0.02136929         1350.
        1380.     0.0433663         1410.
        1440.     0.1178819         1470.
        1500.     0.2358194         1530.
        1560.     0.2982429         1590.
        1620.     0.3005688         1650.
        1680.     0.3028671         1710.
        1740.     0.2924627         1770.
        1800.     0.2762343         1830.
        1860.      0.239254         1890.
        1920.     0.1837585         1950.
        1980.     0.1235003         2010.
        2040.    0.07386132         2090.
        2100.    0.03112275         2110.
        2120.    0.02622348         2130.
        2140.    0.02219123         2150.
        2160.    0.01889653         2170.
        2180.    0.01620991         2190.
        2200.    0.01394408         2210.
        2220.    0.01208055         2230.
        2240.    0.01049216         2250.
        2260.   0.009171974         2270.
        2280.   0.008043684         2290.
        2300.   0.007098049         2310.
        2320.   0.006277265         2330.
        2340.   0.005588268         2350.
        2360.   0.004981351         2370.
        2380.   0.004466916         2390.
        2400.   0.004018374         2410.
        2420.   0.003631103         2430.
        2440.   0.003290073         2450.
        2460.    0.00299644         2470.
        2480.   0.002735177         2490.
        2500.   0.002508594         2510.
        2520.    0.00230282         2530.
        2540.   0.002121322         2550.
        2560.   0.001959478         2570.
        2580.   0.001811505         2590.
        2600.   0.001682029         2610.
        2620.   0.001566426         2630.
        2640.   0.001458915         2650.
        2660.   0.001362964         2670.
        2680.   0.001278574         2690.
        2700.   0.001202275         2710.
        2720.   0.001131757         2730.
        2740.   0.001063551         2750.
        2760.   0.001003437         2770.
        2780.   9.491039E-4         2790.
        2800.   8.970823E-4         2810.
        2820.   8.462169E-4         2830.
        2840.   8.011315E-4         2850.
        2860.   7.583583E-4         2870.
        2880.   7.213652E-4         2890.
        2900.   6.855282E-4         2910.
        2920.   6.496911E-4         2930.
        2940.   6.173222E-4         2950.
        2960.   5.895773E-4         2970.
        2980.   5.595204E-4         2990.
        3000.   5.317756E-4         3010.
        3020.   5.098110E-4         3030.
        3040.   4.820662E-4         3050.
        3060.   4.612576E-4         3070.
        3080.   4.427610E-4         3090.
        3100.   4.207964E-4         3110.
        3120.   4.034559E-4         3130.
        3140.   3.838033E-4         3150.
        3160.   3.676188E-4         3170.
        3180.   3.514343E-4         3190.
        3200.   3.375619E-4         3210.
        3220.   3.248455E-4         3230.
        3240.   3.109731E-4         3250.
        3260.   2.971007E-4         3270.
        3280.   2.866964E-4         3290.
        3300.   2.751361E-4         3310.
        3320.   2.658878E-4         3330.
        3340.   2.566396E-4         3350.
        3360.   2.473913E-4         3370.
        3380.   2.358309E-4         3390.
        3400.   2.312068E-4         3410.
        3420.   2.219585E-4         3430.
        3440.   2.138663E-4         3450.
        3460.   2.057740E-4         3470.
        3480.   1.988378E-4         3490.
        3500.   1.930577E-4         3510.
        3520.   1.849654E-4         3530.
        3540.   1.791853E-4         3550.
        3560.   1.734051E-4         3570.
        3580.   1.664689E-4         3590.
        3600.   1.618448E-4         3610.
        3620.   1.572206E-4         3630.
        3640.   1.514404E-4         3650.
        3660.   1.468163E-4         3670.
        3680.   1.421922E-4         3690.
        3700.   1.375680E-4         3710.
        3720.   1.340999E-4         3730.
        3740.   1.294758E-4         3750.
        3760.   1.260077E-4         3770.
        3780.   1.225396E-4         3790.
        3800.   1.190715E-4         3810.
        3820.   1.156034E-4         3830.
        3840.   1.121353E-4         3850.
        3860.   1.098232E-4         3870.
        3880.   1.063551E-4         3890.
        3900.   1.040431E-4         3910.
        3920.   1.005750E-4         3930.
        3940.   9.826289E-5         3950.
        3960.   9.479478E-5         3970.
        3980.   9.248272E-5         3990.
        4000.   9.017065E-5         4010.
        4020.   8.901461E-5         4030.
        4040.   8.670255E-5         4050.
        4060.   8.439049E-5         4070.
        4080.   8.207842E-5         4090.
        4100.   7.976635E-5         4110.
        4120.   7.861031E-5         4130.
        4140.   7.629825E-5         4150.
        4160.   7.514221E-5         4170.
        4180.   7.398618E-5         4190.
        4200.   7.167411E-5         4210.
        4220.   7.051807E-5         4230.
        4240.   6.820601E-5         4250.
        4260.   6.704997E-5         4270.
        4280.   6.589394E-5         4290.
        4300.   6.473791E-5         4310.
        4320.   6.242584E-5         4330.
        4340.   6.126980E-5         4350.
        4360.   6.011377E-5         4370.
        4380.   5.895773E-5         4390.
        4400.   5.780170E-5         4410.
        4420.   5.664567E-5         4430.
        4440.   5.548963E-5         4450.
        4460.   5.433360E-5         4470.
        4480.   5.317757E-5         4490.
        4500.   5.202153E-5         4510.
        4520.   5.202153E-5         4530.
        4540.   5.086550E-5         4550.
        4560.   4.970946E-5         4570.
        4580.   4.855343E-5         4590.
        4600.   4.739739E-5         4610.
        4620.   4.739739E-5         4630.
        4640.   4.624136E-5         4650.
        4660.   4.508533E-5         4670.
        4680.   4.508533E-5         4690.
        4700.   4.392929E-5         4710.
        4720.   4.277326E-5         4730.
        4740.   4.277326E-5         4750.
        4760.   4.161723E-5         4770.
        4780.   4.046119E-5         4790.
        4800.   4.046119E-5         4810.
        4820.   3.930516E-5         4830.
        4840.   3.930516E-5         4850.
        4860.   3.814912E-5         4870.
        4880.   3.814912E-5         4890.
        4900.   3.699309E-5         4910.
        4920.   3.699309E-5         4930.
        4940.   3.583705E-5         4950.
        4960.   3.583705E-5         4970.
        4980.   3.468102E-5         4990.
        5000.   3.468102E-5         5010.
        5020.   3.468102E-5         5030.
        5040.   3.352499E-5         5050.
        5060.   3.352499E-5         5070.
        5080.   3.236895E-5         5090.
        5100.   3.236895E-5         5110.
        5120.   3.236895E-5         5130.
        5140.   3.121292E-5         5150.
        5160.   3.121292E-5         5170.
        5180.   3.121292E-5         5190.
        5200.   3.005688E-5         5210.
        5220.   3.005688E-5         5230.
        5240.   3.005688E-5         5250.
        5260.   2.890085E-5         5270.
        5280.   2.890085E-5         5290.
        5300.   2.890085E-5         5310.
        5320.   2.774482E-5         5330.
        5340.   2.774482E-5         5350.
        5360.   2.774482E-5         5370.
        5380.   2.658878E-5         5390.
        5400.   2.658878E-5         5410.
        5420.   2.658878E-5         5430.
        5440.   2.658878E-5         5450.
        5460.   2.658878E-5         5470.
        5480.   2.543275E-5         5490.
        5500.   2.543275E-5         5510.
        5520.   2.543275E-5         5530.
        5540.   2.543275E-5         5550.
        5560.   2.427671E-5         5570.
        5580.   2.427671E-5         5590.
        5600.   2.427671E-5         5610.
        5620.   2.427671E-5         5630.
        5640.   2.312068E-5         5650.
        5660.   2.312068E-5         5670.
        5680.   2.312068E-5         5690.
        5700.   2.312068E-5         5710.
        5720.   2.312068E-5         5730.
        5740.   2.312068E-5         5750.
        5760.   2.196464E-5         5770.
        5780.   2.196464E-5         5790.
        5800.   2.196464E-5         5810.
        5820.   2.196464E-5         5830.
        5840.   2.196464E-5         5850.
        5860.   2.196464E-5         5870.
        5880.   2.080861E-5         5890.
        5900.   2.080861E-5         5910.
        5920.   2.080861E-5         5930.
        5940.   2.080861E-5         5950.
        5960.   2.080861E-5         5970.
        5980.   2.080861E-5         5990.
        6000.   2.080861E-5         6010.
        6020.   2.080861E-5         6030.
        6040.   2.080861E-5         6050.
        6060.   1.965258E-5         6070.
        6080.   1.965258E-5         6090.
        6100.   1.965258E-5         6110.
        6120.   1.965258E-5         6130.
        6140.   1.965258E-5         6150.
        6160.   1.965258E-5         6170.
        6180.   1.965258E-5         6190.
        6200.   1.965258E-5         6210.
        6220.   1.965258E-5         6230.
        6240.   1.965258E-5         6250.
        6260.   1.965258E-5         6270.
        6280.   1.965258E-5         6290.
        6300.   1.849654E-5         6310.
        6320.   1.849654E-5         6330.
        6340.   1.849654E-5         6350.
        6360.   1.849654E-5         6370.
        6380.   1.849654E-5         6390.
        6400.   1.849654E-5         6410.
        6420.   1.849654E-5         6430.
        6440.   1.849654E-5         6450.
        6460.   1.849654E-5         6470.
        6480.   1.849654E-5         6490.
        6500.   1.849654E-5         6510.
        6520.   1.849654E-5         6530.
        6540.   1.849654E-5         6550.
        6560.   1.849654E-5         6570.
        6580.   1.849654E-5         6590.
        6600.   1.849654E-5         6610.
        6620.   1.849654E-5         6630.
        6640.   1.849654E-5         6650.
        6660.   1.849654E-5         6670.
        6680.   1.849654E-5         6690.
        6700.   1.849654E-5         6710.
        6720.   1.849654E-5         6730.
        6740.   1.849654E-5         6750.
        6760.   1.849654E-5         6770.
        6780.   1.849654E-5         6790.
        6800.   1.849654E-5         6810.
        6820.   1.849654E-5         6830.
        6840.   1.849654E-5         6850.
        6860.   1.849654E-5         6870.
        6880.   1.849654E-5         6890.
        6900.   1.849654E-5         6910.
        6920.   1.849654E-5         6930.
        6940.   1.849654E-5         6950.
        6960.   1.849654E-5         6970.
        6980.   1.965258E-5         6990.
        7000.   1.965258E-5         7010.
        7020.   1.965258E-5         7030.
        7040.   1.965258E-5         7050.
        7060.   1.965258E-5         7070.
        7080.   1.965258E-5         7090.
        7100.   1.965258E-5         7110.
        7120.   1.965258E-5         7130.
        7140.   1.965258E-5         7150.
        7160.   1.965258E-5         7170.
        7180.   2.080861E-5         7190.
        7200.   2.080861E-5         7210.
        7220.   2.080861E-5         7230.
        7240.   2.080861E-5         7250.
        7260.   2.080861E-5         7270.
        7280.   2.196464E-5         7290.
        7300.   2.196464E-5         7310.
        7320.   2.196464E-5         7330.
        7340.   2.196464E-5         7350.
        7360.   2.196464E-5         7370.
        7380.   2.312068E-5         7390.
        7400.   2.312068E-5         7410.
        7420.   2.312068E-5         7430.
        7440.   2.312068E-5         7450.
        7460.   2.427671E-5         7470.
        7480.   2.427671E-5         7490.
        7500.   2.427671E-5         7510.
        7520.   2.543275E-5         7530.
        7540.   2.543275E-5         7550.
        7560.   2.658878E-5         7570.
        7580.   2.658878E-5         7590.
        7600.   2.658878E-5         7610.
        7620.   2.774482E-5         7630.
        7640.   2.774482E-5         7650.
        7660.   2.890085E-5         7670.
        7680.   2.890085E-5         7690.
        7700.   3.005688E-5         7710.
        7720.   3.005688E-5         7730.
        7740.   3.121292E-5         7750.
        7760.   3.121292E-5         7770.
        7780.   3.236895E-5         7790.
        7800.   3.352499E-5         7810.
        7820.   3.352499E-5         7830.
        7840.   3.468102E-5         7850.
        7860.   3.583705E-5         7870.
        7880.   3.699309E-5         7890.
        7900.   3.699309E-5         7910.
        7920.   3.814912E-5         7930.
        7940.   3.930516E-5         7950.
        7960.   3.930516E-5         7970.
        7980.   4.046119E-5         7990.
        8000.   2.890085E-5         8010.
        8020.   3.930516E-5         8030.
        8040.   4.855343E-5         8050.
        8060.   5.317757E-5         8070.
        8080.   5.086550E-5         8090.
        8100.   5.202153E-5         8110.
        8120.   5.086550E-5         8130.
        8140.   4.624136E-5         8150.
        8160.   4.392929E-5         8170.
        8180.   5.433360E-5         8190.
        8200.   5.086550E-5         8210.
        8220.   6.126980E-5         8230.
        8240.   5.895773E-5         8250.
        8260.   5.317757E-5         8270.
        8280.   5.317757E-5         8290.
        8300.   6.358187E-5         8310.
        8320.   6.358187E-5         8330.
        8340.   5.780170E-5         8350.
        8360.   6.126980E-5         8370.
        8380.   6.473791E-5         8390.
        8400.   6.820601E-5         8410.
        8420.   7.398618E-5         8430.
        8440.   7.167411E-5         8450.
        8460.   6.242584E-5         8470.
        8480.   7.051807E-5         8490.
        8500.   7.745428E-5         8510.
        8520.   6.704997E-5         8530.
        8540.   8.323445E-5         8550.
        8560.   7.629825E-5         8570.
        8580.   6.011377E-5         8590.
        8600.   7.398618E-5         8610.
        8620.   6.589394E-5         8630.
        8640.   7.398618E-5         8650.
        8660.   7.514221E-5         8670.
        8680.   7.861031E-5         8690.
        8700.   8.554652E-5         8710.
        8720.   6.820601E-5         8730.
        8740.   6.473791E-5         8750.
        8760.   7.745428E-5         8770.
        8780.   7.514221E-5         8790.
        8800.   8.092238E-5         8810.
        8820.   7.861031E-5         8830.
        8840.   7.976635E-5         8850.
        8860.   7.745428E-5         8870.
        8880.   7.976635E-5         8890.
        8900.   7.976635E-5         8910.
        8920.   6.589394E-5         8930.
        8940.   7.629825E-5         8950.
        8960.   6.936204E-5         8970.
        8980.   7.745428E-5         8990.
        9000.   7.051807E-5         9010.
        9020.   6.358187E-5         9030.
        9040.   8.092238E-5         9050.
        9060.   7.051807E-5         9070.
        9080.   8.439049E-5         9090.
        9100.   6.936204E-5         9110.
        9120.   7.051807E-5         9130.
        9140.   7.283014E-5         9150.
        9160.   7.051807E-5         9170.
        9180.   7.398618E-5         9190.
        9200.   7.861031E-5         9210.
        9220.   7.861031E-5         9230.
        9240.   6.936204E-5         9250.
        9260.   6.126980E-5         9270.
        9280.   6.704997E-5         9290.
        9300.   6.936204E-5         9310.
        9320.   6.820601E-5         9330.
        9340.   6.704997E-5         9350.
        9360.   7.514221E-5         9370.
        9380.   6.473791E-5         9390.
        9400.   6.704997E-5         9410.
        9420.   6.358187E-5         9430.
        9440.   6.936204E-5         9450.
        9460.   6.473791E-5         9470.
        9480.   6.126980E-5         9490.
        9500.   5.895773E-5         9510.
        9520.   6.011377E-5         9530.
        9540.   5.895773E-5         9550.
        9560.   5.895773E-5         9570.
        9580.   5.895773E-5         9590.
        9600.   6.589394E-5         9610.
        9620.   7.398618E-5         9630.
        9640.   5.664567E-5         9650.
        9660.   6.358187E-5         9670.
        9680.   6.820601E-5         9690.
        9700.   6.011377E-5         9710.
        9720.   6.704997E-5         9730.
        9740.   5.548963E-5         9750.
        9760.   6.126980E-5         9770.
        9780.   6.011377E-5         9790.
        9800.   5.433360E-5         9810.
        9820.   6.936204E-5         9830.
        9840.   4.739739E-5         9850.
        9860.   4.739739E-5         9870.
        9880.   4.508533E-5         9890.
        9900.   5.202153E-5         9910.
        9920.   4.855343E-5         9930.
        9940.   5.202153E-5         9950.
        9960.   5.317757E-5         9970.
        9980.   4.855343E-5         9990.
       10000.   4.392929E-5        10010.
       10020.   5.086550E-5        10030.
       10040.   4.624136E-5        10050.
       10060.   4.392929E-5        10070.
       10080.   4.970946E-5        10090.
       10100.   4.855343E-5        10110.
       10120.   5.780170E-5        10130.
       10140.   5.780170E-5        10150.
       10160.   3.814912E-5        10170.
       10180.   4.739739E-5        10190.
       10200.   5.780170E-5        10210.
       10220.   4.392929E-5        10230.
       10240.   5.086550E-5        10250.
       10260.   4.739739E-5        10270.
       10280.   4.624136E-5        10290.
       10300.   4.508533E-5        10310.
       10320.   4.624136E-5        10330.
       10340.   4.855343E-5        10350.
       10360.   5.780170E-5        10370.
       10380.   5.433360E-5        10390.
       10400.   4.392929E-5        10410.
       10420.   4.970946E-5        10430.
       10440.   4.392929E-5        10450.
       10460.   4.739739E-5        10470.
       10480.   4.277326E-5        10490.
       10500.   3.699309E-5        10510.
       10520.   5.317757E-5        10530.
       10540.   4.392929E-5        10550.
       10560.   3.699309E-5        10570.
       10580.   5.086550E-5        10590.
       10600.   3.121292E-5        10610.
       10620.   4.855343E-5        10630.
       10640.   3.814912E-5        10650.
       10660.   3.352499E-5        10670.
       10680.   4.739739E-5        10690.
       10700.   4.970946E-5        10710.
       10720.   4.277326E-5        10730.
       10740.   3.814912E-5        10750.
       10760.   4.392929E-5        10770.
       10780.   3.930516E-5        10790.
       10800.   4.392929E-5        10810.
       10820.   3.583705E-5        10830.
       10840.   4.046119E-5        10850.
       10860.   4.392929E-5        10870.
       10880.   4.161723E-5        10890.
       10900.   3.468102E-5        10910.
       10920.   3.236895E-5        10930.
       10940.   4.161723E-5        10950.
       10960.   2.543275E-5        10970.
       10980.   3.583705E-5        10990.
       11000.   4.046119E-5         INDEF
