         100.            0.            0.
        1900.            0.            0.
        1950.            0.            0.
        2000.            0.            0.
        2050.            0.            0.
        2100.            0.            0.
        2150.            0.            0.
        2200.            0.            0.
        2250.            0.            0.
        2300.            0.            0.
        2350.            0.            0.
        2400.            0.            0.
        2450.            0.            0.
        2500.            0.            0.
        2550.            0.            0.
        2600.            0.            0.
        2650.            0.            0.
        2700.            0.            0.
        2750.            0.            0.
        2800.            0.            0.
        2850.            0.            0.
        2900.            0.            0.
        2950.            0.            0.
        3000.            0.            0.
        3050.            0.            0.
        3100.            0.            0.
        3150.            0.            0.
        3200.            0.            0.
        3250.            0.            0.
        3300.            0.            0.
        3350.            0.            0.
        3400.            0.            0.
        3450.            0.            0.
        3500.            0.            0.
        3550.            0.            0.
        3600.            0.            0.
        3650.            0.            0.
        3700.            0.            0.
        3750.            0.            0.
        3800.            0.            0.
        3850.            0.            0.
        3900.            0.            0.
        3950.            0.            0.
        4000.            0.            0.
        4050.            0.            0.
        4100.            0.            0.
        4150.            0.            0.
        4200.            0.            0.
        4250.            0.            0.
        4300.            0.            0.
        4350.            0.            0.
        4400.            0.            0.
        4450.            0.            0.
        4500.            0.            0.
        4550.            0.            0.
        4600.            0.            0.
        4650.            0.            0.
        4700.            0.            0.
        4750.            0.            0.
        4800.            0.            0.
        4850.            0.            0.
        4900.            0.            0.
        4950.            0.            0.
        5000.            0.            0.
        5050.            0.            0.
        5100.            0.            0.
        5150.            0.            0.
        5200.            0.            0.
        5250.            0.            0.
        5300.            0.            0.
        5350.            0.            0.
        5400.            0.            0.
        5450.            0.            0.
        5500.            0.            0.
        5550.            0.            0.
        5600.            0.            0.
        5650.            0.            0.
        5700.            0.            0.
        5750.            0.            0.
        5800.            0.            0.
        5850.            0.            0.
        5900.            0.            0.
        5950.            0.            0.
        6000.            0.            0.
        6050.            0.            0.
        6100.            0.            0.
        6150.            0.            0.
        6200.            0.            0.
        6250.            0.            0.
        6300.            0.            0.
        6350.            0.            0.
        6400.            0.            0.
        6450.            0.            0.
        6500.            0.            0.
        6550.            0.            0.
        6600.            0.            0.
        6650.            0.            0.
        6700.            0.            0.
        6750.            0.            0.
        6800.            0.            0.
        6850.            0.            0.
        6900.            0.            0.
        6950.            0.            0.
        7000.            0.            0.
        7050.            0.            0.
        7100.            0.            0.
        7150.            0.            0.
        7200.            0.            0.
        7250.            0.            0.
        7300.            0.            0.
        7350.            0.            0.
        7400.            0.            0.
        7450.            0.            0.
        7500.            0.            0.
        7550.            0.            0.
        7600.            0.            0.
        7650.            0.            0.
        7700.            0.            0.
        7750.            0.            0.
        7800.            0.            0.
        7850.            0.            0.
        7900.            0.            0.
        8310.       0.00418            0.
        8320.       0.01067            0.
        8330.       0.01749            0.
        8340.       0.02638            0.
        8350.       0.03583            0.
        8360.        0.0476            0.
        8370.       0.05983            0.
        8380.       0.07533            0.
        8390.       0.09025            0.
        8400.       0.10941            0.
        8410.         0.128            0.
        8420.       0.14907            0.
        8430.       0.17101            0.
        8440.       0.19486            0.
        8450.       0.21873            0.
        8460.       0.24548            0.
        8470.       0.27061            0.
        8480.       0.29838            0.
        8490.       0.32471            0.
        8500.       0.35318            0.
        8510.       0.37934            0.
        8520.       0.40792            0.
        8530.       0.43384            0.
        8540.       0.46077            0.
        8550.       0.48498            0.
        8560.       0.51063            0.
        8570.       0.53385            0.
        8580.       0.55707            0.
        8590.       0.57715            0.
        8600.       0.59863            0.
        8610.       0.61757            0.
        8620.       0.63743            0.
        8630.       0.65519            0.
        8640.       0.67317            0.
        8650.       0.68789            0.
        8660.       0.70418            0.
        8670.       0.71799            0.
        8680.       0.73178            0.
        8690.       0.74502            0.
        8700.       0.75732            0.
        8710.       0.76942            0.
        8720.       0.78006            0.
        8730.        0.7902            0.
        8740.       0.80028            0.
        8750.       0.80838            0.
        8760.       0.81816            0.
        8770.         0.826            0.
        8780.       0.83284            0.
        8790.          0.84            0.
        8800.       0.84708            0.
        8810.       0.85282            0.
        8820.       0.85792            0.
        8830.        0.8621            0.
        8840.       0.86822            0.
        8850.        0.8724            0.
        8860.        0.8752            0.
        8870.       0.87986            0.
        8880.       0.88356            0.
        8890.         0.888            0.
        8900.       0.89052            0.
        8910.       0.89512            0.
        8920.       0.89748            0.
        8930.       0.89992            0.
        8940.       0.90286            0.
        8950.        0.9044            0.
        8960.       0.90658            0.
        8970.       0.90968            0.
        8980.        0.9097            0.
        8990.       0.91334            0.
        9000.       0.91476            0.
        9010.        0.9143            0.
        9020.       0.91734            0.
        9030.        0.9195            0.
        9040.        0.9204            0.
        9050.       0.92218            0.
        9060.       0.92358            0.
        9070.       0.92306            0.
        9080.        0.9249            0.
        9090.       0.92564            0.
        9100.        0.9264            0.
        9110.       0.92814            0.
        9120.       0.92804            0.
        9130.       0.92894            0.
        9140.       0.93002            0.
        9150.       0.92948            0.
        9160.        0.9317            0.
        9170.       0.93062            0.
        9180.       0.93202            0.
        9190.         0.932            0.
        9200.       0.93298            0.
        9210.       0.93318            0.
        9220.       0.93426            0.
        9230.       0.93552            0.
        9240.       0.93518            0.
        9250.       0.93548            0.
        9260.       0.93508            0.
        9270.       0.93662            0.
        9280.       0.93544            0.
        9290.       0.93502            0.
        9300.        0.9373            0.
        9310.        0.9355            0.
        9320.       0.93734            0.
        9330.       0.93632            0.
        9340.       0.93842            0.
        9350.        0.9372            0.
        9360.       0.93758            0.
        9370.       0.93906            0.
        9380.        0.9383            0.
        9390.       0.93718            0.
        9400.        0.9388            0.
        9410.       0.93758            0.
        9420.       0.93818            0.
        9430.       0.93946            0.
        9440.        0.9391            0.
        9450.       0.93914            0.
        9460.       0.93866            0.
        9470.       0.94048            0.
        9480.       0.94018            0.
        9490.         0.939            0.
        9500.       0.93976            0.
        9510.       0.94004            0.
        9520.       0.93988            0.
        9530.       0.93924            0.
        9540.       0.93978            0.
        9550.       0.93974            0.
        9560.       0.94116            0.
        9570.        0.9385            0.
        9580.       0.93936            0.
        9590.       0.94026            0.
        9600.        0.9397            0.
        9610.        0.9393            0.
        9620.       0.93946            0.
        9630.       0.94012            0.
        9640.       0.94006            0.
        9650.       0.94048            0.
        9660.       0.94046            0.
        9670.       0.93988            0.
        9680.       0.93806            0.
        9690.        0.9406            0.
        9700.       0.94088            0.
        9710.       0.93984            0.
        9720.       0.94118            0.
        9730.       0.93922            0.
        9740.       0.93932            0.
        9750.       0.93986            0.
        9760.       0.94072            0.
        9770.       0.94174            0.
        9780.       0.94018            0.
        9790.        0.9411            0.
        9800.       0.94072            0.
        9810.       0.93946            0.
        9820.        0.9407            0.
        9830.        0.9402            0.
        9840.       0.93886            0.
        9850.        0.9406            0.
        9860.       0.94018            0.
        9870.       0.94098            0.
        9880.        0.9408            0.
        9890.        0.9411            0.
        9900.       0.94048            0.
        9910.       0.93988            0.
        9920.       0.93988            0.
        9930.       0.94038            0.
        9940.       0.94022            0.
        9950.        0.9403            0.
        9960.       0.94054            0.
        9970.       0.93964            0.
        9980.        0.9412            0.
        9990.       0.94084            0.
       10000.       0.94068            0.
       10010.       0.94114            0.
       10020.       0.94176            0.
       10030.       0.94188            0.
       10040.        0.9402            0.
       10050.       0.94082            0.
       10060.       0.94038            0.
       10070.        0.9387            0.
       10080.       0.93962            0.
       10090.       0.93944            0.
       10100.       0.93904            0.
       10110.       0.93812            0.
       10120.       0.93916            0.
       10130.       0.94064            0.
       10140.       0.94012            0.
       10150.       0.93998            0.
       10160.       0.93976            0.
       10170.       0.94002            0.
       10180.       0.94042            0.
       10190.       0.94012            0.
       10200.       0.93986            0.
       10210.       0.93912            0.
       10220.       0.94014            0.
       10230.       0.94056            0.
       10240.       0.94098            0.
       10250.       0.94028            0.
       10260.       0.93814            0.
       10270.        0.9392            0.
       10280.       0.93848            0.
       10290.       0.93892            0.
       10300.       0.93952            0.
       10310.        0.9394            0.
       10320.       0.93818            0.
       10330.       0.93898            0.
       10340.       0.93904            0.
       10350.       0.93876            0.
       10360.       0.93934            0.
       10370.       0.93864            0.
       10380.       0.93896            0.
       10390.         0.938            0.
       10400.        0.9386            0.
       10410.       0.93814            0.
       10420.       0.93758            0.
       10430.       0.93708            0.
       10440.       0.93772            0.
       10450.       0.93832            0.
       10460.       0.93828            0.
       10470.       0.93974            0.
       10480.       0.93778            0.
       10490.       0.93822            0.
       10500.       0.93762            0.
       10510.       0.93752            0.
       10520.        0.9366            0.
       10530.        0.9372            0.
       10540.       0.93794            0.
       10550.       0.93822            0.
       10560.       0.93658            0.
       10570.       0.93744            0.
       10580.       0.93588            0.
       10590.        0.9371            0.
       10600.       0.93614            0.
       10610.        0.9367            0.
       10620.       0.93778            0.
       10630.       0.93588            0.
       10640.       0.93672            0.
       10650.         0.937            0.
       10660.        0.9373            0.
       10670.       0.93698            0.
       10680.       0.93478            0.
       10690.       0.93648            0.
       10700.       0.93566            0.
       10710.        0.9355            0.
       10720.        0.9348            0.
       10730.       0.93588            0.
       10740.       0.93602            0.
       10750.       0.93728            0.
       10760.       0.93758            0.
       10770.       0.93706            0.
       10780.       0.93602            0.
       10790.       0.93616            0.
       10800.       0.93566            0.
       10810.        0.9355            0.
       10820.       0.93626            0.
       10830.       0.93714            0.
       10840.        0.9339            0.
       10850.       0.93478            0.
       10860.        0.9347            0.
       10870.       0.93428            0.
       10880.       0.93488            0.
       10890.       0.93504            0.
       10900.       0.93624            0.
       10910.       0.93442            0.
       10920.        0.9349            0.
       10930.       0.93438            0.
       10940.       0.93348            0.
       10950.       0.93298            0.
       10960.       0.93404            0.
       10970.       0.93402            0.
       10980.       0.93488            0.
       10990.       0.93368            0.
       11000.       0.93482            0.
       13000.            0.            0.
