        1850.   4.454531E-6         1860.
        1870.   2.489426E-6         1880.
        1890.   3.966559E-6         1900.
        1910.   2.599578E-6         1920.
        1930.   3.291330E-6         1940.
        1950.   3.531460E-6         1960.
        1970.   3.293533E-6         1980.
        1990.   3.791418E-6         2000.
        2010.   3.310056E-6         2020.
        2030.   2.910205E-6         2040.
        2050.   2.606187E-6         2060.
        2070.   2.871652E-6         2080.
        2090.   2.751587E-6         2100.
        2110.   2.656857E-6         2120.
        2130.   2.555517E-6         2140.
        2150.   2.566532E-6         2160.
        2170.   2.475107E-6         2180.
        2190.   2.407914E-6         2200.
        2210.   2.540096E-6         2220.
        2230.   2.280138E-6         2240.
        2250.   2.237179E-6         2260.
        2270.   2.303270E-6         2280.
        2290.   2.226164E-6         2300.
        2310.   2.234976E-6         2320.
        2330.   2.190915E-6         2340.
        2350.   2.193118E-6         2360.
        2370.   2.020180E-6         2380.
        2390.   1.936465E-6         2400.
        2410.   1.853851E-6         2420.
        2430.   1.960698E-6         2440.
        2450.   1.945277E-6         2460.
        2470.   1.959597E-6         2480.
        2490.   1.926551E-6         2500.
        2510.   1.890201E-6         2520.
        2530.   1.879186E-6         2540.
        2550.   1.863765E-6         2560.
        2570.   1.880288E-6         2580.
        2590.   1.747004E-6         2600.
        2610.   1.718365E-6         2620.
        2630.   1.815298E-6         2640.
        2650.   1.787761E-6         2660.
        2670.   1.747004E-6         2680.
        2690.   1.724974E-6         2700.
        2710.   1.669898E-6         2720.
        2730.   1.674304E-6         2740.
        2750.   1.652274E-6         2760.
        2770.   1.618127E-6         2780.
        2790.   1.600503E-6         2800.
        2810.   1.557544E-6         2820.
        2830.   1.577371E-6         2840.
        2850.   1.607112E-6         2860.
        2870.   1.530006E-6         2880.
        2890.   1.467219E-6         2900.
        2910.   1.476031E-6         2920.
        2930.   1.557544E-6         2940.
        2950.   1.585082E-6         2960.
        2970.   1.465016E-6         2980.
        2990.   1.431971E-6         3000.
        3010.   1.597198E-6         3020.
        3030.   1.655579E-6         3040.
        3050.   1.630244E-6         3060.
        3070.   1.539919E-6         3080.
        3090.   1.572965E-6         3100.
        3110.   1.576269E-6         3120.
        3130.   1.467219E-6         3140.
        3150.   1.472727E-6         3160.
        3170.   1.530006E-6         3180.
        3190.   1.598300E-6         3200.
        3210.   1.601604E-6         3220.
        3230.   1.604909E-6         3240.
        3250.   1.546529E-6         3260.
        3270.   1.487047E-6         3280.
        3290.   1.498062E-6         3300.
        3310.   1.528904E-6         3320.
        3330.   1.641259E-6         3340.
        3350.   1.528904E-6         3360.
        3370.   1.754715E-6         3380.
        3390.   1.914435E-6         3400.
        3410.   1.835126E-6         3420.
        3430.   1.766832E-6         3440.
        3450.   1.685319E-6         3460.
        3470.   1.793268E-6         3480.
        3490.   1.751410E-6         3500.
        3510.   1.693030E-6         3520.
        3530.   1.733786E-6         3540.
        3550.   1.682015E-6         3560.
        3570.   1.724974E-6         3580.
        3590.   1.774542E-6         3600.
        3610.   1.717263E-6         3620.
        3630.   1.738192E-6         3640.
        3650.   1.715060E-6         3660.
        3670.   1.699639E-6         3680.
        3690.   1.665492E-6         3700.
        3710.   1.664391E-6         3720.
        3730.   1.711756E-6         3740.
        3750.   1.641259E-6         3760.
        3770.   1.634650E-6         3780.
        3790.   1.608213E-6         3800.
        3810.   1.669898E-6         3820.
        3830.   1.598300E-6         3840.
        3850.   1.646766E-6         3860.
        3870.   1.632447E-6         3880.
        3890.   1.683116E-6         3900.
        3910.   1.598300E-6         3920.
        3930.   1.639056E-6         3940.
        3950.   1.656680E-6         3960.
        3970.   1.659985E-6         3980.
        3990.   1.677609E-6         4000.
        4010.   1.695233E-6         4020.
        4030.   1.625838E-6         4040.
        4050.   1.645665E-6         4060.
        4070.   1.639056E-6         4080.
        4090.   1.688624E-6         4100.
        4110.   1.685319E-6         4120.
        4130.   1.625838E-6         4140.
        4150.   1.657782E-6         4160.
        4170.   1.606010E-6         4180.
        4190.   1.610416E-6         4200.
        4210.   1.641259E-6         4220.
        4230.   1.623635E-6         4240.
        4250.   1.579574E-6         4260.
        4270.   1.526701E-6         4280.
        4290.   1.389012E-6         4300.
        4310.   1.087417E-6         4320.
        4330.   7.499121E-7         4340.
        4350.   5.844644E-7         4360.
        4370.   9.286882E-7         4380.
        4390.   1.820806E-6         4400.
        4410.   2.542299E-6         4420.
        4430.   2.547807E-6         4440.
        4450.   2.141347E-6         4460.
        4470.   1.785558E-6         4480.
        4490.   1.590589E-6         4500.
        4510.   1.645665E-6         4520.
        4530.   1.617026E-6         4540.
        4550.   1.647868E-6         4560.
        4570.   1.713959E-6         4580.
        4590.   1.713959E-6         4600.
        4610.   1.748106E-6         4620.
        4630.   1.811994E-6         4640.
        4650.   1.816400E-6         4660.
        4670.   1.808689E-6         4680.
        4690.   1.807588E-6         4700.
        4710.   1.854953E-6         4720.
        4730.   1.870374E-6         4740.
        4750.   1.937567E-6         4760.
        4770.   1.915536E-6         4780.
        4790.   1.986033E-6         4800.
        4810.   1.993744E-6         4820.
        4830.   2.071952E-6         4840.
        4850.   2.218453E-6         4860.
        4870.   2.568735E-6         4880.
        4952.   8.178757E-6         4954.
        4960.   3.002733E-5         4962.
        4964.   1.102618E-4         4966.
        4968.   2.591867E-4         4970.
        4972.   4.549261E-4         4974.
        4976.   0.001183028         4978.
        4980.   0.003290228         4982.
        4984.    0.01104821         4986.
        4988.    0.04167035         4990.
        4992.     0.1545427         4994.
        4996.     0.4208893         4998.
        5000.     0.6116719         5002.
        5004.     0.6332615         5006.
        5008.     0.6374473         5010.
        5012.     0.6331514         5014.
        5016.     0.6100196         5018.
        5020.     0.5757625         5022.
        5024.     0.5545032         5026.
        5028.     0.4978852         5030.
        5032.     0.2321996         5034.
        5036.    0.05105526         5038.
        5040.    0.01203957         5042.
        5044.   0.003620683         5046.
        5048.    0.00131521         5050.
        5052.   5.925055E-4         5054.
        5056.   2.591867E-4         5058.
        5060.   1.671000E-4         5062.
        5064.   3.002733E-5         5074.
        5100.   3.347507E-6         5110.
        5120.   2.313184E-6         5130.
        5140.   1.997048E-6         5150.
        5160.   1.972815E-6         5170.
        5180.   1.966206E-6         5190.
        5200.   1.887998E-6         5210.
        5220.   1.852750E-6         5230.
        5240.   1.856054E-6         5250.
        5260.   1.896811E-6         5270.
        5280.   1.917739E-6         5290.
        5300.   1.941973E-6         5310.
        5320.   1.886897E-6         5330.
        5340.   1.868171E-6         5350.
        5360.   1.924348E-6         5370.
        5380.   1.783354E-6         5390.
        5400.   1.772339E-6         5410.
        5420.   1.775644E-6         5430.
        5440.   1.811994E-6         5450.
        5460.   1.673203E-6         5470.
        5480.   1.720568E-6         5490.
        5500.   1.744801E-6         5510.
        5520.   1.713959E-6         5530.
        5540.   1.678710E-6         5550.
        5560.   1.654477E-6         5570.
        5580.   1.641259E-6         5590.
        5600.   1.647868E-6         5610.
        5620.   1.607112E-6         5630.
        5640.   1.614822E-6         5650.
        5660.   1.737091E-6         5670.
        5680.   1.926551E-6         5690.
        5700.   1.536615E-6         5710.
        5720.   1.494757E-6         5730.
        5740.   1.505772E-6         5750.
        5760.   1.495859E-6         5770.
        5780.   1.494757E-6         5790.
        5800.   1.499163E-6         5810.
        5820.   1.478234E-6         5830.
        5840.   1.456204E-6         5850.
        5860.   1.458407E-6         5870.
        5880.   1.447392E-6         5890.
        5900.   1.462813E-6         5910.
        5920.   1.425362E-6         5930.
        5940.   1.449595E-6         5950.
        5960.   1.458407E-6         5970.
        5980.   1.461712E-6         5990.
        6000.   1.469422E-6         6010.
        6020.   1.446291E-6         6030.
        6040.   1.429768E-6         6050.
        6060.   1.449595E-6         6070.
        6080.   1.428666E-6         6090.
        6100.   1.489250E-6         6110.
        6120.   1.444088E-6         6130.
        6140.   1.444088E-6         6150.
        6160.   1.422057E-6         6170.
        6180.   1.438580E-6         6190.
        6200.   1.451798E-6         6210.
        6220.   1.463915E-6         6230.
        6240.   1.409941E-6         6250.
        6260.   1.439681E-6         6270.
        6280.   1.460610E-6         6290.
        6300.   1.440783E-6         6310.
        6320.   1.445189E-6         6330.
        6340.   1.457306E-6         6350.
        6360.   1.498062E-6         6370.
        6380.   1.549833E-6         6390.
        6400.   1.549833E-6         6410.
        6420.   1.548732E-6         6430.
        6440.   1.511280E-6         6450.
        6460.   1.476031E-6         6470.
        6480.   1.438580E-6         6490.
        6500.   1.405534E-6         6510.
        6520.   1.424260E-6         6530.
        6540.   1.461712E-6         6550.
        6560.   1.466118E-6         6570.
        6580.   1.491453E-6         6590.
        6600.   1.440783E-6         6610.
        6620.   1.461712E-6         6630.
        6640.   1.416550E-6         6650.
        6660.   1.385707E-6         6670.
        6680.   1.381301E-6         6690.
        6700.   1.364778E-6         6710.
        6720.   1.346053E-6         6730.
        6740.   1.327327E-6         6750.
        6760.   1.337240E-6         6770.
        6780.   1.368083E-6         6790.
        6800.   1.363677E-6         6810.
        6820.   1.339443E-6         6830.
        6840.   1.359271E-6         6850.
        6860.   1.380200E-6         6870.
        6880.   1.368083E-6         6890.
        6900.   1.392316E-6         6910.
        6920.   1.386809E-6         6930.
        6940.   1.411042E-6         6950.
        6960.   1.386809E-6         6970.
        6980.   1.431971E-6         6990.
        7000.   1.372489E-6         7010.
        7020.   1.400027E-6         7030.
        7040.   1.401128E-6         7050.
        7060.   1.425362E-6         7070.
        7080.   1.402230E-6         7090.
        7100.   1.422057E-6         7110.
        7120.   1.384606E-6         7130.
        7140.   1.381301E-6         7150.
        7160.   1.409941E-6         7170.
        7180.   1.452900E-6         7190.
        7200.   1.440783E-6         7210.
        7220.   1.441884E-6         7230.
        7240.   1.437478E-6         7250.
        7260.   1.409941E-6         7270.
        7280.   1.446291E-6         7290.
        7300.   1.414346E-6         7310.
        7320.   1.428666E-6         7330.
        7340.   1.433072E-6         7350.
        7360.   1.448494E-6         7370.
        7380.   1.428666E-6         7390.
        7400.   1.422057E-6         7410.
        7420.   1.435275E-6         7430.
        7440.   1.426463E-6         7450.
        7460.   1.420956E-6         7470.
        7480.   1.418753E-6         7490.
        7500.   1.458407E-6         7510.
        7520.   1.457306E-6         7530.
        7540.   1.469422E-6         7550.
        7560.   1.463915E-6         7570.
        7580.   1.460610E-6         7590.
        7600.   1.434174E-6         7610.
        7620.   1.451798E-6         7630.
        7640.   1.435275E-6         7650.
        7660.   1.444088E-6         7670.
        7680.   1.447392E-6         7690.
        7700.   1.390113E-6         7710.
        7720.   1.436377E-6         7730.
        7740.   1.430869E-6         7750.
        7760.   1.456204E-6         7770.
        7780.   1.548732E-6         7790.
        7800.   1.521194E-6         7810.
        7820.   1.506874E-6         7830.
        7840.   1.539919E-6         7850.
        7860.   1.525600E-6         7870.
        7880.   1.515686E-6         7890.
        7900.   1.566356E-6         7910.
        7920.   1.525600E-6         7930.
        7940.   1.513483E-6         7950.
        7960.   1.566356E-6         7970.
        7980.   1.823009E-6         7990.
        8000.   8.807722E-6         8010.
        8020.   1.104821E-5         8030.
        8040.   1.202855E-5         8050.
        8060.   1.586183E-5         8070.
        8080.   1.553138E-5         8090.
        8100.   8.865001E-6         8110.
        8120.   4.976650E-6         8130.
        8140.   5.062568E-6         8150.
        8160.   8.016834E-6         8170.
        8180.   1.262337E-5         8190.
        8200.   6.088079E-6         8210.
        8220.   1.335038E-5         8230.
        8240.   1.393418E-6         8250.
        8260.   7.255686E-7         8270.
        8280.   9.455413E-6         8290.
        8300.   1.172013E-5         8310.
        8320.   5.954796E-6         8330.
        8340.   7.932017E-7         8350.
        8360.   5.498768E-6         8370.
        8380.   1.119140E-6         8390.
        8400.   2.013571E-6         8410.
        8420.   3.701094E-6         8430.
        8440.   7.134519E-6         8450.
        8460.   5.903024E-6         8470.
        8480.   3.280315E-6         8490.
        8500.   1.744801E-6         8510.
        8520.   7.669856E-6         8530.
        8540.   1.774542E-6         8550.
        8560.   5.195851E-6         8570.
        8580.   6.048424E-6         8590.
        8600.   4.983258E-6         8610.
        8620.   1.860461E-6         8630.
        8640.   8.690961E-6         8650.
        8660.   6.924130E-6         8670.
        8680.   3.288025E-6         8690.
        8700.   4.214400E-6         8710.
        8720.   4.239736E-6         8730.
        8740.   5.042740E-6         8750.
        8760.   5.278464E-6         8770.
        8780.   2.865043E-6         8790.
        8800.   7.098169E-6         8810.
        8820.   5.741101E-6         8830.
        8840.   4.225416E-6         8850.
        8860.   3.210919E-6         8870.
        8880.   5.906329E-6         8890.
        8900.   1.719466E-6         8910.
        8920.   4.049173E-6         8930.
        8940.   4.313536E-6         8950.
        8960.   9.547941E-7         8970.
        8980.   3.829971E-6         8990.
        9000.   2.138042E-6         9010.
        9020.   1.924348E-6         9030.
        9040.   4.941401E-6         9050.
        9060.   4.733214E-6         9070.
        9080.   2.938845E-6         9090.
        9100.   2.448670E-6         9110.
        9120.   5.999958E-6         9130.
        9140.   7.578430E-7         9150.
        9160.   4.829046E-7         9170.
        9180.   4.864295E-6         9190.
        9200.   7.196204E-6         9210.
        9220.   1.740395E-6         9230.
        9240.   1.176419E-6         9250.
        9260.   6.015379E-6         9270.
        9280.   6.494538E-6         9290.
        9300.   4.517317E-6         9310.
        9320.   1.764629E-6         9330.
        9340.   7.970570E-6         9350.
        9360.   2.157870E-6         9370.
        9380.   5.362180E-6         9390.
        9400.   2.915713E-6         9410.
        9420.   1.219378E-6         9430.
        9440.   2.425538E-6         9450.
        9460.   1.143374E-6         9470.
        9480.   1.428666E-6         9490.
        9500.   9.069883E-7         9510.
        9520.   6.168490E-6         9530.
        9540.   2.947657E-6         9550.
        9560.   4.268375E-6         9570.
        9580.   3.636105E-6         9590.
        9600.   6.583761E-6         9610.
        9620.   1.853851E-6         9630.
        9640.   9.677919E-6         9650.
        9660.   2.071952E-6         9670.
        9680.   3.116189E-6         9690.
        9700.   1.113633E-5         9710.
        9720.   5.406241E-6         9730.
        9740.   2.613897E-6         9750.
        9760.   2.333011E-6         9770.
        9780.   3.962153E-6         9790.
        9800.   6.045120E-6         9810.
        9820.   7.222640E-6         9830.
        9840.   2.603984E-6         9850.
        9860.   1.069462E-6         9870.
        9880.   1.397824E-6         9890.
        9900.   4.596626E-6         9910.
        9920.   5.367687E-6         9930.
        9940.   7.886854E-7         9950.
        9960.   1.708451E-6         9970.
        9980.   7.913291E-6         9990.
       10000.   1.994845E-6        10010.
       10020.   1.981627E-6        10030.
       10040.   5.217881E-6        10050.
       10060.   6.650953E-6        10070.
       10080.   1.832923E-6        10090.
       10100.   3.863016E-6        10110.
       10120.   8.653509E-6        10130.
       10140.   6.861343E-6        10150.
       10160.   6.752293E-6        10170.
       10180.   1.326225E-6        10190.
       10200.   2.525776E-6        10210.
       10220.   2.134738E-6        10230.
       10240.   6.480219E-6        10250.
       10260.   5.524103E-6        10270.
       10280.   1.588386E-6        10290.
       10300.   1.914435E-6        10310.
       10320.   4.920472E-6        10330.
       10340.   3.358522E-6        10350.
       10360.   2.378173E-6        10370.
       10380.   1.906724E-6        10390.
       10400.   3.279213E-6        10410.
       10420.   2.553314E-6        10430.
       10440.   1.997048E-6        10450.
       10460.   3.406989E-6        10470.
       10480.   4.690255E-6        10490.
       10500.   1.563051E-6        10510.
       10520.   4.705676E-6        10530.
       10540.   6.342529E-6        10550.
       10560.   6.828298E-6        10570.
       10580.   4.285998E-6        10590.
       10600.   4.319044E-6        10610.
       10620.   2.307676E-6        10630.
       10640.   9.848654E-7        10650.
       10660.   3.425715E-6        10670.
       10680.   2.802257E-6        10690.
       10700.   2.717440E-6        10710.
       10720.   6.360153E-6        10730.
       10740.   2.197525E-6        10750.
       10760.   4.046970E-6        10770.
       10780.   2.900292E-6        10790.
       10800.   4.907254E-6        10810.
       10820.   5.629849E-6        10830.
       10840.   5.204663E-6        10850.
       10860.   3.258285E-6        10870.
       10880.   2.362752E-6        10890.
       10900.   1.505772E-6        10910.
       10920.   5.812700E-7        10930.
       10940.   1.030799E-6        10950.
       10960.   3.866321E-6        10970.
       10980.   1.766832E-6        10990.
       11000.   3.636105E-6         INDEF
