        1850.   1.086572E-4         1860.
        1870.   4.329294E-5         1880.
        1890.   3.809499E-6         1900.
        1910.   1.030594E-4         1920.
        1930.   2.968830E-5         1940.
        1950.   5.687759E-5         1960.
        1970.   2.680944E-5         1980.
        1990.   3.911459E-5         2000.
        2010.   8.250749E-6         2020.
        2030.   8.433678E-6         2040.
        2050.   1.792294E-5         2060.
        2070.   1.089571E-5         2080.
        2090.   4.814103E-6         2100.
        2110.   8.598612E-6         2120.
        2130.   5.786721E-6         2140.
        2150.   2.535001E-6         2160.
        2170.   3.121770E-6         2180.
        2190.   8.925484E-7         2200.
        2210.   2.996819E-6         2220.
        2230.   8.456668E-6         2240.
        2250.   4.383273E-6         2260.
        2270.   1.191531E-6         2280.
        2290.   2.903856E-6         2300.
        2310.   3.202738E-7         2320.
        2330.   3.160755E-7         2340.
        2350.   3.505619E-7         2360.
        2370.   1.514403E-6         2380.
        2390.   5.293914E-6         2400.
        2410.   4.319298E-6         2420.
        2430.   1.473420E-6         2440.
        2450.   9.614212E-7         2460.
        2470.   3.160755E-7         2480.
        2490.   3.160755E-7         2500.
        2510.   1.465423E-6         2520.
        2530.   1.543392E-6         2540.
        2550.   5.185957E-7         2560.
        2570.   3.160755E-7         2580.
        2590.   3.160755E-7         2600.
        2610.   3.522612E-7         2620.
        2630.   1.104565E-6         2640.
        2650.   3.850483E-6         2660.
        2670.   6.817314E-7         2680.
        2690.   1.460425E-6         2700.
        2710.   1.183534E-6         2720.
        2730.   3.049799E-6         2740.
        2750.   2.808893E-6         2760.
        2770.   2.746918E-6         2780.
        2790.   5.246933E-6         2800.
        2810.   7.293127E-7         2820.
        2830.   1.920243E-6         2840.
        2850.   2.261109E-6         2860.
        2870.   1.562384E-6         2880.
        2890.   1.464423E-6         2900.
        2910.   1.072577E-6         2920.
        2930.   1.181535E-6         2940.
        2950.   1.474419E-6         2960.
        2970.   3.537607E-6         2980.
        2990.   2.551995E-6         3000.
        3010.   1.388453E-6         3020.
        3030.   4.968043E-6         3040.
        3050.   4.525217E-6         3060.
        3070.   4.126374E-7         3080.
        3090.   1.212522E-6         3100.
        3110.   4.508224E-7         3120.
        3130.   6.112592E-7         3140.
        3150.   3.618574E-7         3160.
        3170.   8.220761E-7         3180.
        3190.   9.116409E-7         3200.
        3210.   7.751946E-7         3220.
        3230.   4.787114E-7         3240.
        3250.   6.273528E-7         3260.
        3270.   8.271741E-7         3280.
        3290.   3.219731E-7         3300.
        3310.   3.160755E-7         3320.
        3330.   3.744525E-7         3340.
        3350.   4.061400E-7         3360.
        3370.   1.846273E-6         3380.
        3390.   2.020204E-6         3400.
        3410.   3.209735E-6         3420.
        3430.   6.110592E-6         3440.
        3450.   9.836124E-6         3460.
        3470.   4.127374E-6         3480.
        3490.   5.988641E-6         3500.
        3510.   4.987035E-6         3520.
        3530.   4.808106E-6         3540.
        3550.   5.524824E-6         3560.
        3570.   4.695150E-6         3580.
        3590.   1.139551E-6         3600.
        3610.   8.931481E-7         3620.
        3630.   2.998819E-6         3640.
        3650.   1.911247E-6         3660.
        3670.   2.343077E-6         3680.
        3690.   1.962227E-6         3700.
        3710.   4.899070E-6         3720.
        3730.   4.339291E-6         3740.
        3750.   3.024808E-6         3760.
        3770.   2.076182E-6         3780.
        3790.   6.253537E-7         3800.
        3810.   1.097568E-6         3820.
        3830.   2.007209E-6         3840.
        3850.   9.959076E-7         3860.
        3870.   1.481416E-6         3880.
        3890.   9.945082E-7         3900.
        3910.   2.166147E-6         3920.
        3930.   2.067186E-6         3940.
        3950.   2.282101E-6         3960.
        3970.   3.589586E-6         3980.
        3990.   2.820889E-6         4000.
        4010.   3.752522E-6         4020.
        4030.   1.991216E-6         4040.
        4050.   1.592373E-6         4060.
        4070.   2.340078E-6         4080.
        4090.   1.691334E-6         4100.
        4110.   8.927483E-7         4120.
        4130.   1.770303E-6         4140.
        4150.   1.536395E-6         4160.
        4170.   1.905249E-6         4180.
        4190.   9.335322E-7         4200.
        4210.   9.741162E-7         4220.
        4230.   3.274710E-7         4240.
        4250.   3.160755E-7         4260.
        4270.   3.160755E-7         4280.
        4290.   3.160755E-7         4300.
        4310.   3.160755E-7         4320.
        4330.   3.160755E-7         4340.
        4350.   3.160755E-7         4360.
        4370.   4.293309E-7         4380.
        4390.   6.677369E-5         4400.
        4410.   2.258110E-4         4420.
        4430.   1.916245E-4         4440.
        4450.   5.991640E-5         4460.
        4470.   4.559204E-6         4480.
        4490.   1.334474E-6         4500.
        4510.   1.202526E-6         4520.
        4530.   1.787296E-6         4540.
        4550.   1.704329E-6         4560.
        4570.   1.321479E-6         4580.
        4590.   2.142156E-6         4600.
        4610.   6.052615E-6         4620.
        4630.   7.805925E-5         4640.
        4650.   0.001098567         4660.
        4670.    0.01050586         4680.
        4720.     0.1292491         4722.
        4724.     0.1514403         4726.
        4728.     0.1722321         4730.
        4732.     0.1921243         4734.
        4736.     0.2114167         4738.
        4740.     0.2302093         4742.
        4744.     0.2491019         4746.
        4748.     0.2684942         4750.
        4752.     0.2887862         4754.
        4756.     0.3103777         4758.
        4760.     0.3331687         4762.
        4764.     0.3576591         4766.
        4768.     0.3836488         4770.
        4772.      0.411038         4774.
        4776.     0.4398267         4778.
        4780.     0.4698149         4782.
        4784.     0.5011026         4786.
        4788.       0.53299         4790.
        4792.     0.5645776         4794.
        4796.     0.5957653         4798.
        4800.     0.6256535         4802.
        4804.     0.6535425         4806.
        4808.     0.6792324         4810.
        4812.     0.7021234         4814.
        4816.     0.7218156         4818.
        4820.      0.738409         4822.
        4824.     0.7518038         4826.
        4828.     0.7620997         4830.
        4832.     0.7693969         4834.
        4836.     0.7743949         4838.
        4840.     0.7770939         4842.
        4844.     0.7781934         4846.
        4848.     0.7780935         4850.
        4852.     0.7770939         4854.
        4856.     0.7753945         4858.
        4860.     0.7732953         4862.
        4864.     0.7713961         4866.
        4868.     0.7698967         4870.
        4872.     0.7686971         4874.
        4876.     0.7677975         4878.
        4880.     0.7675976         4882.
        4884.     0.7678975         4886.
        4888.     0.7686971         4890.
        4892.     0.7705964         4894.
        4896.     0.7730954         4898.
        4900.     0.7764941         4902.
        4904.     0.7800927         4906.
        4908.     0.7841911         4910.
        4912.     0.7887892         4914.
        4916.     0.7935874         4918.
        4920.     0.7985854         4922.
        4924.     0.8040832         4926.
        4928.      0.809581         4930.
        4932.     0.8152788         4934.
        4936.     0.8207766         4938.
        4940.     0.8261745         4942.
        4944.     0.8309727         4946.
        4948.     0.8354709         4950.
        4952.     0.8399691         4954.
        4956.     0.8435677         4958.
        4960.     0.8470663         4962.
        4964.     0.8501651         4966.
        4968.     0.8526641         4970.
        4972.     0.8546633         4974.
        4976.     0.8563626         4978.
        4980.     0.8574622         4982.
        4984.     0.8582619         4986.
        4988.     0.8585618         4990.
        4992.     0.8585618         4994.
        4996.     0.8584618         4998.
        5000.     0.8582619         5002.
        5004.      0.858062         5006.
        5008.      0.857962         5010.
        5012.     0.8578621         5014.
        5016.      0.857962         5018.
        5020.     0.8581619         5022.
        5024.     0.8583618         5026.
        5028.     0.8589616         5030.
        5032.     0.8595614         5034.
        5036.     0.8604611         5038.
        5040.     0.8622603         5042.
        5044.     0.8644594         5046.
        5048.     0.8667585         5050.
        5052.     0.8692576         5054.
        5056.     0.8722564         5058.
        5060.      0.875655         5062.
        5064.     0.8793536         5066.
        5068.      0.883252         5070.
        5072.     0.8875504         5074.
        5076.     0.8920486         5078.
        5080.     0.8967467         5082.
        5084.     0.9013449         5086.
        5088.      0.906143         5090.
        5092.     0.9110411         5094.
        5096.     0.9159392         5098.
        5100.     0.9207373         5102.
        5104.     0.9253355         5106.
        5108.     0.9296337         5110.
        5112.     0.9335322         5114.
        5116.     0.9370309         5118.
        5120.     0.9397298         5122.
        5124.     0.9421288         5126.
        5128.      0.944228         5130.
        5132.     0.9458274         5134.
        5136.     0.9465271         5138.
        5140.     0.9465271         5142.
        5144.     0.9459274         5146.
        5148.     0.9448278         5150.
        5152.     0.9432284         5154.
        5156.     0.9407294         5158.
        5160.     0.9374307         5162.
        5164.      0.934132         5166.
        5168.     0.9301335         5170.
        5172.     0.9253355         5174.
        5176.     0.9202375         5178.
        5180.     0.9145397         5182.
        5184.     0.9084421         5186.
        5188.     0.9025444         5190.
        5192.     0.8967467         5194.
        5196.      0.891049         5198.
        5200.     0.8851513         5202.
        5204.     0.8790537         5206.
        5208.      0.873056         5210.
        5212.     0.8666586         5214.
        5216.     0.8604611         5218.
        5220.     0.8549632         5222.
        5224.     0.8501651         5226.
        5228.     0.8456668         5230.
        5232.     0.8417684         5234.
        5236.     0.8382697         5238.
        5240.      0.835071         5242.
        5244.     0.8322721         5246.
        5248.     0.8296731         5250.
        5252.      0.827374         5254.
        5256.     0.8252749         5258.
        5260.     0.8238754         5262.
        5264.     0.8232756         5266.
        5268.     0.8237755         5270.
        5272.      0.824975         5274.
        5276.     0.8266743         5278.
        5280.     0.8289734         5282.
        5284.     0.8313725         5286.
        5288.     0.8336716         5290.
        5292.     0.8365704         5294.
        5296.     0.8396692         5298.
        5300.     0.8432677         5302.
        5304.      0.847666         5306.
        5308.     0.8526641         5310.
        5312.     0.8581619         5314.
        5316.     0.8641595         5318.
        5320.     0.8704571         5322.
        5324.     0.8766546         5326.
        5328.     0.8825523         5330.
        5332.       0.88835         5334.
        5336.     0.8946475         5338.
        5340.     0.9008451         5342.
        5344.     0.9071426         5346.
        5348.     0.9132403         5350.
        5352.     0.9195377         5354.
        5356.     0.9257353         5358.
        5360.     0.9319328         5362.
        5364.     0.9372308         5366.
        5368.     0.9425287         5370.
        5372.     0.9472268         5374.
        5376.     0.9513252         5378.
        5380.     0.9549237         5382.
        5384.     0.9582225         5386.
        5388.     0.9610214         5390.
        5392.     0.9633205         5394.
        5396.     0.9651198         5398.
        5400.     0.9664192         5402.
        5404.     0.9672189         5406.
        5408.     0.9676188         5410.
        5412.     0.9673189         5414.
        5416.     0.9667192         5418.
        5420.     0.9657195         5422.
        5424.     0.9648199         5426.
        5428.     0.9634205         5430.
        5432.     0.9618211         5434.
        5436.     0.9597219         5438.
        5440.     0.9572229         5442.
        5444.     0.9548239         5446.
        5448.     0.9523249         5450.
        5452.     0.9497259         5454.
        5456.      0.946827         5458.
        5460.      0.944228         5462.
        5464.     0.9420289         5466.
        5468.     0.9397298         5470.
        5472.     0.9374307         5474.
        5476.     0.9356314         5478.
        5480.      0.934132         5482.
        5484.     0.9325326         5486.
        5488.     0.9313331         5490.
        5492.     0.9303335         5494.
        5496.     0.9295338         5498.
        5500.     0.9288341         5502.
        5504.     0.9286342         5506.
        5508.      0.928934         5510.
        5512.     0.9295338         5514.
        5516.     0.9302335         5518.
        5520.      0.931533         5522.
        5524.     0.9330324         5526.
        5528.     0.9348317         5530.
        5532.      0.936731         5534.
        5536.     0.9389301         5538.
        5540.     0.9411293         5542.
        5544.     0.9434283         5546.
        5548.     0.9458274         5550.
        5552.     0.9486263         5554.
        5556.      0.951725         5558.
        5560.     0.9548239         5562.
        5564.     0.9577227         5566.
        5568.     0.9607215         5570.
        5572.     0.9640202         5574.
        5576.     0.9666192         5578.
        5580.     0.9692182         5582.
        5584.     0.9716172         5586.
        5588.     0.9735165         5590.
        5592.     0.9755157         5594.
        5596.      0.977215         5598.
        5600.     0.9786144         5602.
        5604.     0.9796141         5606.
        5608.     0.9803138         5610.
        5612.     0.9806137         5614.
        5616.     0.9805137         5618.
        5620.      0.979714         5622.
        5624.     0.9788144         5626.
        5628.     0.9773149         5630.
        5632.     0.9755157         5634.
        5636.     0.9733166         5638.
        5640.     0.9708175         5642.
        5644.     0.9678187         5646.
        5648.     0.9643201         5650.
        5652.     0.9607215         5654.
        5656.      0.956723         5658.
        5660.     0.9526247         5662.
        5664.     0.9481264         5666.
        5668.     0.9436283         5670.
        5672.     0.9388301         5674.
        5676.      0.934132         5678.
        5680.     0.9288341         5682.
        5684.     0.9235362         5686.
        5688.     0.9181383         5690.
        5692.     0.9130403         5694.
        5696.     0.9099416         5698.
        5700.     0.9064429         5702.
        5704.     0.9023445         5706.
        5708.     0.8979462         5710.
        5712.     0.8939478         5714.
        5716.     0.8902493         5718.
        5720.     0.8864508         5722.
        5724.     0.8824523         5726.
        5728.     0.8789537         5730.
        5732.      0.875655         5734.
        5736.     0.8725563         5738.
        5740.     0.8698573         5742.
        5744.     0.8673583         5746.
        5748.      0.865559         5750.
        5752.     0.8644594         5754.
        5756.     0.8635598         5758.
        5760.       0.86316         5762.
        5764.       0.86306         5766.
        5768.     0.8633599         5770.
        5772.     0.8635598         5774.
        5776.     0.8639597         5778.
        5780.     0.8646594         5782.
        5784.     0.8658589         5786.
        5788.     0.8672584         5790.
        5792.     0.8689577         5794.
        5796.     0.8712567         5798.
        5800.     0.8738557         5802.
        5804.     0.8769546         5806.
        5808.     0.8803532         5810.
        5812.     0.8841517         5814.
        5816.     0.8880501         5818.
        5820.     0.8919486         5822.
        5824.     0.8955472         5826.
        5828.     0.8992457         5830.
        5832.     0.9033441         5834.
        5836.     0.9076424         5838.
        5840.     0.9120407         5842.
        5844.     0.9168388         5846.
        5848.     0.9211372         5850.
        5852.     0.9256353         5854.
        5856.     0.9300336         5858.
        5860.     0.9345318         5862.
        5864.     0.9388301         5866.
        5868.     0.9425287         5870.
        5872.     0.9463271         5874.
        5876.     0.9502257         5878.
        5880.     0.9536243         5882.
        5884.     0.9572229         5886.
        5888.     0.9603217         5890.
        5892.     0.9632205         5894.
        5896.     0.9660195         5898.
        5900.     0.9684185         5902.
        5904.     0.9704177         5906.
        5908.     0.9723169         5910.
        5912.     0.9738163         5914.
        5916.      0.974816         5918.
        5920.     0.9754157         5922.
        5924.     0.9760155         5926.
        5928.     0.9760155         5930.
        5932.     0.9760155         5934.
        5936.     0.9755157         5938.
        5940.     0.9752158         5942.
        5944.     0.9745161         5946.
        5948.     0.9733166         5950.
        5952.     0.9721171         5954.
        5956.     0.9708175         5958.
        5960.     0.9692182         5962.
        5964.     0.9675188         5966.
        5968.     0.9660195         5970.
        5972.     0.9641202         5974.
        5976.      0.962021         5978.
        5980.     0.9600218         5982.
        5984.     0.9579226         5986.
        5988.     0.9559234         5990.
        5992.     0.9538243         5994.
        5996.      0.951825         5998.
        6000.     0.9501257         6002.
        6004.     0.9487262         6006.
        6008.     0.9473268         6010.
        6012.     0.9460273         6014.
        6016.     0.9446278         6018.
        6020.     0.9431284         6022.
        6024.     0.9419289         6026.
        6028.     0.9404295         6030.
        6032.     0.9394299         6034.
        6036.     0.9384302         6038.
        6040.     0.9377306         6042.
        6044.     0.9374307         6046.
        6048.     0.9375306         6050.
        6052.     0.9376307         6054.
        6056.     0.9380304         6058.
        6060.     0.9387302         6062.
        6064.     0.9398297         6066.
        6068.     0.9406294         6070.
        6072.     0.9413291         6074.
        6076.     0.9422288         6078.
        6080.     0.9434283         6082.
        6084.     0.9447278         6086.
        6088.     0.9454275         6090.
        6092.      0.946927         6094.
        6096.     0.9486263         6098.
        6100.     0.9508254         6102.
        6104.     0.9524248         6106.
        6108.      0.954424         6110.
        6112.     0.9566231         6114.
        6116.     0.9588223         6118.
        6120.     0.9611213         6122.
        6124.     0.9631206         6126.
        6128.     0.9650198         6130.
        6132.     0.9669191         6134.
        6136.     0.9687183         6138.
        6140.     0.9707175         6142.
        6144.     0.9725168         6146.
        6148.     0.9743161         6150.
        6152.     0.9756157         6154.
        6156.      0.977215         6158.
        6160.     0.9788144         6162.
        6164.     0.9799139         6166.
        6168.     0.9808136         6170.
        6172.     0.9815133         6174.
        6176.      0.982213         6178.
        6180.      0.982513         6182.
        6184.     0.9826128         6186.
        6188.     0.9826128         6190.
        6192.      0.982313         6194.
        6196.     0.9820131         6198.
        6200.     0.9813134         6202.
        6204.     0.9808136         6206.
        6208.      0.979814         6210.
        6212.     0.9790143         6214.
        6216.     0.9777148         6218.
        6220.     0.9762154         6222.
        6224.     0.9745161         6226.
        6228.     0.9726168         6230.
        6232.     0.9709175         6234.
        6236.     0.9690182         6238.
        6240.     0.9668191         6242.
        6244.     0.9646199         6246.
        6248.     0.9623209         6250.
        6252.     0.9598219         6254.
        6256.     0.9572229         6258.
        6260.     0.9546239         6262.
        6264.     0.9522249         6266.
        6268.     0.9500257         6270.
        6272.     0.9472268         6274.
        6276.     0.9445279         6278.
        6280.     0.9420289         6282.
        6284.     0.9397298         6286.
        6288.     0.9375306         6290.
        6292.     0.9351316         6294.
        6296.     0.9327325         6298.
        6300.     0.9305334         6302.
        6304.     0.9284342         6306.
        6308.      0.926535         6310.
        6312.     0.9245358         6314.
        6316.     0.9227365         6318.
        6320.     0.9211372         6322.
        6324.     0.9199376         6326.
        6328.      0.918938         6330.
        6332.     0.9178384         6334.
        6336.     0.9171387         6338.
        6340.     0.9166389         6342.
        6344.      0.916239         6346.
        6348.     0.9159392         6350.
        6352.     0.9158392         6354.
        6356.     0.9157392         6358.
        6360.     0.9155393         6362.
        6364.     0.9157392         6366.
        6368.      0.916339         6370.
        6372.     0.9168388         6374.
        6376.     0.9175385         6378.
        6380.     0.9186381         6382.
        6384.     0.9197376         6386.
        6388.     0.9210371         6390.
        6392.     0.9223366         6394.
        6396.     0.9238361         6398.
        6400.     0.9254354         6402.
        6404.     0.9275346         6406.
        6408.     0.9293339         6410.
        6412.     0.9311332         6414.
        6416.     0.9328325         6418.
        6420.     0.9347318         6422.
        6424.     0.9365311         6426.
        6428.     0.9381304         6430.
        6432.     0.9398297         6434.
        6436.      0.941829         6438.
        6440.     0.9440281         6442.
        6444.     0.9461272         6446.
        6448.     0.9481264         6450.
        6452.     0.9499257         6454.
        6456.     0.9520249         6458.
        6460.     0.9538243         6462.
        6464.     0.9557235         6466.
        6468.     0.9574228         6470.
        6472.     0.9587223         6474.
        6476.     0.9603217         6478.
        6480.     0.9617211         6482.
        6484.     0.9627208         6486.
        6488.     0.9633205         6490.
        6492.     0.9639202         6494.
        6496.     0.9646199         6498.
        6500.     0.9652197         6502.
        6504.     0.9658195         6506.
        6508.     0.9659195         6510.
        6512.     0.9661193         6514.
        6516.     0.9658195         6518.
        6520.       0.96452         6522.
        6524.     0.9618211         6526.
        6528.     0.9603217         6530.
        6532.     0.9613213         6534.
        6536.     0.9629206         6538.
        6540.     0.9628206         6542.
        6544.     0.9614212         6546.
        6548.     0.9602217         6550.
        6552.     0.9589222         6554.
        6556.     0.9574228         6558.
        6560.     0.9562233         6562.
        6564.     0.9547239         6566.
        6568.     0.9531245         6570.
        6572.     0.9513252         6574.
        6576.     0.9496258         6578.
        6580.     0.9477266         6582.
        6584.     0.9456275         6586.
        6588.     0.9437282         6590.
        6592.     0.9421288         6594.
        6596.     0.9403296         6598.
        6600.     0.9387302         6602.
        6604.     0.9372308         6606.
        6608.     0.9359313         6610.
        6612.     0.9348317         6614.
        6616.     0.9338321         6618.
        6620.     0.9327325         6622.
        6624.      0.931733         6626.
        6628.     0.9309332         6630.
        6632.     0.9300336         6634.
        6636.     0.9292339         6638.
        6640.     0.9282343         6642.
        6644.     0.9277345         6646.
        6648.     0.9272347         6650.
        6652.     0.9266349         6654.
        6656.     0.9262351         6658.
        6660.      0.926335         6662.
        6664.      0.926335         6666.
        6668.      0.926535         6670.
        6672.     0.9272347         6674.
        6676.     0.9280344         6678.
        6680.      0.928934         6682.
        6684.     0.9303335         6686.
        6688.     0.9316329         6690.
        6692.     0.9328325         6694.
        6696.     0.9343319         6698.
        6700.     0.9356314         6702.
        6704.     0.9370309         6706.
        6708.     0.9384302         6710.
        6712.     0.9398297         6714.
        6716.     0.9412292         6718.
        6720.     0.9425287         6722.
        6724.     0.9436283         6726.
        6728.     0.9452276         6730.
        6732.     0.9465271         6734.
        6736.     0.9476267         6738.
        6740.     0.9485263         6742.
        6744.     0.9489262         6746.
        6748.     0.9495259         6750.
        6752.     0.9498258         6754.
        6756.     0.9498258         6758.
        6760.      0.949426         6762.
        6764.     0.9487262         6766.
        6768.     0.9478266         6770.
        6772.     0.9462273         6774.
        6776.      0.944228         6778.
        6780.     0.9420289         6782.
        6784.     0.9393299         6786.
        6788.     0.9360312         6790.
        6792.     0.9320328         6794.
        6796.     0.9277345         6798.
        6800.     0.9227365         6802.
        6804.     0.9171387         6806.
        6808.     0.9108412         6810.
        6812.     0.9039438         6814.
        6816.     0.8960469         6818.
        6820.     0.8878502         6822.
        6824.     0.8791536         6826.
        6828.     0.8700572         6830.
        6832.     0.8601611         6834.
        6836.     0.8499652         6838.
        6840.      0.840069         6842.
        6844.      0.829973         6846.
        6848.     0.8200769         6850.
        6852.     0.8093811         6854.
        6856.     0.7983854         6858.
        6860.     0.7874898         6862.
        6864.     0.7762942         6866.
        6868.     0.7643989         6870.
        6872.     0.7529034         6874.
        6876.      0.741208         6878.
        6880.     0.7293127         6882.
        6884.     0.7173174         6886.
        6888.     0.7053221         6890.
        6892.     0.6935267         6894.
        6896.     0.6819314         6898.
        6900.     0.6703359         6902.
        6904.     0.6589404         6906.
        6908.     0.6481447         6910.
        6912.     0.6374489         6914.
        6916.     0.6276527         6918.
        6920.     0.6183564         6922.
        6924.     0.6094599         6926.
        6928.     0.6011632         6930.
        6932.     0.5935662         6934.
        6936.     0.5865689         6938.
        6940.     0.5797716         6942.
        6944.     0.5733741         6946.
        6948.     0.5671765         6950.
        6952.     0.5613789         6954.
        6956.      0.555981         6958.
        6960.      0.550883         6962.
        6964.      0.545685         6966.
        6968.     0.5408869         6970.
        6972.     0.5365886         6974.
        6976.     0.5328901         6978.
        6980.     0.5300912         6982.
        6984.     0.5277921         6986.
        6988.     0.5263926         6990.
        6992.     0.5258928         6994.
        6996.     0.5259928         6998.
        7000.     0.5269924         7002.
        7004.     0.5291915         7006.
        7008.     0.5321903         7010.
        7012.     0.5360888         7014.
        7016.      0.540587         7018.
        7020.     0.5460849         7022.
        7024.     0.5522825         7026.
        7028.     0.5590798         7030.
        7032.     0.5663769         7034.
        7036.     0.5746736         7038.
        7040.       0.58367         7042.
        7044.     0.5936661         7046.
        7048.     0.6045618         7050.
        7052.     0.6165571         7054.
        7056.     0.6302517         7058.
        7060.     0.6450459         7062.
        7064.     0.6613395         7066.
        7068.     0.6795323         7070.
        7072.     0.6996244         7074.
        7076.     0.7213158         7078.
        7080.      0.743807         7082.
        7084.     0.7674976         7086.
        7088.     0.7921879         7090.
        7092.     0.8165783         7094.
        7096.      0.840169         7098.
        7100.     0.8627601         7102.
        7104.     0.8830521         7106.
        7108.     0.9007451         7110.
        7112.     0.9142398         7114.
        7116.     0.9226365         7118.
        7120.     0.9252355         7122.
        7124.      0.921437         7126.
        7128.     0.9094417         7130.
        7132.     0.8890498         7134.
        7136.     0.8606609         7138.
        7140.      0.825075         7142.
        7144.     0.7828916         7146.
        7148.     0.7357101         7150.
        7152.     0.6845304         7154.
        7156.     0.6312513         7158.
        7160.     0.5781723         7162.
        7164.     0.5261927         7166.
        7168.     0.4766122         7170.
        7172.     0.4303305         7174.
        7176.     0.3880471         7178.
        7180.     0.3492624         7182.
        7184.     0.3133765         7186.
        7188.     0.2810892         7190.
        7192.     0.2520007         7194.
        7196.      0.226011         7198.
        7200.     0.2027201         7202.
        7204.     0.1820283         7206.
        7208.     0.1636355         7210.
        7212.      0.147342         7214.
        7216.     0.1328477         7218.
        7220.     0.1200527         7222.
        7224.     0.1086572         7226.
        7228.    0.09848121         7230.
        7232.    0.08942477         7234.
        7236.    0.08125798         7238.
        7240.    0.07403083         7242.
        7244.    0.06759337         7246.
        7248.    0.06178566         7250.
        7252.    0.05658771         7254.
        7256.    0.05183958         7258.
        7260.    0.04756126         7262.
        7264.    0.04369279         7266.
        7268.    0.04015418         7270.
        7272.    0.03689547         7274.
        7276.     0.0340166         7278.
        7280.    0.03136764         7282.
        7284.    0.02897858         7286.
        7288.    0.02677945         7290.
        7300.    0.02033199         7310.
        7320.    0.01459425         7330.
        7340.    0.01069579         7350.
        7360.   0.008377699         7370.
        7380.   0.006336504         7390.
        7400.   0.004879078         7410.
        7420.   0.003813497         7430.
        7440.   0.003007815         7450.
        7460.   0.002402054         7470.
        7480.   0.001945234         7490.
        7500.   0.001595372         7510.
        7520.   0.001316481         7530.
        7540.    0.00109257         7550.
        7560.   9.169388E-4         7570.
        7580.   7.757943E-4         7590.
        7600.   6.610396E-4         7610.
        7620.   5.685760E-4         7630.
        7640.   4.913065E-4         7650.
        7660.   4.269318E-4         7670.
        7680.   3.736528E-4         7690.
        7700.   3.302699E-4         7710.
        7720.   2.920849E-4         7730.
        7740.   2.595977E-4         7750.
        7760.   2.323085E-4         7770.
        7780.   2.094175E-4         7790.
        7800.   1.883258E-4         7810.
        7820.   1.709327E-4         7830.
        7840.   1.550389E-4         7850.
        7860.   1.402448E-4         7870.
        7880.   1.261503E-4         7890.
        7900.   1.146548E-4         7910.
        7920.   1.054585E-4         7930.
        7940.   9.672189E-5         7950.
        7960.   9.200375E-5         7970.
        7980.   9.258353E-5         7990.
        8000.   7.243147E-5         8010.
        8020.   7.318117E-5         8030.
        8040.   7.625996E-5         8050.
        8060.   7.574016E-5         8070.
        8080.   6.482446E-5         8090.
        8100.   5.422863E-5         8110.
        8120.   5.292915E-5         8130.
        8140.   6.142580E-5         8150.
        8160.   6.308514E-5         8170.
        8180.   5.787720E-5         8190.
        8200.   4.215339E-5         8210.
        8220.   5.414867E-5         8230.
        8240.   4.556205E-5         8250.
        8260.   5.475843E-5         8270.
        8280.   4.863084E-5         8290.
        8300.   5.546815E-5         8310.
        8320.   4.648169E-5         8330.
        8340.   3.928452E-5         8350.
        8360.   4.037410E-5         8370.
        8380.   4.593191E-5         8390.
        8400.   4.776118E-5         8410.
        8420.   5.355890E-5         8430.
        8440.   4.557205E-5         8450.
        8460.   3.919456E-5         8470.
        8480.   3.929452E-5         8490.
        8500.   4.527216E-5         8510.
        8520.   5.324902E-5         8530.
        8540.   5.457850E-5         8550.
        8560.   4.145367E-5         8570.
        8580.   4.436252E-5         8590.
        8600.   5.012025E-5         8610.
        8620.   5.532820E-5         8630.
        8640.   5.205949E-5         8650.
        8660.   5.523824E-5         8670.
        8680.   4.840093E-5         8690.
        8700.   4.291310E-5         8710.
        8720.   4.840093E-5         8730.
        8740.   3.509617E-5         8750.
        8760.   2.210129E-5         8770.
        8780.   1.729319E-5         8790.
        8800.   1.642353E-5         8810.
        8820.   1.464423E-5         8830.
        8840.   1.311483E-5         8850.
        8860.   2.478024E-6         8870.
        8880.   8.659588E-6         8890.
        8900.   2.471027E-6         8910.
        8920.   1.035592E-5         8930.
        8940.   6.337503E-6         8950.
        8960.   4.870081E-6         8970.
        8980.   1.125557E-5         8990.
        9000.   1.183534E-6         9010.
        9020.   7.278133E-7         9030.
        9040.   4.335292E-6         9050.
        9060.   2.247115E-6         9070.
        9080.   1.302487E-6         9090.
        9100.   1.578378E-6         9110.
        9120.   1.080574E-6         9130.
        9140.   6.671372E-7         9150.
        9160.   3.025808E-6         9170.
        9180.   9.045437E-6         9190.
        9200.   3.916457E-6         9210.
        9220.   2.036198E-6         9230.
        9240.   3.100778E-6         9250.
        9260.   3.160755E-7         9270.
        9280.   1.429437E-6         9290.
        9300.   4.517221E-6         9310.
        9320.   7.015236E-6         9330.
        9340.   6.622391E-6         9350.
        9360.   1.477418E-5         9370.
        9380.   1.615364E-5         9390.
        9400.   7.627995E-6         9410.
        9420.   6.770333E-6         9430.
        9440.   4.168358E-6         9450.
        9460.   5.892678E-6         9470.
        9480.   1.160543E-5         9490.
        9500.   1.140551E-5         9510.
        9520.   2.291097E-5         9530.
        9540.   7.643988E-6         9550.
        9560.   2.014207E-5         9570.
        9580.   2.411050E-5         9590.
        9600.   2.037197E-5         9610.
        9620.   2.376064E-5         9630.
        9640.   3.474631E-5         9650.
        9660.   2.539999E-5         9670.
        9680.   3.615576E-5         9690.
        9700.   3.125768E-5         9710.
        9720.   2.680944E-5         9730.
        9740.   2.446036E-5         9750.
        9760.   1.480417E-5         9770.
        9780.   2.017205E-5         9790.
        9800.   2.062188E-5         9810.
        9820.   2.311090E-5         9830.
        9840.   2.304092E-5         9850.
        9860.   2.107170E-5         9870.
        9880.   1.636355E-5         9890.
        9900.   2.227123E-5         9910.
        9920.   2.622967E-5         9930.
        9940.   2.952837E-5         9950.
        9960.   2.646957E-5         9970.
        9980.   1.990216E-5         9990.
       10000.   1.831279E-5        10010.
       10020.   1.623360E-5        10030.
       10040.   1.901251E-5        10050.
       10060.   1.361464E-5        10070.
       10080.   1.108563E-5        10090.
       10100.   1.930240E-5        10110.
       10120.   1.636355E-5        10130.
       10140.   9.768152E-6        10150.
       10160.   1.324478E-5        10170.
       10180.   1.974222E-5        10190.
       10200.   1.412444E-5        10210.
       10220.   1.800291E-5        10230.
       10240.   2.623966E-5        10250.
       10260.   2.009208E-5        10270.
       10280.   2.752915E-5        10290.
       10300.   3.228728E-5        10310.
       10320.   2.503014E-5        10330.
       10340.   2.833883E-5        10350.
       10360.   3.268712E-5        10370.
       10380.   2.872868E-5        10390.
       10400.   2.610971E-5        10410.
       10420.   2.992821E-5        10430.
       10440.   3.195741E-5        10450.
       10460.   3.046800E-5        10470.
       10480.   4.404265E-5        10490.
       10500.   4.175355E-5        10510.
       10520.   5.302911E-5        10530.
       10540.   4.703147E-5        10550.
       10560.   3.615576E-5        10570.
       10580.   4.456244E-5        10590.
       10600.   4.772120E-5        10610.
       10620.   3.976433E-5        10630.
       10640.   5.312907E-5        10650.
       10660.   4.785115E-5        10670.
       10680.   5.565807E-5        10690.
       10700.   4.847091E-5        10710.
       10720.   5.668767E-5        10730.
       10740.   6.966256E-5        10750.
       10760.   5.791718E-5        10770.
       10780.   6.513434E-5        10790.
       10800.   6.322510E-5        10810.
       10820.   7.534032E-5        10830.
       10840.   8.029836E-5        10850.
       10860.   9.213370E-5        10870.
       10880.   9.877109E-5        10890.
       10900.   9.358313E-5        10910.
       10920.   8.572623E-5        10930.
       10940.   9.621210E-5        10950.
       10960.   1.033593E-4        10970.
       10980.   0.007532033        10990.
       11000.    0.02949838         INDEF
