        1850.   3.669339E-5         1860.
        1870.   2.213443E-5         1880.
        1890.   1.375626E-4         1900.
        1910.   1.135819E-4         1920.
        1930.   3.821851E-7         1940.
        1950.   4.823219E-5         1960.
        1970.   9.955476E-6         1980.
        1990.   4.092762E-7         2000.
        2010.   5.227578E-6         2020.
        2030.   1.409740E-6         2040.
        2050.   5.574746E-7         2060.
        2070.   5.304838E-7         2080.
        2090.   1.027455E-5         2100.
        2110.   1.080634E-6         2120.
        2130.   1.801056E-6         2140.
        2150.   3.822855E-7         2160.
        2170.   3.047247E-6         2180.
        2190.   4.803151E-6         2200.
        2210.   6.504873E-6         2220.
        2230.   4.265343E-7         2240.
        2250.   1.182978E-6         2260.
        2270.   3.172669E-7         2280.
        2290.   1.190002E-6         2300.
        2310.   2.196386E-6         2320.
        2330.   9.632390E-7         2340.
        2350.   2.737204E-6         2360.
        2370.   3.906135E-7         2380.
        2390.   3.172669E-7         2400.
        2410.   7.411924E-7         2420.
        2430.   4.376717E-7         2440.
        2450.   2.894734E-6         2460.
        2470.   4.093766E-6         2480.
        2490.   3.172669E-7         2500.
        2510.   6.549022E-7         2520.
        2530.   4.601473E-7         2540.
        2550.   7.042682E-7         2560.
        2570.   2.584691E-6         2580.
        2590.   3.868007E-7         2600.
        2610.   4.076708E-7         2620.
        2630.   7.203221E-7         2640.
        2650.   3.193740E-7         2660.
        2670.   3.266986E-6         2680.
        2690.   3.516826E-6         2700.
        2710.   9.604296E-7         2720.
        2730.   8.330011E-7         2740.
        2750.   4.327552E-7         2760.
        2770.   3.862990E-7         2780.
        2790.   7.357742E-7         2800.
        2810.   2.482347E-6         2820.
        2830.   1.884336E-6         2840.
        2850.   3.172669E-7         2860.
        2870.   3.172669E-7         2880.
        2890.   3.524853E-7         2900.
        2910.   3.172669E-7         2920.
        2930.   4.490099E-7         2940.
        2950.   1.141840E-6         2960.
        2970.   1.969623E-6         2980.
        2990.   5.993153E-7         3000.
        3010.   4.613513E-7         3020.
        3030.   5.763380E-7         3040.
        3050.   3.505789E-7         3060.
        3070.   3.158621E-6         3080.
        3090.   1.379639E-6         3100.
        3110.   3.172669E-7         3120.
        3130.   1.842195E-6         3140.
        3150.   3.172669E-7         3160.
        3170.   3.768673E-7         3180.
        3190.   3.667332E-7         3200.
        3210.   8.028998E-6         3220.
        3230.   5.511533E-7         3240.
        3250.   3.222837E-6         3260.
        3270.   3.247922E-6         3280.
        3290.   3.172669E-7         3300.
        3310.   4.305478E-7         3320.
        3330.   1.572287E-6         3340.
        3350.   8.367136E-7         3360.
        3370.   2.230500E-6         3380.
        3390.   3.071328E-6         3400.
        3410.   6.433634E-7         3420.
        3430.   5.955025E-6         3440.
        3450.   7.240346E-7         3460.
        3470.   2.392044E-6         3480.
        3490.   3.535890E-7         3500.
        3510.   1.109732E-6         3520.
        3530.   2.342878E-6         3540.
        3550.   4.244272E-7         3560.
        3570.   7.300549E-7         3580.
        3590.   3.760646E-7         3600.
        3610.   3.247922E-7         3620.
        3630.   2.032836E-6         3640.
        3650.   4.329559E-6         3660.
        3670.   5.785454E-7         3680.
        3690.   5.335943E-7         3700.
        3710.   5.516550E-7         3720.
        3730.   1.644530E-6         3740.
        3750.   1.236157E-6         3760.
        3770.   3.331202E-7         3780.
        3790.   3.172669E-7         3800.
        3810.   9.617339E-7         3820.
        3830.   3.172669E-7         3840.
        3850.   5.066036E-7         3860.
        3870.   3.830882E-7         3880.
        3890.   7.769125E-7         3900.
        3910.   5.281761E-7         3920.
        3930.   9.175855E-7         3940.
        3950.   3.172669E-7         3960.
        3970.   8.208602E-7         3980.
        3990.   5.928937E-7         4000.
        4010.   5.164366E-7         4020.
        4030.   6.373432E-7         4040.
        4050.   5.504510E-7         4060.
        4070.   4.442940E-7         4080.
        4090.   3.172669E-7         4100.
        4110.   4.176043E-7         4120.
        4130.   3.172669E-7         4140.
        4150.   3.172669E-7         4160.
        4170.   6.761737E-7         4180.
        4190.   1.255221E-6         4200.
        4210.   6.228946E-7         4220.
        4230.   1.319437E-6         4240.
        4250.   3.172669E-7         4260.
        4270.   3.172669E-7         4280.
        4290.   3.172669E-7         4300.
        4310.   3.172669E-7         4320.
        4330.   3.172669E-7         4340.
        4350.   3.172669E-7         4360.
        4370.   3.172669E-7         4380.
        4390.   2.820484E-6         4400.
        4410.   3.217820E-5         4420.
        4430.   4.941617E-5         4440.
        4450.   3.139557E-5         4460.
        4470.   6.182790E-6         4480.
        4490.   5.714215E-7         4500.
        4510.   3.172669E-7         4520.
        4530.   3.172669E-7         4540.
        4550.   3.172669E-7         4560.
        4570.   3.172669E-7         4580.
        4590.   8.835711E-7         4600.
        4610.   3.172669E-7         4620.
        4630.   4.468024E-7         4640.
        4650.   4.687763E-7         4660.
        4670.   4.952654E-7         4680.
        4690.   4.210157E-7         4700.
        4710.   4.482071E-7         4720.
        4730.   3.172669E-7         4740.
        4750.   5.735286E-7         4760.
        4770.   3.172669E-7         4780.
        4790.   3.172669E-7         4800.
        4810.   3.172669E-7         4820.
        4830.   3.172669E-7         4840.
        4850.   3.172669E-7         4860.
        4870.   4.828236E-7         4880.
        4890.   3.172669E-7         4900.
        4910.   3.279026E-7         4920.
        4930.   3.430536E-7         4940.
        4950.   3.172669E-7         4960.
        4970.   4.520200E-7         4980.
        4990.   5.317883E-7         5000.
        5010.   3.172669E-7         5020.
        5030.   3.172669E-7         5040.
        5050.   3.172669E-7         5060.
        5070.   3.172669E-7         5080.
        5090.   3.172669E-7         5100.
        5110.   3.675359E-7         5120.
        5130.   3.172669E-7         5140.
        5150.   3.172669E-7         5160.
        5170.   3.172669E-7         5180.
        5190.   3.191733E-7         5200.
        5210.   3.172669E-7         5220.
        5230.   3.998445E-7         5240.
        5250.   3.204776E-7         5260.
        5270.   3.172669E-7         5280.
        5290.   3.522846E-7         5300.
        5310.   3.172669E-7         5320.
        5330.   3.172669E-7         5340.
        5350.   3.487728E-7         5360.
        5370.   8.541723E-7         5380.
        5390.   4.875394E-7         5400.
        5410.   3.172669E-7         5420.
        5430.   3.172669E-7         5440.
        5450.   3.172669E-7         5460.
        5470.   3.172669E-7         5480.
        5490.   3.172669E-7         5500.
        5510.   6.544005E-7         5520.
        5530.   6.600194E-7         5540.
        5550.   3.172669E-7         5560.
        5570.   3.172669E-7         5580.
        5590.   1.142843E-6         5600.
        5610.   3.172669E-7         5620.
        5630.   3.223841E-7         5640.
        5650.   4.126877E-7         5660.
        5670.   4.913522E-7         5680.
        5690.   3.172669E-7         5700.
        5710.   3.172669E-7         5720.
        5730.   3.172669E-7         5740.
        5750.   3.172669E-7         5760.
        5770.   1.359572E-6         5780.
        5790.   3.371337E-7         5800.
        5810.   9.220004E-7         5820.
        5830.   3.172669E-7         5840.
        5850.   3.805797E-7         5860.
        5870.   3.551944E-7         5880.
        5890.   4.788101E-7         5900.
        5910.   3.172669E-7         5920.
        5930.   5.940977E-7         5940.
        5950.   3.172669E-7         5960.
        5970.   3.172669E-7         5980.
        5990.   4.528227E-7         6000.
        6010.   3.172669E-7         6020.
        6030.   9.905308E-7         6040.
        6050.   1.030465E-6         6060.
        6070.   8.938055E-7         6080.
        6090.   3.801784E-7         6100.
        6110.   1.865272E-6         6120.
        6130.   1.008391E-6         6140.
        6150.   1.717776E-6         6160.
        6170.   1.171941E-6         6180.
        6190.   1.764935E-6         6200.
        6210.   1.120769E-6         6220.
        6230.   3.220830E-6         6240.
        6250.   2.002734E-6         6260.
        6270.   4.126877E-6         6280.
        6290.   3.169658E-6         6300.
        6310.   8.179505E-6         6320.
        6330.   8.641056E-6         6340.
        6350.   9.955476E-6         6360.
        6370.   1.342514E-5         6380.
        6390.   1.451882E-5         6400.
        6410.   1.750888E-5         6420.
        6430.   2.163274E-5         6440.
        6450.   2.638874E-5         6460.
        6470.   3.305114E-5         6480.
        6490.   4.052628E-5         6500.
        6510.   4.996802E-5         6520.
        6530.   6.370421E-5         6540.
        6550.   8.068130E-5         6560.
        6570.   1.028458E-4         6580.
        6590.   1.285322E-4         6600.
        6610.   1.639513E-4         6620.
        6630.   2.100062E-4         6640.
        6650.   2.709110E-4         6660.
        6670.   3.490738E-4         6680.
        6690.   4.514179E-4         6700.
        6710.   5.975092E-4         6720.
        6730.   8.020971E-4         6740.
        6750.   0.001090668         6760.
        6770.   0.001511081         6780.
        6790.   0.002134176         6800.
        6810.   0.003058284         6820.
        6830.    0.00444595         6840.
        6850.   0.006589157         6860.
        6870.    0.00986417         6880.
        6890.    0.01469943         6900.
        6910.    0.02000728         6920.
        6930.    0.03066311         6940.
        6950.    0.04616524         6960.
        6970.    0.06821939         6980.
        6990.    0.09852129         7000.
        7010.     0.1383653         7020.
        7030.     0.1881326         7040.
        7050.     0.2467297         7060.
        7070.      0.311648         7080.
        7090.     0.3818841         7100.
        7110.     0.4530233         7120.
        7130.     0.5228581         7140.
        7150.     0.5874755         7160.
        7170.     0.6471762         7180.
        7190.     0.6996527         7200.
        7210.     0.7450052         7220.
        7230.     0.7843375         7240.
        7250.     0.8169471         7260.
        7270.     0.8462456         7280.
        7290.     0.8696242         7300.
        7310.     0.8896917         7320.
        7330.     0.9068494         7340.
        7350.     0.9205956         7360.
        7370.     0.9332381         7380.
        7390.     0.9423688         7400.
        7410.     0.9499945         7420.
        7430.     0.9570181         7440.
        7450.     0.9607306         7460.
        7470.     0.9646437         7480.
        7490.     0.9663495         7500.
        7510.     0.9682559         7520.
        7530.     0.9682559         7540.
        7550.     0.9690586         7560.
        7570.     0.9681556         7580.
        7590.     0.9666505         7600.
        7610.     0.9659482         7620.
        7630.     0.9643427         7640.
        7650.     0.9641421         7660.
        7670.     0.9621353         7680.
        7690.     0.9618343         7700.
        7710.     0.9614329         7720.
        7730.     0.9616336         7740.
        7750.     0.9616336         7760.
        7770.      0.963239         7780.
        7790.     0.9642424         7800.
        7810.     0.9656472         7820.
        7830.     0.9680552         7840.
        7850.     0.9707643         7860.
        7870.     0.9736741         7880.
        7890.      0.977186         7900.
        7910.     0.9793934         7920.
        7930.     0.9824035         7940.
        7950.     0.9857146         7960.
        7970.      0.988223         7980.
        7990.     0.9911328         8000.
        8010.     0.9932399         8020.
        8030.      0.995046         8040.
        8050.      0.995347         8060.
        8070.     0.9960493         8080.
        8090.     0.9966514         8100.
        8110.       0.99625         8120.
        8130.      0.995648         8140.
        8150.     0.9945443         8160.
        8170.     0.9931396         8180.
        8190.     0.9893268         8200.
        8210.      0.988524         8220.
        8230.     0.9867179         8240.
        8250.     0.9845105         8260.
        8270.     0.9829051         8280.
        8290.     0.9815004         8300.
        8310.     0.9825038         8320.
        8330.     0.9827045         8340.
        8350.     0.9832062         8360.
        8370.     0.9841092         8380.
        8390.     0.9862163         8400.
        8410.     0.9891261         8420.
        8430.     0.9920358         8440.
        8450.     0.9930393         8460.
        8470.     0.9921362         8480.
        8490.     0.9912332         8500.
        8510.     0.9881227         8520.
        8530.     0.9819018         8540.
        8550.     0.9719684         8560.
        8570.     0.9584228         8580.
        8590.     0.9415661         8600.
        8610.     0.9228031         8620.
        8630.     0.9004278         8640.
        8650.     0.8756444         8660.
        8670.     0.8506605         8680.
        8690.     0.8252751         8700.
        8710.     0.7982844         8720.
        8730.     0.7765111         8740.
        8750.     0.7581493         8760.
        8770.     0.7431991         8780.
        8790.      0.732162         8800.
        8810.     0.7266434         8820.
        8830.     0.7284495         8840.
        8850.     0.7368778         8860.
        8870.     0.7493197         8880.
        8890.     0.7672801         8900.
        8910.     0.7866452         8920.
        8930.     0.8022978         8940.
        8950.     0.8044049         8960.
        8970.     0.7806249         8980.
        8990.      0.723834         9000.
        9010.     0.6323263         9020.
        9030.     0.5221558         9040.
        9050.     0.4092762         9060.
        9070.     0.3084371         9080.
        9090.     0.2266622         9100.
        9110.     0.1625466         9120.
        9130.     0.1146856         9140.
        9150.    0.07973813         9160.
        9280.    0.02357929         9290.
        9300.     0.0189437         9310.
        9320.    0.01539176         9330.
        9340.    0.01259234         9350.
        9360.    0.01038492         9370.
        9380.   0.008608948         9390.
        9400.   0.007215262         9410.
        9420.   0.006054359         9430.
        9440.   0.005136271         9450.
        9460.   0.004390765         9470.
        9480.     0.0037767         9490.
        9500.   0.003242905         9510.
        9520.   0.002822491         9530.
        9540.   0.002460273         9550.
        9560.   0.002139193         9570.
        9580.   0.001886343         9590.
        9600.   0.001660584         9610.
        9620.   0.001464926         9630.
        9640.   0.001310406         9650.
        9660.   0.001154884         9670.
        9680.   0.001044512         9690.
        9700.   9.417668E-4         9710.
        9720.   8.553763E-4         9730.
        9740.   7.733003E-4         9750.
        9760.   7.091847E-4         9770.
        9780.   6.437647E-4         9790.
        9800.   5.808532E-4         9810.
        9820.   5.372064E-4         9830.
        9840.   5.058008E-4         9850.
        9860.   4.578395E-4         9870.
        9880.   4.325545E-4         9890.
        9900.   3.968344E-4         9910.
        9920.   3.681379E-4         9930.
        9940.   3.431539E-4         9950.
        9960.   3.275013E-4         9970.
        9980.   2.924835E-4         9990.
       10000.   2.803427E-4        10010.
       10020.   2.659945E-4        10030.
       10040.   2.471310E-4        10050.
       10060.   2.441209E-4        10070.
       10080.   2.244548E-4        10090.
       10100.   2.309767E-4        10110.
       10120.   2.158257E-4        10130.
       10140.   2.023805E-4        10150.
       10160.   1.942532E-4        10170.
       10180.   1.756908E-4        10190.
       10200.   1.741857E-4        10210.
       10220.   1.685668E-4        10230.
       10240.   1.578307E-4        10250.
       10260.   1.495027E-4        10270.
       10280.   1.565263E-4        10290.
       10300.   1.476967E-4        10310.
       10320.   1.417767E-4        10330.
       10340.   1.345525E-4        10350.
       10360.   1.398703E-4        10370.
       10380.   1.354555E-4        10390.
       10400.   1.317430E-4        10410.
       10420.   1.343518E-4        10430.
       10440.   1.277295E-4        10450.
       10460.   1.290339E-4        10470.
       10480.   1.047523E-4        10490.
       10500.   1.328467E-4        10510.
       10520.   1.138829E-4        10530.
       10540.   1.117759E-4        10550.
       10560.   1.087657E-4        10570.
       10580.   1.167927E-4        10590.
       10600.   1.102708E-4        10610.
       10620.   9.873200E-5        10630.
       10640.   1.142843E-4        10650.
       10660.   1.090668E-4        10670.
       10680.   1.208062E-4        10690.
       10700.   9.962500E-5        10710.
       10720.   1.131806E-4        10730.
       10740.   1.041502E-4        10750.
       10760.   1.105718E-4        10770.
       10780.   1.152877E-4        10790.
       10800.   1.154884E-4        10810.
       10820.   1.111738E-4        10830.
       10840.   1.161907E-4        10850.
       10860.   1.176958E-4        10870.
       10880.   1.251207E-4        10890.
       10900.   1.154884E-4        10910.
       10920.   1.239167E-4        10930.
       10940.   1.225120E-4        10950.
       10960.   1.158897E-4        10970.
       10980.   1.255221E-4        10990.
       11000.   1.252211E-4         INDEF
