        1850.   9.104453E-7            0.
        1860.   5.103527E-4            0.
        1870.   5.860567E-4            0.
        1880.   5.663817E-4            0.
        1890.   1.700843E-4            0.
        1900.   7.263787E-5            0.
        1910.   2.778476E-4            0.
        1920.   1.292361E-4            0.
        1930.   1.595976E-5            0.
        1940.   2.799449E-6            0.
        1950.   9.209320E-5            0.
        1960.   7.565405E-5            0.
        1970.   8.255529E-5            0.
        1980.   1.269390E-5            0.
        1990.   2.842395E-5            0.
        2000.   7.337693E-5            0.
        2010.   3.265858E-7            0.
        2020.   5.417129E-6            0.
        2030.   1.737796E-6            0.
        2040.   7.679261E-7            0.
        2050.   3.754238E-5            0.
        2060.   2.833406E-6            0.
        2070.   1.248417E-5            0.
        2080.   1.158531E-5            0.
        2090.   4.142746E-7            0.
        2100.   3.157994E-7            0.
        2110.   2.046404E-6            0.
        2120.   5.679796E-6            0.
        2130.   9.262253E-7            0.
        2140.   3.157994E-7            0.
        2150.   1.022703E-6            0.
        2160.   9.625791E-7            0.
        2170.   3.157994E-7            0.
        2180.   3.173974E-6            0.
        2190.   2.530790E-6            0.
        2200.   5.942463E-6            0.
        2210.   3.157994E-7            0.
        2220.   1.056660E-6            0.
        2230.   1.086622E-5            0.
        2240.   3.276844E-6            0.
        2250.   1.298353E-5            0.
        2260.   8.059778E-7            0.
        2270.   2.338035E-6            0.
        2280.   3.157994E-7            0.
        2290.   1.622942E-6            0.
        2300.   3.566477E-7            0.
        2310.   6.928212E-7            0.
        2320.   7.472523E-7            0.
        2330.   3.157994E-7            0.
        2340.   3.822152E-7            0.
        2350.   6.211122E-7            0.
        2360.   1.012716E-6            0.
        2370.   7.485506E-7            0.
        2380.   4.228637E-7            0.
        2390.   3.720281E-6            0.
        2400.   5.868557E-7            0.
        2410.   2.652636E-6            0.
        2420.   1.207468E-6            0.
        2430.   1.030693E-6            0.
        2440.   2.057391E-6            0.
        2450.   8.000853E-6            0.
        2460.   2.017441E-6            0.
        2470.   3.940003E-6            0.
        2480.   4.627132E-6            0.
        2490.   6.524725E-6            0.
        2500.   7.570398E-7            0.
        2510.   4.538244E-7            0.
        2520.   8.381370E-7            0.
        2530.   2.456884E-6            0.
        2540.   4.506285E-7            0.
        2550.   3.157994E-7            0.
        2560.   1.790729E-6            0.
        2570.   1.476128E-6            0.
        2580.   5.263324E-7            0.
        2590.   7.516467E-7            0.
        2600.   1.024700E-6            0.
        2610.   3.234897E-7            0.
        2620.   6.996127E-7            0.
        2630.   1.284371E-6            0.
        2640.   1.140553E-6            0.
        2650.   3.576464E-6            0.
        2660.   6.368922E-7            0.
        2670.   1.090617E-6            0.
        2680.   6.938200E-7            0.
        2690.   3.157994E-7            0.
        2700.   3.514542E-6            0.
        2710.   2.778476E-6            0.
        2720.   3.024164E-6            0.
        2730.   8.037806E-7            0.
        2740.   3.206933E-7            0.
        2750.   4.283567E-7            0.
        2760.   3.157994E-7            0.
        2770.   7.239818E-7            0.
        2780.   3.892064E-7            0.
        2790.   4.386437E-6            0.
        2800.   4.967699E-7            0.
        2810.   4.419395E-7            0.
        2820.   3.241888E-7            0.
        2830.   9.923414E-7            0.
        2840.   2.773482E-6            0.
        2850.   3.685326E-6            0.
        2860.   4.221646E-7            0.
        2870.   5.886534E-6            0.
        2880.   3.018172E-6            0.
        2890.   8.909699E-7            0.
        2900.   4.006918E-7            0.
        2910.   3.157994E-7            0.
        2920.   5.744714E-7            0.
        2930.   4.768951E-7            0.
        2940.   3.157994E-7            0.
        2950.   4.113782E-7            0.
        2960.   4.845854E-6            0.
        2970.   1.612954E-6            0.
        2980.   3.561483E-7            0.
        2990.   1.406216E-6            0.
        3000.   3.157994E-7            0.
        3010.   4.850847E-7            0.
        3020.   2.289097E-6            0.
        3030.   5.629859E-7            0.
        3040.   5.611882E-7            0.
        3050.   3.157994E-7            0.
        3060.   3.239891E-7            0.
        3070.   7.706226E-7            0.
        3080.   8.043798E-7            0.
        3090.   4.109787E-7            0.
        3100.   6.004385E-7            0.
        3110.   2.635657E-6            0.
        3120.   5.515005E-6            0.
        3130.   4.826878E-6            0.
        3140.   3.157994E-7            0.
        3150.   3.157994E-7            0.
        3160.   8.707955E-7            0.
        3170.   5.744714E-7            0.
        3180.   7.952913E-7            0.
        3190.   1.690855E-6            0.
        3200.   2.957249E-6            0.
        3210.   8.595099E-6            0.
        3220.   2.303079E-6            0.
        3230.   8.599093E-7            0.
        3240.   8.810825E-6            0.
        3250.   4.873818E-6            0.
        3260.   5.413134E-6            0.
        3270.   1.172513E-6            0.
        3280.   8.434303E-7            0.
        3290.   7.954911E-6            0.
        3300.   1.725811E-6            0.
        3310.   1.223448E-6            0.
        3320.   1.651905E-6            0.
        3330.   5.537976E-6            0.
        3340.   7.261789E-7            0.
        3350.   1.034688E-5            0.
        3360.   4.112784E-6            0.
        3370.   7.030084E-6            0.
        3380.   1.783738E-5            0.
        3390.   1.392234E-5            0.
        3400.   1.379251E-5            0.
        3410.   1.602967E-5            0.
        3420.   1.523068E-5            0.
        3430.   2.111322E-5            0.
        3440.   2.741523E-5            0.
        3450.   2.114319E-5            0.
        3460.   2.298085E-5            0.
        3470.   1.785735E-5            0.
        3480.   3.036149E-5            0.
        3490.   2.831409E-5            0.
        3500.   2.427921E-5            0.
        3510.   2.717553E-5            0.
        3520.   2.907313E-5            0.
        3530.   2.355013E-5            0.
        3540.   3.085087E-5            0.
        3550.   3.194948E-5            0.
        3560.   3.600434E-5            0.
        3570.   3.481584E-5            0.
        3580.   2.836403E-5            0.
        3590.   3.095074E-5            0.
        3600.   4.278573E-5            0.
        3610.   4.393428E-5            0.
        3620.   4.065843E-5            0.
        3630.   4.758964E-5            0.
        3640.   4.852845E-5            0.
        3650.   5.120505E-5            0.
        3660.   5.423122E-5            0.
        3670.   5.252338E-5            0.
        3680.   5.579923E-5            0.
        3690.   6.072298E-5            0.
        3700.   6.198139E-5            0.
        3710.   6.175168E-5            0.
        3720.   6.356937E-5            0.
        3730.   6.231097E-5            0.
        3740.   6.728466E-5            0.
        3750.   6.612613E-5            0.
        3760.   6.612613E-5            0.
        3770.   7.166910E-5            0.
        3780.   7.229830E-5            0.
        3790.   7.401613E-5            0.
        3800.   7.595366E-5            0.
        3810.   7.323711E-5            0.
        3820.   7.699235E-5            0.
        3830.   7.833065E-5            0.
        3840.   7.983874E-5            0.
        3850.   8.247540E-5            0.
        3860.   8.467260E-5            0.
        3870.   8.331433E-5            0.
        3880.   8.438298E-5            0.
        3890.   8.119702E-5            0.
        3900.   8.884731E-5            0.
        3910.   8.438298E-5            0.
        3920.   8.764883E-5            0.
        3930.   8.601091E-5            0.
        3940.   9.233289E-5            0.
        3950.   8.823809E-5            0.
        3960.   8.821811E-5            0.
        3970.   8.796843E-5            0.
        3980.   8.821811E-5            0.
        3990.   8.894718E-5            0.
        4000.   9.085477E-5            0.
        4010.   9.372113E-5            0.
        4020.   9.473984E-5            0.
        4030.   8.964630E-5            0.
        4040.   8.794845E-5            0.
        4050.   8.950647E-5            0.
        4060.   8.868751E-5            0.
        4070.   8.864757E-5            0.
        4080.   8.937664E-5            0.
        4090.   8.635048E-5            0.
        4100.   8.611078E-5            0.
        4110.   8.845780E-5            0.
        4120.   8.917689E-5            0.
        4130.   8.954643E-5            0.
        4140.   8.880736E-5            0.
        4150.   8.625061E-5            0.
        4160.   8.661015E-5            0.
        4170.   8.993594E-5            0.
        4180.   8.409334E-5            0.
        4190.   8.681988E-5            0.
        4200.   8.459271E-5            0.
        4210.   8.593102E-5            0.
        4220.   8.242546E-5            0.
        4230.   8.303469E-5            0.
        4240.   8.516199E-5            0.
        4250.   8.046794E-5            0.
        4260.   7.806100E-5            0.
        4270.   7.482510E-5            0.
        4280.   6.901247E-5            0.
        4290.   6.589642E-5            0.
        4300.   6.308998E-5            0.
        4310.   6.299011E-5            0.
        4320.   7.366657E-5            0.
        4330.   1.119580E-4            0.
        4340.   2.638653E-4            0.
        4350.   6.244080E-4            0.
        4360.   0.001752777            0.
        4370.   0.004132758            0.
        4380.    0.01021704            0.
        4390.    0.01977492            0.
        4400.    0.04382442            0.
        4410.    0.07972888            0.
        4420.     0.1272386            0.
        4430.     0.1935545            0.
        4440.     0.2638653            0.
        4450.     0.3442634            0.
        4460.     0.4175704            0.
        4470.     0.4922757            0.
        4480.     0.5544967            0.
        4490.      0.612623            0.
        4500.     0.6573663            0.
        4510.     0.6997126            0.
        4520.     0.7302738            0.
        4530.     0.7581385            0.
        4540.     0.7794114            0.
        4550.     0.7980878            0.
        4560.     0.8126693            0.
        4570.     0.8252533            0.
        4580.     0.8358399            0.
        4590.     0.8447286            0.
        4600.     0.8519195            0.
        4610.     0.8582115            0.
        4620.     0.8640042            0.
        4630.     0.8693973            0.
        4640.     0.8737918            0.
        4650.     0.8778865            0.
        4660.     0.8810825            0.
        4670.     0.8844782            0.
        4680.     0.8874744            0.
        4690.     0.8905705            0.
        4700.     0.8934668            0.
        4710.     0.8962632            0.
        4720.     0.8985603            0.
        4730.     0.9010571            0.
        4740.     0.9028549            0.
        4750.      0.905152            0.
        4760.      0.907449            0.
        4770.     0.9094465            0.
        4780.     0.9114439            0.
        4790.     0.9134415            0.
        4800.     0.9149396            0.
        4810.     0.9171367            0.
        4820.     0.9187347            0.
        4830.     0.9207322            0.
        4840.     0.9225299            0.
        4850.     0.9244275            0.
        4860.     0.9258257            0.
        4870.     0.9273239            0.
        4880.     0.9287221            0.
        4890.     0.9300205            0.
        4900.     0.9315185            0.
        4910.     0.9328169            0.
        4920.     0.9340153            0.
        4930.     0.9353138            0.
        4940.     0.9366121            0.
        4950.     0.9374111            0.
        4960.     0.9388093            0.
        4970.     0.9399079            0.
        4980.     0.9408067            0.
        4990.     0.9415059            0.
        5000.     0.9425046            0.
        5010.     0.9431038            0.
        5020.     0.9437031            0.
        5030.      0.944602            0.
        5040.     0.9450014            0.
        5050.     0.9455008            0.
        5060.     0.9461999            0.
        5070.     0.9470988            0.
        5080.     0.9474983            0.
        5090.     0.9473984            0.
        5100.     0.9478978            0.
        5110.     0.9480975            0.
        5120.     0.9479976            0.
        5130.     0.9479976            0.
        5140.     0.9478978            0.
        5150.     0.9481974            0.
        5160.     0.9479976            0.
        5170.     0.9477979            0.
        5180.     0.9472985            0.
        5190.     0.9467992            0.
        5200.     0.9461999            0.
        5210.     0.9457005            0.
        5220.     0.9452012            0.
        5230.      0.944602            0.
        5240.     0.9439029            0.
        5250.     0.9431038            0.
        5260.     0.9419053            0.
        5270.     0.9405071            0.
        5280.     0.9397082            0.
        5290.     0.9382101            0.
        5300.     0.9369116            0.
        5310.     0.9353138            0.
        5320.     0.9337158            0.
        5330.     0.9321178            0.
        5340.     0.9301203            0.
        5350.     0.9283226            0.
        5360.     0.9259256            0.
        5370.     0.9242278            0.
        5380.      0.921731            0.
        5390.     0.9192342            0.
        5400.     0.9167373            0.
        5410.     0.9143403            0.
        5420.     0.9113442            0.
        5430.     0.9087474            0.
        5440.     0.9056513            0.
        5450.     0.9024554            0.
        5460.     0.8993593            0.
        5470.     0.8961634            0.
        5480.      0.892468            0.
        5490.     0.8890724            0.
        5500.     0.8851773            0.
        5510.     0.8813821            0.
        5520.     0.8770875            0.
        5530.     0.8730927            0.
        5540.     0.8683985            0.
        5550.     0.8644036            0.
        5560.     0.8596097            0.
        5570.     0.8548158            0.
        5580.     0.8494226            0.
        5590.     0.8448285            0.
        5600.     0.8392356            0.
        5610.      0.834142            0.
        5620.     0.8280498            0.
        5630.     0.8228563            0.
        5640.     0.8166642            0.
        5650.     0.8108716            0.
        5660.     0.8044797            0.
        5670.     0.7985871            0.
        5680.     0.7916959            0.
        5690.     0.7863027            0.
        5700.     0.7804102            0.
        5710.     0.7739184            0.
        5720.     0.7668274            0.
        5730.     0.7598363            0.
        5740.     0.7523458            0.
        5750.     0.7447554            0.
        5760.     0.7378641            0.
        5770.      0.730074            0.
        5780.     0.7223837            0.
        5790.     0.7140943            0.
        5800.     0.7066038            0.
        5810.     0.6978149            0.
        5820.      0.689925            0.
        5830.     0.6811361            0.
        5840.     0.6732461            0.
        5850.     0.6640578            0.
        5860.     0.6556684            0.
        5870.     0.6467797            0.
        5880.     0.6380907            0.
        5890.     0.6288025            0.
        5900.     0.6201135            0.
        5910.      0.611025            0.
        5920.     0.6019365            0.
        5930.     0.5927482            0.
        5940.     0.5839593            0.
        5950.      0.573972            0.
        5960.      0.565283            0.
        5970.     0.5553956            0.
        5980.     0.5467066            0.
        5990.     0.5366194            0.
        6000.     0.5277306            0.
        6010.     0.5178432            0.
        6020.     0.5088546            0.
        6030.     0.4987674            0.
        6040.     0.4897788            0.
        6050.     0.4794919            0.
        6060.      0.470703            0.
        6070.     0.4606158            0.
        6080.     0.4519268            0.
        6090.     0.4417397            0.
        6100.     0.4330508            0.
        6110.     0.4229636            0.
        6120.     0.4142745            0.
        6130.     0.4045869            0.
        6140.     0.3960976            0.
        6150.     0.3862102            0.
        6160.     0.3778208            0.
        6170.     0.3683329            0.
        6180.     0.3601432            0.
        6190.     0.3506553            0.
        6200.     0.3425655            0.
        6210.     0.3332773            0.
        6220.     0.3251876            0.
        6230.     0.3162988            0.
        6240.     0.3084089            0.
        6250.     0.2997199            0.
        6260.     0.2921295            0.
        6270.     0.2835404            0.
        6280.     0.2762496            0.
        6290.     0.2679601            0.
        6300.     0.2608691            0.
        6310.     0.2528793            0.
        6320.      0.245988            0.
        6330.     0.2381979            0.
        6340.     0.2316063            0.
        6350.     0.2240159            0.
        6360.      0.217624            0.
        6370.     0.2103332            0.
        6380.     0.2040412            0.
        6390.     0.1971499            0.
        6400.     0.1910577            0.
        6410.     0.1841664            0.
        6420.     0.1784736            0.
        6430.     0.1720817            0.
        6440.     0.1665887            0.
        6450.     0.1604964            0.
        6460.      0.155303            0.
        6470.     0.1496103            0.
        6480.     0.1446166            0.
        6490.     0.1391235            0.
        6500.     0.1344295            0.
        6510.     0.1294358            0.
        6520.     0.1247418            0.
        6530.     0.1200477            0.
        6540.     0.1157532            0.
        6550.     0.1110591            0.
        6560.     0.1070642            0.
        6570.     0.1026698            0.
        6580.    0.09885462            0.
        6590.    0.09465994            0.
        6600.    0.09110445            0.
        6610.    0.08718942            0.
        6620.    0.08387362            0.
        6630.    0.08019829            0.
        6640.    0.07710221            0.
        6650.    0.07366657            0.
        6660.    0.07079022            0.
        6670.    0.06761424            0.
        6680.    0.06491766            0.
        6690.    0.06182159            0.
        6700.    0.05934473            0.
        6710.     0.0565283            0.
        6720.    0.05415132            0.
        6730.    0.05151466            0.
        6740.     0.0493574            0.
        6750.    0.04702036            0.
        6760.     0.0448631            0.
        6770.    0.04266589            0.
        6780.    0.04074832            0.
        6790.     0.0387908            0.
        6800.    0.03691318            0.
        6810.    0.03515541            0.
        6820.    0.03345757            0.
        6830.    0.03181965            0.
        6840.    0.03018172            0.
        6850.    0.02870359            0.
        6910.    0.02405948            0.
        6920.    0.02292093            0.
        6930.    0.02167251            0.
        6940.    0.02062384            0.
        6950.    0.01950526            0.
        6960.    0.01854648            0.
        6970.    0.01752777            0.
        6980.    0.01667885            0.
        6990.    0.01573005            0.
        7000.    0.01495104            0.
        7010.     0.0141121            0.
        7020.      0.013403            0.
        7030.    0.01262399            0.
        7040.    0.01199479            0.
        7050.    0.01130566            0.
        7060.     0.0107264            0.
        7070.    0.01010718            0.
        7080.   0.009596828            0.
        7090.    0.00903554            0.
        7100.   0.008569132            0.
        7110.    0.00806577            0.
        7120.   0.007646302            0.
        7130.   0.007191878            0.
        7140.   0.006813358            0.
        7150.   0.006407873            0.
        7160.     0.0060713            0.
        7170.   0.005705763            0.
        7180.   0.005403147            0.
        7190.   0.005070569            0.
        7200.   0.004801909            0.
        7210.   0.004509281            0.
        7220.   0.004269585            0.
        7230.   0.004009914            0.
        7240.   0.003794188            0.
        7250.   0.003561483            0.
        7260.   0.003367729            0.
        7270.   0.003165985            0.
        7280.   0.002997199            0.
        7290.   0.002809437            0.
        7300.   0.002658628            0.
        7310.   0.002495834            0.
        7320.   0.002360007            0.
        7330.   0.002214191            0.
        7340.   0.002093345            0.
        7350.   0.001962511            0.
        7360.   0.001856645            0.
        7370.    0.00174279            0.
        7380.   0.001649907            0.
        7390.    0.00154504            0.
        7400.   0.001462145            0.
        7410.   0.001370262            0.
        7420.   0.001295357            0.
        7430.   0.001215458            0.
        7440.   0.001147545            0.
        7450.   0.001077633            0.
        7460.   0.001019707            0.
        7470.   9.554881E-4            0.
        7480.   9.041533E-4            0.
        7490.   8.477248E-4            0.
        7500.   8.008842E-4            0.
        7510.   7.527453E-4            0.
        7520.   7.126961E-4            0.
        7530.   6.690514E-4            0.
        7540.   6.334965E-4            0.
        7550.   5.935472E-4            0.
        7560.   5.609885E-4            0.
        7570.   5.322249E-4            0.
        7580.   5.020632E-4            0.
        7590.   4.736992E-4            0.
        7600.   4.440368E-4            0.
        7610.   4.204667E-4            0.
        7620.   3.958979E-4            0.
        7630.   3.758234E-4            0.
        7640.   3.527526E-4            0.
        7650.   3.345756E-4            0.
        7660.   3.145011E-4            0.
        7670.   2.980220E-4            0.
        7680.   2.812433E-4            0.
        7690.   2.662623E-4            0.
        7700.   2.496833E-4            0.
        7710.   2.381979E-4            0.
        7720.   2.244154E-4            0.
        7730.   2.129299E-4            0.
        7740.   2.010450E-4            0.
        7750.   1.915570E-4            0.
        7760.   1.795722E-4            0.
        7770.   1.714825E-4            0.
        7780.   1.616949E-4            0.
        7790.   1.533056E-4            0.
        7800.   1.451159E-4            0.
        7810.   1.374257E-4            0.
        7820.   1.301350E-4            0.
        7830.   1.237431E-4            0.
        7840.   1.170515E-4            0.
        7850.   1.117583E-4            0.
        7860.   1.065648E-4            0.
        7870.   1.017709E-4            0.
        7880.   9.491961E-5            0.
        7890.   8.993594E-5            0.
        7900.   8.633050E-5            0.
        7910.   8.083748E-5            0.
        7920.   7.669273E-5            0.
        7930.   7.406606E-5            0.
        7940.   7.130956E-5            0.
        7950.   6.671538E-5            0.
        7960.   6.291021E-5            0.
        7970.   6.141211E-5            0.
        7980.   5.801642E-5            0.
        7990.   5.568937E-5            0.
        8000.   5.856572E-5            0.
        8010.   6.783396E-5            0.
        8020.   6.488770E-5            0.
        8030.   5.561946E-5            0.
        8040.   5.086549E-5            0.
        8050.   4.400419E-5            0.
        8060.   4.330507E-5            0.
        8070.   5.039608E-5            0.
        8080.   4.388434E-5            0.
        8090.   3.723277E-5            0.
        8100.   4.135754E-5            0.
        8110.   3.494568E-5            0.
        8120.   3.565478E-5            0.
        8130.   3.312798E-5            0.
        8140.   3.602431E-5            0.
        8150.   1.991474E-5            0.
        8160.   2.695581E-5            0.
        8170.   2.844392E-5            0.
        8180.   2.658628E-5            0.
        8190.   3.366730E-5            0.
        8200.   1.930551E-5            0.
        8210.   2.665619E-5            0.
        8220.   2.570740E-5            0.
        8230.   3.459612E-5            0.
        8240.   2.518805E-5            0.
        8250.   3.105062E-5            0.
        8260.   2.873356E-5            0.
        8270.   2.328047E-5            0.
        8280.   2.276113E-5            0.
        8290.   1.675875E-5            0.
        8300.   2.254141E-5            0.
        8310.   1.804711E-5            0.
        8320.   5.437104E-6            0.
        8330.   8.696969E-6            0.
        8340.   2.225178E-5            0.
        8350.   1.094612E-5            0.
        8360.   2.242156E-5            0.
        8370.   1.479124E-5            0.
        8380.   1.712828E-5            0.
        8390.   9.877472E-6            0.
        8400.   1.632929E-5            0.
        8410.   2.143282E-5            0.
        8420.   1.558024E-5            0.
        8430.   2.381979E-5            0.
        8440.   1.304346E-5            0.
        8450.   1.801715E-5            0.
        8460.   1.473132E-5            0.
        8470.   3.477589E-6            0.
        8480.   9.431038E-6            0.
        8490.   2.065380E-5            0.
        8500.   9.730658E-6            0.
        8510.   7.678261E-6            0.
        8520.   5.444095E-6            0.
        8530.   3.003191E-6            0.
        8540.   1.001730E-5            0.
        8550.   1.853649E-5            0.
        8560.   1.276381E-5            0.
        8570.   2.077365E-5            0.
        8580.   1.236432E-5            0.
        8590.   1.113588E-5            0.
        8600.   2.058389E-5            0.
        8610.   1.509086E-5            0.
        8620.   4.851846E-6            0.
        8630.   1.466140E-5            0.
        8640.   2.990207E-6            0.
        8650.   7.179894E-6            0.
        8660.   1.554029E-5            0.
        8670.   5.300277E-6            0.
        8680.   9.703692E-7            0.
        8690.   3.495566E-6            0.
        8700.   1.079631E-5            0.
        8710.   2.049401E-5            0.
        8720.   5.656826E-6            0.
        8730.   9.385097E-6            0.
        8740.   3.167982E-6            0.
        8750.   1.186495E-5            0.
        8760.   1.523068E-5            0.
        8770.   1.424194E-5            0.
        8780.   3.113052E-6            0.
        8790.   8.821811E-6            0.
        8800.   1.896595E-5            0.
        8810.   1.612954E-5            0.
        8820.   5.473058E-6            0.
        8830.   1.224447E-5            0.
        8840.   5.336232E-6            0.
        8850.   1.556026E-5            0.
        8860.   1.079631E-5            0.
        8870.   1.203474E-5            0.
        8880.   9.636778E-6            0.
        8890.   2.249147E-6            0.
        8900.   7.025090E-6            0.
        8910.   1.539048E-6            0.
        8920.   7.569399E-6            0.
        8930.   3.263860E-6            0.
        8940.   2.452889E-6            0.
        8950.   1.347291E-5            0.
        8960.   9.692706E-6            0.
        8970.   9.590835E-7            0.
        8980.   8.950647E-6            0.
        8990.   1.133562E-5            0.
        9000.   6.045333E-6            0.
        9010.   4.684059E-6            0.
        9020.   3.959977E-6            0.
        9030.   3.020170E-6            0.
        9040.   5.556952E-6            0.
        9050.   6.668542E-6            0.
        9060.   9.927409E-6            0.
        9070.   1.760767E-5            0.
        9080.   6.464801E-6            0.
        9090.   1.648909E-5            0.
        9100.   6.202134E-6            0.
        9110.   1.345294E-5            0.
        9120.   5.925484E-6            0.
        9130.   3.122040E-6            0.
        9140.   1.739793E-5            0.
        9150.   8.696969E-6            0.
        9160.   2.479855E-6            0.
        9170.   1.533056E-5            0.
        9180.   1.303347E-5            0.
        9190.   1.263398E-5            0.
        9200.   1.004726E-5            0.
        9210.   2.316063E-6            0.
        9220.   1.639920E-5            0.
        9230.   8.972619E-6            0.
        9240.   4.728003E-6            0.
        9250.   7.822079E-6            0.
        9260.   5.752704E-6            0.
        9270.   1.139555E-5            0.
        9280.   4.480317E-6            0.
        9290.   2.323054E-6            0.
        9300.   3.390699E-6            0.
        9310.   8.015833E-6            0.
        9320.   1.414206E-5            0.
        9330.   1.440173E-5            0.
        9340.   1.081628E-6            0.
        9350.   3.020170E-6            0.
        9360.   8.381370E-6            0.
        9370.   2.614684E-6            0.
        9380.   1.402221E-5            0.
        9390.   7.795113E-6            0.
        9400.   1.089618E-5            0.
        9410.   5.726737E-6            0.
        9420.   7.159919E-6            0.
        9430.   1.835672E-5            0.
        9440.   1.046673E-5            0.
        9450.   9.323175E-6            0.
        9460.   6.285029E-6            0.
        9470.   1.114586E-5            0.
        9480.   7.082018E-6            0.
        9490.   9.045528E-6            0.
        9500.   6.397885E-6            0.
        9510.   5.369190E-6            0.
        9520.   8.459270E-6            0.
        9530.   1.052665E-5            0.
        9540.   1.775748E-5            0.
        9550.   1.498100E-5            0.
        9560.   1.089618E-5            0.
        9570.   1.118581E-5            0.
        9580.   1.612954E-5            0.
        9590.   9.459003E-6            0.
        9600.   1.462146E-5            0.
        9610.   1.332310E-5            0.
        9620.   1.979489E-5            0.
        9630.   1.979489E-5            0.
        9640.   1.492107E-5            0.
        9650.   2.020437E-6            0.
        9660.   1.146546E-5            0.
        9670.   1.558024E-5            0.
        9680.   5.857571E-6            0.
        9690.   1.361273E-5            0.
        9700.   1.173512E-5            0.
        9710.   1.204472E-5            0.
        9720.   3.093077E-6            0.
        9730.   2.306075E-5            0.
        9740.   1.775748E-5            0.
        9750.   2.214192E-5            0.
        9760.   8.935667E-6            0.
        9770.   3.836135E-6            0.
        9780.   7.717212E-6            0.
        9790.   1.457152E-5            0.
        9800.   2.522800E-5            0.
        9810.   1.071641E-5            0.
        9820.   1.061654E-5            0.
        9830.   1.805710E-5            0.
        9840.   1.189491E-5            0.
        9850.   1.949527E-5            0.
        9860.   8.362394E-6            0.
        9870.   1.902587E-5            0.
        9880.   2.932281E-6            0.
        9890.   2.432914E-5            0.
        9900.   1.301349E-5            0.
        9910.   1.200477E-5            0.
        9920.   8.603089E-6            0.
        9930.   1.622942E-5            0.
        9940.   3.214923E-5            0.
        9950.   2.140285E-5            0.
        9960.   1.953522E-5            0.
        9970.   2.223180E-5            0.
        9980.   1.906582E-5            0.
        9990.   2.148275E-5            0.
       10000.   2.127302E-5            0.
       10010.   2.167251E-5            0.
       10020.   2.991206E-5            0.
       10030.   2.299084E-5            0.
       10040.   2.662623E-5            0.
       10050.   2.396960E-5            0.
       10060.   2.184230E-5            0.
       10070.   2.408945E-5            0.
       10080.   2.855378E-5            0.
       10090.   3.221913E-5            0.
       10100.   3.084089E-5            0.
       10110.   2.904316E-5            0.
       10120.   2.617680E-5            0.
       10130.   2.336037E-5            0.
       10140.   3.452621E-5            0.
       10150.   2.623672E-5            0.
       10160.   2.899323E-5            0.
       10170.   3.038147E-5            0.
       10180.   2.912306E-5            0.
       10190.   2.831409E-5            0.
       10200.   2.942268E-5            0.
       10210.   3.315795E-5            0.
       10220.   4.406411E-5            0.
       10230.   3.454618E-5            0.
       10240.   3.688322E-5            0.
       10250.   3.244884E-5            0.
       10260.   3.192950E-5            0.
       10270.   3.471597E-5            0.
       10280.   3.404682E-5            0.
       10290.   3.632393E-5            0.
       10300.   3.501559E-5            0.
       10310.   4.542239E-5            0.
       10320.   4.416399E-5            0.
       10330.   4.409407E-5            0.
       10340.   3.893062E-5            0.
       10350.   3.439637E-5            0.
       10360.   4.934741E-5            0.
       10370.   4.626133E-5            0.
       10380.   5.515005E-5            0.
       10390.   5.232364E-5            0.
       10400.   5.650833E-5            0.
       10410.   5.085550E-5            0.
       10420.   4.667081E-5            0.
       10430.   5.009646E-5            0.
       10440.   5.090544E-5            0.
       10450.   5.251339E-5            0.
       10460.   5.457079E-5            0.
       10470.   6.103259E-5            0.
       10480.   6.397885E-5            0.
       10490.   6.369920E-5            0.
       10500.   5.212389E-5            0.
       10510.   6.321982E-5            0.
       10520.   6.425850E-5            0.
       10530.   6.592638E-5            0.
       10540.   5.502022E-5            0.
       10550.   6.285028E-5            0.
       10560.   5.880541E-5            0.
       10570.   6.935204E-5            0.
       10580.   6.024359E-5            0.
       10590.   7.276770E-5            0.
       10600.   7.642307E-5            0.
       10610.   7.330702E-5            0.
       10620.   6.738454E-5            0.
       10630.   8.020826E-5            0.
       10640.   7.551422E-5            0.
       10650.   8.703960E-5            0.
       10660.   7.678261E-5            0.
       10670.   8.194606E-5            0.
       10680.   8.022824E-5            0.
       10690.   9.366121E-5            0.
       10700.   8.353405E-5            0.
       10710.   8.648032E-5            0.
       10720.   9.859494E-5            0.
       10730.   1.052665E-4            0.
       10740.   1.069643E-4            0.
       10750.   9.222303E-5            0.
       10760.   9.957371E-5            0.
       10770.   1.058657E-4            0.
       10780.   1.101603E-4            0.
       10790.   1.120579E-4            0.
       10800.   1.121577E-4            0.
       10810.   1.117583E-4            0.
       10820.   1.169517E-4            0.
       10830.   1.191489E-4            0.
       10840.   1.251413E-4            0.
       10850.   1.313334E-4            0.
       10860.   1.222450E-4            0.
       10870.   1.231438E-4            0.
       10880.   1.315332E-4            0.
       10890.   1.242424E-4            0.
       10900.   1.347291E-4            0.
       10910.   1.401223E-4            0.
       10920.   1.369263E-4            0.
       10930.   1.399225E-4            0.
       10940.   1.476128E-4            0.
       10950.   1.513081E-4            0.
       10960.   1.441172E-4            0.
       10970.   1.475129E-4            0.
       10980.   1.618947E-4            0.
       10990.   1.476128E-4            0.
       11000.   1.535053E-4            0.
