        1850.   1.065394E-6            0.
        1860.   2.113828E-6            0.
        1870.   6.939375E-6            0.
        1880.   2.964023E-6            0.
        1890.   1.220168E-6            0.
        1900.   8.459550E-7            0.
        1910.   7.957066E-7            0.
        1920.   6.446431E-7            0.
        1930.   7.773669E-7            0.
        1940.   1.087656E-6            0.
        1950.   5.421321E-7            0.
        1960.   7.150334E-7            0.
        1970.   4.691976E-7            0.
        1980.   5.219903E-7            0.
        1990.   7.013581E-7            0.
        2000.   6.645729E-7            0.
        2010.   5.982110E-7            0.
        2020.   5.243225E-7            0.
        2030.   4.912475E-7            0.
        2040.   4.572186E-7            0.
        2050.   5.384217E-7            0.
        2060.   4.573245E-7            0.
        2070.   4.573245E-7            0.
        2080.   4.638971E-7            0.
        2090.   4.575366E-7            0.
        2100.   4.574306E-7            0.
        2110.   4.574306E-7            0.
        2120.   4.574306E-7            0.
        2130.   4.828728E-7            0.
        2140.   4.576426E-7            0.
        2150.   4.575366E-7            0.
        2160.   4.577486E-7            0.
        2170.   4.574306E-7            0.
        2180.   4.577486E-7            0.
        2190.   4.579606E-7            0.
        2200.   4.578546E-7            0.
        2210.   4.577486E-7            0.
        2220.   4.582786E-7            0.
        2230.   4.582786E-7            0.
        2240.   4.579606E-7            0.
        2250.   4.580666E-7            0.
        2260.   4.581727E-7            0.
        2270.   4.580666E-7            0.
        2280.   4.578546E-7            0.
        2290.   4.581727E-7            0.
        2300.   4.578546E-7            0.
        2310.   4.580666E-7            0.
        2320.   4.579606E-7            0.
        2330.   4.578546E-7            0.
        2340.   4.575366E-7            0.
        2350.   4.579606E-7            0.
        2360.   4.579606E-7            0.
        2370.   4.576426E-7            0.
        2380.   4.577486E-7            0.
        2390.   4.577486E-7            0.
        2400.   4.575366E-7            0.
        2410.   4.571125E-7            0.
        2420.   4.572186E-7            0.
        2430.   4.566885E-7            0.
        2440.   4.570065E-7            0.
        2450.   4.571125E-7            0.
        2460.   4.571125E-7            0.
        2470.   4.567945E-7            0.
        2480.   4.570065E-7            0.
        2490.   4.569005E-7            0.
        2500.   4.567945E-7            0.
        2510.   4.570065E-7            0.
        2520.   4.572186E-7            0.
        2530.   4.572186E-7            0.
        2540.   4.570065E-7            0.
        2550.   4.573245E-7            0.
        2560.   4.570065E-7            0.
        2570.   4.572186E-7            0.
        2580.   4.574306E-7            0.
        2590.   4.575366E-7            0.
        2600.   4.576426E-7            0.
        2610.   4.579606E-7            0.
        2620.   4.579606E-7            0.
        2630.   4.576426E-7            0.
        2640.   4.579606E-7            0.
        2650.   4.580666E-7            0.
        2660.   4.580666E-7            0.
        2670.   4.579606E-7            0.
        2680.   4.583846E-7            0.
        2690.   4.579606E-7            0.
        2700.   4.581727E-7            0.
        2710.   4.581727E-7            0.
        2720.   4.581727E-7            0.
        2730.   4.581727E-7            0.
        2740.   4.583846E-7            0.
        2750.   4.583846E-7            0.
        2760.   4.580666E-7            0.
        2770.   4.581727E-7            0.
        2780.   4.581727E-7            0.
        2790.   4.580666E-7            0.
        2800.   4.577486E-7            0.
        2810.   4.580666E-7            0.
        2820.   4.575366E-7            0.
        2830.   4.576426E-7            0.
        2840.   4.576426E-7            0.
        2850.   4.576426E-7            0.
        2860.   4.575366E-7            0.
        2870.   4.574306E-7            0.
        2880.   4.575366E-7            0.
        2890.   4.571125E-7            0.
        2900.   4.571125E-7            0.
        2910.   4.571125E-7            0.
        2920.   4.571125E-7            0.
        2930.   4.567945E-7            0.
        2940.   4.570065E-7            0.
        2950.   4.569005E-7            0.
        2960.   4.567945E-7            0.
        2970.   4.566885E-7            0.
        2980.   4.569005E-7            0.
        2990.   4.567945E-7            0.
        3000.   4.566885E-7            0.
        3010.   4.567945E-7            0.
        3020.   4.564765E-7            0.
        3030.   4.567945E-7            0.
        3040.   4.567945E-7            0.
        3050.   4.569005E-7            0.
        3060.   4.566885E-7            0.
        3070.   4.569005E-7            0.
        3080.   4.567945E-7            0.
        3090.   4.567945E-7            0.
        3100.   4.567945E-7            0.
        3110.   4.571125E-7            0.
        3120.   4.570065E-7            0.
        3130.   4.569005E-7            0.
        3140.   4.570065E-7            0.
        3150.   4.566885E-7            0.
        3160.   4.569005E-7            0.
        3170.   4.570065E-7            0.
        3180.   4.569005E-7            0.
        3190.   4.565825E-7            0.
        3200.   4.569005E-7            0.
        3210.   4.569005E-7            0.
        3220.   4.565825E-7            0.
        3230.   4.566885E-7            0.
        3240.   4.567945E-7            0.
        3250.   4.569005E-7            0.
        3260.   4.565825E-7            0.
        3270.   4.565825E-7            0.
        3280.   4.562645E-7            0.
        3290.   4.564765E-7            0.
        3300.   4.564765E-7            0.
        3310.   4.564765E-7            0.
        3320.   4.564765E-7            0.
        3330.   4.569005E-7            0.
        3340.   4.567945E-7            0.
        3350.   4.563705E-7            0.
        3360.   4.564765E-7            0.
        3370.   4.566885E-7            0.
        3380.   4.567945E-7            0.
        3390.   4.565825E-7            0.
        3400.   4.564765E-7            0.
        3410.   4.563705E-7            0.
        3420.   4.562645E-7            0.
        3430.   4.566885E-7            0.
        3440.   4.567945E-7            0.
        3450.   4.564765E-7            0.
        3460.   4.565825E-7            0.
        3470.   4.566885E-7            0.
        3480.   4.566885E-7            0.
        3490.   4.563705E-7            0.
        3500.   4.565825E-7            0.
        3510.   4.562645E-7            0.
        3520.   4.565825E-7            0.
        3530.   4.565825E-7            0.
        3540.   4.563705E-7            0.
        3550.   4.560524E-7            0.
        3560.   4.564765E-7            0.
        3570.   4.564765E-7            0.
        3580.   4.562645E-7            0.
        3590.   4.563705E-7            0.
        3600.   4.566885E-7            0.
        3610.   4.564765E-7            0.
        3620.   4.563705E-7            0.
        3630.   4.565825E-7            0.
        3640.   4.561584E-7            0.
        3650.   4.564765E-7            0.
        3660.   4.566885E-7            0.
        3670.   4.566885E-7            0.
        3680.   4.564765E-7            0.
        3690.   4.566885E-7            0.
        3700.   4.566885E-7            0.
        3710.   4.563705E-7            0.
        3720.   4.565825E-7            0.
        3730.   4.567945E-7            0.
        3740.   4.567945E-7            0.
        3750.   4.564765E-7            0.
        3760.   4.569005E-7            0.
        3770.   4.564765E-7            0.
        3780.   4.566885E-7            0.
        3790.   4.567945E-7            0.
        3800.   4.567945E-7            0.
        3810.   4.566885E-7            0.
        3820.   4.569005E-7            0.
        3830.   4.569005E-7            0.
        3840.   4.564765E-7            0.
        3850.   4.565825E-7            0.
        3860.   4.567945E-7            0.
        3870.   4.570065E-7            0.
        3880.   4.569005E-7            0.
        3890.   4.572186E-7            0.
        3900.   4.566885E-7            0.
        3910.   4.567945E-7            0.
        3920.   4.567945E-7            0.
        3930.   4.569005E-7            0.
        3940.   4.567945E-7            0.
        3950.   4.567945E-7            0.
        3960.   4.570065E-7            0.
        3970.   4.566885E-7            0.
        3980.   4.567945E-7            0.
        3990.   4.567945E-7            0.
        4000.   4.569005E-7            0.
        4010.   4.567945E-7            0.
        4020.   4.572186E-7            0.
        4030.   4.570065E-7            0.
        4040.   4.569005E-7            0.
        4050.   4.570065E-7            0.
        4060.   4.572186E-7            0.
        4070.   4.571125E-7            0.
        4080.   4.661233E-7            0.
        4090.   4.588087E-7            0.
        4100.   4.597628E-7            0.
        4110.   4.664414E-7            0.
        4120.   4.572186E-7            0.
        4130.   4.573245E-7            0.
        4140.   4.817067E-7            0.
        4150.   4.776783E-7            0.
        4160.   4.883853E-7            0.
        4170.   4.741801E-7            0.
        4180.   4.573245E-7            0.
        4190.   5.333333E-7            0.
        4200.   4.949579E-7            0.
        4210.   4.951699E-7            0.
        4220.   5.796594E-7            0.
        4230.   6.515338E-7            0.
        4240.   7.845755E-7            0.
        4250.   8.424567E-7            0.
        4260.   9.500562E-7            0.
        4270.   8.232690E-7            0.
        4280.   5.384217E-7            0.
        4290.   4.580666E-7            0.
        4300.   4.572186E-7            0.
        4310.   4.573245E-7            0.
        4320.   4.573245E-7            0.
        4330.   4.573245E-7            0.
        4340.   4.571125E-7            0.
        4350.   4.573245E-7            0.
        4360.   4.567945E-7            0.
        4370.   4.569005E-7            0.
        4380.   4.569005E-7            0.
        4390.   9.043662E-7            0.
        4400.   1.955874E-6            0.
        4410.   3.185583E-6            0.
        4420.   3.964752E-6            0.
        4430.   4.079242E-6            0.
        4440.   3.753793E-6            0.
        4450.   3.437885E-6            0.
        4460.   2.733982E-6            0.
        4470.   2.163652E-6            0.
        4480.   1.651626E-6            0.
        4490.   1.390843E-6            0.
        4500.   1.249851E-6            0.
        4510.   1.172464E-6            0.
        4520.   1.121579E-6            0.
        4530.   1.213808E-6            0.
        4540.   1.248791E-6            0.
        4550.   1.405685E-6            0.
        4560.   1.489432E-6            0.
        4570.   1.533956E-6            0.
        4580.   1.420526E-6            0.
        4590.   1.236070E-6            0.
        4600.   1.011860E-6            0.
        4610.   8.209368E-7            0.
        4620.   7.542569E-7            0.
        4630.   6.107201E-7            0.
        4640.   6.494136E-7            0.
        4650.   6.175047E-7            0.
        4660.   6.399787E-7            0.
        4670.   7.869078E-7            0.
        4680.   8.145763E-7            0.
        4690.   8.900549E-7            0.
        4700.   1.081296E-6            0.
        4710.   1.220168E-6            0.
        4720.   1.354800E-6            0.
        4730.   1.436427E-6            0.
        4740.   1.465050E-6            0.
        4750.   1.447028E-6            0.
        4760.   1.448088E-6            0.
        4770.   1.328298E-6            0.
        4780.   1.296495E-6            0.
        4790.   1.174584E-6            0.
        4800.   1.145962E-6            0.
        4810.   1.117339E-6            0.
        4820.   1.122640E-6            0.
        4830.   1.143841E-6            0.
        4840.   1.194726E-6            0.
        4850.   1.314517E-6            0.
        4860.   1.486252E-6            0.
        4870.   1.623004E-6            0.
        4880.   1.759756E-6            0.
        4890.   1.858345E-6            0.
        4900.   1.928311E-6            0.
        4910.   1.830782E-6            0.
        4920.   1.787319E-6            0.
        4930.   1.826542E-6            0.
        4940.   1.779898E-6            0.
        4950.   1.801100E-6            0.
        4960.   1.785198E-6            0.
        4970.   1.778838E-6            0.
        4980.   1.669648E-6            0.
        4990.   1.679189E-6            0.
        5000.   1.629365E-6            0.
        5010.   1.620884E-6            0.
        5020.   1.680249E-6            0.
        5030.   1.685549E-6            0.
        5040.   1.682369E-6            0.
        5050.   1.553038E-6            0.
        5060.   1.400384E-6            0.
        5070.   1.058610E-6            0.
        5080.   7.855297E-7            0.
        5090.   6.225932E-7            0.
        5100.   5.189160E-7            0.
        5110.   4.632611E-7            0.
        5120.   4.687735E-7            0.
        5130.   4.611409E-7            0.
        5140.   4.570065E-7            0.
        5150.   4.645332E-7            0.
        5160.   5.066190E-7            0.
        5170.   5.006824E-7            0.
        5180.   4.807526E-7            0.
        5190.   4.806466E-7            0.
        5200.   4.620950E-7            0.
        5210.   4.567945E-7            0.
        5220.   4.570065E-7            0.
        5230.   4.569005E-7            0.
        5240.   4.569005E-7            0.
        5250.   4.565825E-7            0.
        5260.   4.570065E-7            0.
        5270.   4.570065E-7            0.
        5280.   4.567945E-7            0.
        5290.   4.570065E-7            0.
        5300.   4.570065E-7            0.
        5310.   4.569005E-7            0.
        5320.   4.567945E-7            0.
        5330.   4.663353E-7            0.
        5340.   4.770423E-7            0.
        5350.   4.579606E-7            0.
        5360.   4.920956E-7            0.
        5370.   4.570065E-7            0.
        5380.   4.566885E-7            0.
        5390.   4.570065E-7            0.
        5400.   4.567945E-7            0.
        5410.   4.564765E-7            0.
        5420.   4.566885E-7            0.
        5430.   4.899754E-7            0.
        5440.   8.213609E-7            0.
        5450.   1.253031E-6            0.
        5460.   1.381302E-6            0.
        5470.   1.177764E-6            0.
        5480.   8.289934E-7            0.
        5490.   4.808587E-7            0.
        5500.   4.566885E-7            0.
        5510.   4.565825E-7            0.
        5520.   4.664414E-7            0.
        5530.   4.630491E-7            0.
        5540.   4.565825E-7            0.
        5550.   4.567945E-7            0.
        5560.   4.569005E-7            0.
        5570.   4.571125E-7            0.
        5580.   4.569005E-7            0.
        5590.   4.573245E-7            0.
        5600.   4.570065E-7            0.
        5610.   4.571125E-7            0.
        5620.   4.571125E-7            0.
        5630.   4.571125E-7            0.
        5640.   4.571125E-7            0.
        5650.   4.572186E-7            0.
        5660.   4.573245E-7            0.
        5670.   4.570065E-7            0.
        5680.   4.572186E-7            0.
        5690.   4.572186E-7            0.
        5700.   4.571125E-7            0.
        5710.   4.571125E-7            0.
        5720.   4.573245E-7            0.
        5730.   4.575366E-7            0.
        5740.   4.574306E-7            0.
        5750.   4.572186E-7            0.
        5760.   4.574306E-7            0.
        5770.   4.570065E-7            0.
        5780.   4.573245E-7            0.
        5790.   4.574306E-7            0.
        5800.   4.575366E-7            0.
        5810.   4.573245E-7            0.
        5820.   4.577486E-7            0.
        5830.   4.576426E-7            0.
        5840.   4.573245E-7            0.
        5850.   4.576426E-7            0.
        5860.   4.577486E-7            0.
        5870.   4.578546E-7            0.
        5880.   4.576426E-7            0.
        5890.   4.577486E-7            0.
        5900.   4.574306E-7            0.
        5910.   4.577486E-7            0.
        5920.   4.577486E-7            0.
        5930.   4.577486E-7            0.
        5940.   4.576426E-7            0.
        5950.   4.580666E-7            0.
        5960.   4.580666E-7            0.
        5970.   4.579606E-7            0.
        5980.   4.580666E-7            0.
        5990.   4.580666E-7            0.
        6000.   4.579606E-7            0.
        6010.   4.575366E-7            0.
        6020.   4.578546E-7            0.
        6030.   4.575366E-7            0.
        6040.   4.577486E-7            0.
        6050.   4.578546E-7            0.
        6060.   4.576426E-7            0.
        6070.   4.574306E-7            0.
        6080.   4.577486E-7            0.
        6090.   4.578546E-7            0.
        6100.   4.575366E-7            0.
        6110.   4.576426E-7            0.
        6120.   4.577486E-7            0.
        6130.   4.577486E-7            0.
        6140.   4.574306E-7            0.
        6150.   4.578546E-7            0.
        6160.   4.574306E-7            0.
        6170.   4.577486E-7            0.
        6180.   4.577486E-7            0.
        6190.   4.574306E-7            0.
        6200.   4.573245E-7            0.
        6210.   4.575366E-7            0.
        6220.   4.577486E-7            0.
        6230.   4.575366E-7            0.
        6240.   4.603988E-7            0.
        6250.   4.706817E-7            0.
        6260.   4.576426E-7            0.
        6270.   4.573245E-7            0.
        6280.   4.652753E-7            0.
        6290.   4.942158E-7            0.
        6300.   4.997283E-7            0.
        6310.   4.704697E-7            0.
        6320.   5.024846E-7            0.
        6330.   5.119194E-7            0.
        6340.   5.018485E-7            0.
        6350.   4.607168E-7            0.
        6360.   4.922017E-7            0.
        6370.   5.008944E-7            0.
        6380.   6.457033E-7            0.
        6390.   6.178228E-7            0.
        6400.   6.010733E-7            0.
        6410.   6.777181E-7            0.
        6420.   5.963029E-7            0.
        6430.   6.078579E-7            0.
        6440.   6.428410E-7            0.
        6450.   7.324189E-7            0.
        6460.   6.225932E-7            0.
        6470.   7.186378E-7            0.
        6480.   8.206188E-7            0.
        6490.   8.787119E-7            0.
        6500.   9.223878E-7            0.
        6510.   1.061154E-6            0.
        6520.   1.143841E-6            0.
        6530.   1.182005E-6            0.
        6540.   1.315577E-6            0.
        6550.   1.362221E-6            0.
        6560.   1.718412E-6            0.
        6570.   1.983436E-6            0.
        6580.   2.671437E-6            0.
        6666.   1.743855E-4            0.
        6668.   6.264095E-4            0.
        6670.   0.001207447            0.
        6672.   0.002069304            0.
        6674.   0.003596899            0.
        6676.    0.00575207            0.
        6678.   0.009032001            0.
        6680.    0.01391903            0.
        6682.    0.02065063            0.
        6684.    0.03050951            0.
        6686.    0.04319883            0.
        6688.    0.06059498            0.
        6690.    0.08410786            0.
        6692.     0.1137481            0.
        6694.     0.1545617            0.
        6696.     0.2071424            0.
        6698.     0.2748824            0.
        6700.     0.3637183            0.
        6702.     0.4594447            0.
        6704.     0.5673623            0.
        6706.     0.6647849            0.
        6708.     0.7412177            0.
        6710.     0.7946464            0.
        6712.     0.8237991            0.
        6714.     0.8372622            0.
        6716.     0.8421386            0.
        6718.      0.845637            0.
        6720.     0.8496653            0.
        6722.     0.8548598            0.
        6724.     0.8603723            0.
        6726.     0.8648247            0.
        6728.     0.8676869            0.
        6730.     0.8694891            0.
        6732.     0.8700191            0.
        6734.     0.8700191            0.
        6736.     0.8695951            0.
        6738.      0.868217            0.
        6740.     0.8655667            0.
        6742.     0.8614324            0.
        6744.     0.8547538            0.
        6746.      0.846061            0.
        6748.     0.8351421            0.
        6750.     0.8218909            0.
        6752.     0.8057774            0.
        6754.     0.7841516            0.
        6756.     0.7535148            0.
        6758.     0.7079308            0.
        6760.     0.6441131            0.
        6762.     0.5605777            0.
        6764.     0.4613529            0.
        6766.     0.3587358            0.
        6768.     0.2624793            0.
        6770.     0.1790499            0.
        6772.     0.1184125            0.
        6774.    0.07539389            0.
        6776.    0.04712118            0.
        6778.    0.02991585            0.
        6780.    0.01904989            0.
        6782.    0.01226529            0.
        6784.   0.007985688            0.
        6786.   0.005272908            0.
        6788.   0.003473928            0.
        6790.   0.002266481            0.
        6792.   0.001439608            0.
        6794.   8.891008E-4            0.
        6796.   4.636851E-4            0.
        6798.   1.608163E-4            0.
        6870.   3.200424E-6            0.
        6880.   2.213476E-6            0.
        6890.   1.545617E-6            0.
        6900.   1.324057E-6            0.
        6910.   1.085536E-6            0.
        6920.   5.095872E-7            0.
        6930.   5.297289E-7            0.
        6940.   4.594447E-7            0.
        6950.   4.688796E-7            0.
        6960.   4.732260E-7            0.
        6970.   4.573245E-7            0.
        6980.   4.572186E-7            0.
        6990.   4.628371E-7            0.
        7000.   4.571125E-7            0.
        7010.   4.567945E-7            0.
        7020.   4.570065E-7            0.
        7030.   4.571125E-7            0.
        7040.   5.234744E-7            0.
        7050.   4.569005E-7            0.
        7060.   4.570065E-7            0.
        7070.   4.572186E-7            0.
        7080.   4.569005E-7            0.
        7090.   4.570065E-7            0.
        7100.   4.572186E-7            0.
        7110.   4.867952E-7            0.
        7120.   5.473266E-7            0.
        7130.   4.937918E-7            0.
        7140.   4.570065E-7            0.
        7150.   4.694096E-7            0.
        7160.   4.598688E-7            0.
        7170.   4.573245E-7            0.
        7180.   4.963360E-7            0.
        7190.   5.869740E-7            0.
        7200.   4.995163E-7            0.
        7210.   4.595507E-7            0.
        7220.   4.786324E-7            0.
        7230.   4.720599E-7            0.
        7240.   4.585966E-7            0.
        7250.   4.879612E-7            0.
        7260.   6.777181E-7            0.
        7270.   4.789505E-7            0.
        7280.   4.574306E-7            0.
        7290.   4.665474E-7            0.
        7300.   4.658053E-7            0.
        7310.   4.574306E-7            0.
        7320.   4.672894E-7            0.
        7330.   4.593387E-7            0.
        7340.   4.575366E-7            0.
        7350.   4.578546E-7            0.
        7360.   4.577486E-7            0.
        7370.   4.576426E-7            0.
        7380.   4.765122E-7            0.
        7390.   4.577486E-7            0.
        7400.   4.723779E-7            0.
        7410.   5.018485E-7            0.
        7420.   4.757702E-7            0.
        7430.   4.579606E-7            0.
        7440.   4.595507E-7            0.
        7450.   4.859471E-7            0.
        7460.   4.580666E-7            0.
        7470.   4.683496E-7            0.
        7480.   4.944278E-7            0.
        7490.   4.580666E-7            0.
        7500.   4.725899E-7            0.
        7510.   5.112833E-7            0.
        7520.   5.052408E-7            0.
        7530.   4.576426E-7            0.
        7540.   4.576426E-7            0.
        7550.   4.577486E-7            0.
        7560.   4.628371E-7            0.
        7570.   4.576426E-7            0.
        7580.   4.574306E-7            0.
        7590.   4.576426E-7            0.
        7600.   4.573245E-7            0.
        7610.   4.574306E-7            0.
        7620.   4.573245E-7            0.
        7630.   4.574306E-7            0.
        7640.   4.572186E-7            0.
        7650.   4.576426E-7            0.
        7660.   4.576426E-7            0.
        7670.   4.572186E-7            0.
        7680.   4.573245E-7            0.
        7690.   4.574306E-7            0.
        7700.   4.574306E-7            0.
        7710.   4.572186E-7            0.
        7720.   4.573245E-7            0.
        7730.   4.567945E-7            0.
        7740.   4.570065E-7            0.
        7750.   4.570065E-7            0.
        7760.   4.570065E-7            0.
        7770.   4.566885E-7            0.
        7780.   4.570065E-7            0.
        7790.   4.571125E-7            0.
        7800.   4.567945E-7            0.
        7810.   4.569005E-7            0.
        7820.   4.567945E-7            0.
        7830.   4.564765E-7            0.
        7840.   4.563705E-7            0.
        7850.   4.567945E-7            0.
        7860.   4.565825E-7            0.
        7870.   4.567945E-7            0.
        7880.   4.566885E-7            0.
        7890.   4.562645E-7            0.
        7900.   4.559464E-7            0.
        7910.   4.561584E-7            0.
        7920.   4.562645E-7            0.
        7930.   4.561584E-7            0.
        7940.   4.564765E-7            0.
        7950.   4.565825E-7            0.
        7960.   4.566885E-7            0.
        7970.   4.564765E-7            0.
        7980.   4.566885E-7            0.
        7990.   4.563705E-7            0.
        8000.   4.629431E-6            0.
        8010.   1.116279E-6            0.
        8020.   8.109719E-7            0.
        8030.   4.378188E-6            0.
        8040.   2.429736E-6            0.
        8050.   8.247532E-7            0.
        8060.   5.430862E-7            0.
        8070.   1.421586E-6            0.
        8080.   7.658119E-7            0.
        8090.   2.218777E-6            0.
        8100.   1.729013E-6            0.
        8110.   6.767640E-7            0.
        8120.   6.753859E-7            0.
        8130.   1.592261E-6            0.
        8140.   1.794739E-6            0.
        8150.   5.953488E-7            0.
        8160.   2.644935E-6            0.
        8170.   1.228649E-5            0.
        8180.   2.873915E-6            0.
        8190.   3.008547E-6            0.
        8200.   1.363281E-6            0.
        8210.   1.400384E-6            0.
        8220.   1.218048E-6            0.
        8230.   6.711455E-6            0.
        8240.   4.187371E-6            0.
        8250.   2.053402E-6            0.
        8260.   6.031935E-6            0.
        8270.   3.241767E-6            0.
        8280.   6.948916E-7            0.
        8290.   7.372954E-7            0.
        8300.   1.035182E-5            0.
        8310.   2.439276E-6            0.
        8320.   1.047161E-6            0.
        8330.   1.220168E-6            0.
        8340.   3.441065E-6            0.
        8350.   5.038627E-7            0.
        8360.   3.526933E-6            0.
        8370.   7.350692E-6            0.
        8380.   3.745312E-6            0.
        8390.   6.319220E-7            0.
        8400.   7.032663E-7            0.
        8410.   3.217385E-6            0.
        8420.   1.754456E-6            0.
        8430.   1.868946E-6            0.
        8440.   9.183594E-7            0.
        8450.   3.125157E-6            0.
        8460.   1.841383E-6            0.
        8470.   3.949910E-6            0.
        8480.   8.933412E-7            0.
        8490.   1.024369E-6            0.
        8500.   1.036454E-6            0.
        8510.   5.434042E-7            0.
        8520.   1.548797E-6            0.
        8530.   3.219506E-6            0.
        8540.   2.665076E-6            0.
        8550.   1.215928E-5            0.
        8560.   3.809978E-6            0.
        8570.   4.666534E-6            0.
        8580.   9.913999E-7            0.
        8590.   1.505333E-6            0.
        8600.   2.286623E-6            0.
        8610.   1.422646E-6            0.
        8620.   1.961174E-6            0.
        8630.   3.589478E-6            0.
        8640.   1.423706E-6            0.
        8650.   2.166832E-6            0.
        8660.   1.351620E-6            0.
        8670.   1.039316E-6            0.
        8680.   3.883124E-6            0.
        8690.   3.376399E-6            0.
        8700.   1.008149E-6            0.
        8710.   2.768965E-6            0.
        8720.   1.057338E-6            0.
        8730.   9.352149E-7            0.
        8740.   2.141390E-6            0.
        8750.   5.035446E-6            0.
        8760.   2.854833E-6            0.
        8770.   3.700788E-6            0.
        8780.   5.423441E-6            0.
        8790.   5.336513E-7            0.
        8800.   5.936526E-7            0.
        8810.   9.198436E-7            0.
        8820.   1.614523E-6            0.
        8830.   4.208573E-6            0.
        8840.   1.038044E-6            0.
        8850.   5.854899E-6            0.
        8860.   2.117008E-6            0.
        8870.   6.989199E-6            0.
        8880.   2.996886E-6            0.
        8890.   5.247465E-7            0.
        8900.   2.390512E-6            0.
        8910.   3.532233E-6            0.
        8920.   2.816670E-6            0.
        8930.   1.310276E-6            0.
        8940.   6.736897E-6            0.
        8950.   4.590207E-7            0.
        8960.   1.177764E-6            0.
        8970.   3.150599E-6            0.
        8980.   1.985556E-6            0.
        8990.   1.526535E-6            0.
        9000.   2.870735E-6            0.
        9010.   3.449546E-6            0.
        9020.   1.041224E-6            0.
        9030.   2.704300E-6            0.
        9040.   1.976015E-6            0.
        9050.   6.240773E-6            0.
        9060.   2.284502E-6            0.
        9070.   4.582786E-7            0.
        9080.   1.870006E-6            0.
        9090.   2.338567E-6            0.
        9100.   6.195190E-6            0.
        9110.   2.374610E-6            0.
        9120.   2.867554E-6            0.
        9130.   3.742132E-6            0.
        9140.   4.670774E-6            0.
        9150.   2.653415E-6            0.
        9160.   9.104087E-7            0.
        9170.   3.178162E-6            0.
        9180.   2.670377E-6            0.
        9190.   3.123037E-6            0.
        9200.   2.183794E-6            0.
        9210.   1.026489E-6            0.
        9220.   9.231299E-7            0.
        9230.   3.796197E-6            0.
        9240.   3.162261E-6            0.
        9250.   5.936526E-6            0.
        9260.   2.830451E-6            0.
        9270.   2.361890E-6            0.
        9280.   5.755250E-6            0.
        9290.   3.107135E-6            0.
        9300.   6.471874E-7            0.
        9310.   9.679718E-6            0.
        9320.   4.867952E-6            0.
        9330.   1.021931E-6            0.
        9340.   5.931226E-7            0.
        9350.   2.143510E-6            0.
        9360.   1.254091E-6            0.
        9370.   8.086398E-7            0.
        9380.   7.977207E-6            0.
        9390.   9.330947E-6            0.
        9400.   1.424766E-6            0.
        9410.   1.585901E-6            0.
        9420.   2.070364E-6            0.
        9430.   1.785198E-6            0.
        9440.   2.687338E-6            0.
        9450.   1.456569E-6            0.
        9460.   2.040681E-6            0.
        9470.   3.248128E-6            0.
        9480.   2.449877E-6            0.
        9490.   7.692042E-7            0.
        9500.   7.678261E-7            0.
        9510.   1.201086E-6            0.
        9520.   4.996223E-7            0.
        9530.   7.095209E-7            0.
        9540.   7.044325E-7            0.
        9550.   1.368581E-6            0.
        9560.   1.901809E-6            0.
        9570.   3.975352E-6            0.
        9580.   2.757304E-6            0.
        9590.   1.415225E-6            0.
        9600.   6.665871E-6            0.
        9610.   2.268601E-6            0.
        9620.   2.588750E-6            0.
        9630.   7.305107E-7            0.
        9640.   5.023785E-6            0.
        9650.   2.176373E-6            0.
        9660.   7.114291E-6            0.
        9670.   1.278473E-6            0.
        9680.   9.022460E-7            0.
        9690.   3.420923E-6            0.
        9700.   1.023627E-6            0.
        9710.   2.957662E-6            0.
        9720.   1.109918E-6            0.
        9730.   3.125157E-6            0.
        9740.   2.192274E-6            0.
        9750.   2.325846E-6            0.
        9760.   4.575366E-7            0.
        9770.   4.034718E-6            0.
        9780.   8.356721E-7            0.
        9790.   7.668719E-7            0.
        9800.   4.771483E-6            0.
        9810.   2.420195E-6            0.
        9820.   1.178825E-6            0.
        9830.   1.525475E-6            0.
        9840.   6.241833E-6            0.
        9850.   2.179553E-6            0.
        9860.   1.699331E-6            0.
        9870.   9.370171E-6            0.
        9880.   6.150665E-6            0.
        9890.   1.510634E-6            0.
        9900.   5.137216E-6            0.
        9910.   1.371762E-6            0.
        9920.   4.684555E-6            0.
        9930.   7.490624E-6            0.
        9940.   1.232889E-6            0.
        9950.   3.385940E-6            0.
        9960.   7.662359E-7            0.
        9970.   8.278274E-7            0.
        9980.   1.018856E-5            0.
        9990.   2.218777E-6            0.
       10000.   1.607102E-6            0.
       10010.   9.414695E-7            0.
       10020.   6.399787E-6            0.
       10030.   3.985953E-6            0.
       10040.   5.382097E-6            0.
       10050.   5.447823E-7            0.
       10060.   2.056582E-6            0.
       10070.   3.843901E-6            0.
       10080.   1.926191E-6            0.
       10090.   7.025243E-7            0.
       10100.   1.075995E-6            0.
       10110.   2.781687E-6            0.
       10120.   1.601802E-6            0.
       10130.   3.397601E-6            0.
       10140.   1.787319E-6            0.
       10150.   3.813158E-6            0.
       10160.   2.305704E-6            0.
       10170.   3.912807E-6            0.
       10180.   5.559133E-6            0.
       10190.   1.014722E-6            0.
       10200.   3.606440E-6            0.
       10210.   3.037169E-6            0.
       10220.   2.007818E-6            0.
       10230.   4.975021E-6            0.
       10240.   1.638905E-6            0.
       10250.   3.901146E-6            0.
       10260.   4.528722E-6            0.
       10270.   2.462598E-6            0.
       10280.   6.568343E-6            0.
       10290.   1.615583E-6            0.
       10300.   1.173524E-6            0.
       10310.   4.294441E-6            0.
       10320.   3.795137E-6            0.
       10330.   5.425561E-7            0.
       10340.   4.364407E-6            0.
       10350.   1.810641E-6            0.
       10360.   6.945735E-7            0.
       10370.   2.608891E-6            0.
       10380.   8.482872E-7            0.
       10390.   3.795137E-6            0.
       10400.   2.638574E-6            0.
       10410.   5.236865E-6            0.
       10420.   9.581130E-7            0.
       10430.   4.569005E-7            0.
       10440.   1.968595E-6            0.
       10450.   7.649638E-7            0.
       10460.   1.025959E-6            0.
       10470.   9.380771E-6            0.
       10480.   7.601934E-6            0.
       10490.   7.025243E-7            0.
       10500.   5.375737E-6            0.
       10510.   8.424567E-6            0.
       10520.   1.597562E-6            0.
       10530.   6.771881E-6            0.
       10540.   8.666269E-6            0.
       10550.   3.540714E-6            0.
       10560.   4.403631E-6            0.
       10570.   4.460876E-6            0.
       10580.   3.249188E-6            0.
       10590.   1.074935E-6            0.
       10600.   1.787319E-6            0.
       10610.   5.551713E-6            0.
       10620.   6.869410E-7            0.
       10630.   4.721659E-6            0.
       10640.   4.976081E-6            0.
       10650.   2.148810E-6            0.
       10660.   2.470019E-6            0.
       10670.   7.378254E-6            0.
       10680.   6.196250E-6            0.
       10690.   4.135427E-6            0.
       10700.   1.350560E-6            0.
       10710.   1.177764E-5            0.
       10720.   1.508514E-6            0.
       10730.   4.595508E-6            0.
       10740.   2.278142E-6            0.
       10750.   4.513880E-6            0.
       10760.   4.307162E-6            0.
       10770.   1.602862E-6            0.
       10780.   9.118929E-6            0.
       10790.   1.072815E-5            0.
       10800.   6.055257E-6            0.
       10810.   1.081296E-5            0.
       10820.   9.708340E-6            0.
       10830.   1.151262E-5            0.
       10840.   6.917113E-6            0.
       10850.   1.009315E-5            0.
       10860.   1.245610E-5            0.
       10870.   3.045650E-6            0.
       10880.   9.150731E-6            0.
       10890.   6.645729E-6            0.
       10900.   4.677135E-6            0.
       10910.   6.213211E-6            0.
       10920.   1.637845E-5            0.
       10930.   1.303916E-5            0.
       10940.   1.309216E-5            0.
       10950.   7.044325E-6            0.
       10960.   1.325118E-5            0.
       10970.   2.709600E-6            0.
       10980.   9.457099E-6            0.
       10990.   1.387663E-5            0.
       11000.   1.261512E-5            0.
