         100.            0.            0.
        1910.            0.            0.
        1920.            0.            0.
        1930.            0.            0.
        1940.            0.            0.
        1950.            0.            0.
        1960.            0.            0.
        1970.            0.            0.
        1980.            0.            0.
        1990.            0.            0.
        2000.            0.            0.
        2010.            0.            0.
        2020.            0.            0.
        2030.            0.            0.
        2040.            0.            0.
        2050.            0.            0.
        2060.            0.            0.
        2070.            0.            0.
        2080.            0.            0.
        2090.            0.            0.
        2100.            0.            0.
        2110.            0.            0.
        2120.            0.            0.
        2130.            0.            0.
        2140.            0.            0.
        2150.            0.            0.
        2160.            0.            0.
        2170.            0.            0.
        2180.            0.            0.
        2190.            0.            0.
        2200.            0.            0.
        2210.            0.            0.
        2220.            0.            0.
        2230.            0.            0.
        2240.            0.            0.
        2250.            0.            0.
        2260.            0.            0.
        2270.            0.            0.
        2280.            0.            0.
        2290.            0.            0.
        2300.            0.            0.
        2310.            0.            0.
        2320.            0.            0.
        2330.            0.            0.
        2340.            0.            0.
        2350.            0.            0.
        2360.            0.            0.
        2370.            0.            0.
        2380.            0.            0.
        2390.            0.            0.
        2400.            0.            0.
        2410.            0.            0.
        2420.            0.            0.
        2430.            0.            0.
        2440.            0.            0.
        2450.            0.            0.
        2460.            0.            0.
        2470.            0.            0.
        2480.            0.            0.
        2490.            0.            0.
        2500.            0.            0.
        2510.            0.            0.
        2520.            0.            0.
        2530.            0.            0.
        2540.            0.            0.
        2550.            0.            0.
        2560.            0.            0.
        2570.            0.            0.
        2580.            0.            0.
        2590.            0.            0.
        2600.            0.            0.
        2610.            0.            0.
        2620.            0.            0.
        2630.            0.            0.
        2640.            0.            0.
        2650.            0.            0.
        2660.            0.            0.
        2670.            0.            0.
        2680.            0.            0.
        2690.            0.            0.
        2700.            0.            0.
        2710.            0.            0.
        2720.            0.            0.
        2730.            0.            0.
        2740.            0.            0.
        2750.            0.            0.
        2760.            0.            0.
        2770.            0.            0.
        2780.            0.            0.
        2790.            0.            0.
        2800.            0.            0.
        2810.            0.            0.
        2820.            0.            0.
        2830.            0.            0.
        2840.            0.            0.
        2850.            0.            0.
        2860.            0.            0.
        2870.            0.            0.
        2880.            0.            0.
        2890.            0.            0.
        2900.            0.            0.
        2910.            0.            0.
        2920.            0.            0.
        2930.            0.            0.
        2940.            0.            0.
        2950.            0.            0.
        2960.            0.            0.
        2970.            0.            0.
        2980.            0.            0.
        2990.            0.            0.
        3000.            0.            0.
        3010.            0.            0.
        3020.            0.            0.
        3030.            0.            0.
        3040.            0.            0.
        3050.            0.            0.
        3060.            0.            0.
        3070.            0.            0.
        3080.            0.            0.
        3090.            0.            0.
        3100.            0.            0.
        3110.            0.            0.
        3120.            0.            0.
        3130.            0.            0.
        3140.            0.            0.
        3150.            0.            0.
        3160.            0.            0.
        3170.            0.            0.
        3180.            0.            0.
        3190.            0.            0.
        3200.            0.            0.
        3210.            0.            0.
        3220.            0.            0.
        3230.            0.            0.
        3240.            0.            0.
        3250.            0.            0.
        3260.            0.            0.
        3270.            0.            0.
        3280.            0.            0.
        3290.            0.            0.
        3300.            0.            0.
        3310.            0.            0.
        3320.            0.            0.
        3330.            0.            0.
        3340.            0.            0.
        3350.            0.            0.
        3360.            0.            0.
        3370.            0.            0.
        3380.            0.            0.
        3390.            0.            0.
        3400.            0.            0.
        3410.            0.            0.
        3420.            0.            0.
        3430.            0.            0.
        3440.            0.            0.
        3450.            0.            0.
        3460.            0.            0.
        3470.            0.            0.
        3480.            0.            0.
        3490.            0.            0.
        3500.            0.            0.
        3510.            0.            0.
        3520.            0.            0.
        3530.            0.            0.
        3540.            0.            0.
        3550.            0.            0.
        3560.            0.            0.
        3570.            0.            0.
        3580.            0.            0.
        3590.            0.            0.
        3600.            0.            0.
        3610.            0.            0.
        3620.            0.            0.
        3630.            0.            0.
        3640.            0.            0.
        3650.            0.            0.
        3660.            0.            0.
        3670.            0.            0.
        3680.            0.            0.
        3690.            0.            0.
        3700.            0.            0.
        3710.            0.            0.
        3720.            0.            0.
        3730.            0.            0.
        3740.            0.            0.
        3750.            0.            0.
        3760.            0.            0.
        3770.            0.            0.
        3780.            0.            0.
        3790.            0.            0.
        3800.            0.            0.
        3810.            0.            0.
        3820.            0.            0.
        3830.            0.            0.
        3840.            0.            0.
        3850.            0.            0.
        3860.            0.            0.
        3870.            0.            0.
        3880.            0.            0.
        3890.            0.            0.
        3900.            0.            0.
        3910.            0.            0.
        3920.            0.            0.
        3930.            0.            0.
        3940.            0.            0.
        3950.            0.            0.
        3960.            0.            0.
        3970.            0.            0.
        3980.            0.            0.
        3990.            0.            0.
        4000.            0.            0.
        4010.            0.            0.
        4020.            0.            0.
        4030.            0.            0.
        4040.            0.            0.
        4050.            0.            0.
        4060.            0.            0.
        4070.            0.            0.
        4080.            0.            0.
        4090.            0.            0.
        4100.            0.            0.
        4110.            0.            0.
        4120.            0.            0.
        4130.            0.            0.
        4140.            0.            0.
        4150.   9.179999E-6            0.
        4160.   9.179999E-6            0.
        4170.   9.179999E-6            0.
        4180.   1.836000E-5            0.
        4190.   9.179999E-6            0.
        4200.   9.179999E-6            0.
        4210.   1.836000E-5            0.
        4220.   1.836000E-5            0.
        4230.   1.836000E-5            0.
        4240.   2.754000E-5            0.
        4250.   1.836000E-5            0.
        4260.   1.836000E-5            0.
        4270.   9.179999E-6            0.
        4280.   9.179999E-6            0.
        4290.            0.            0.
        4300.            0.            0.
        4310.            0.            0.
        4320.            0.            0.
        4330.            0.            0.
        4340.            0.            0.
        4350.   9.179999E-6            0.
        4360.   9.179999E-6            0.
        4370.   9.179999E-6            0.
        4380.   9.179999E-6            0.
        4390.            0.            0.
        4400.            0.            0.
        4410.            0.            0.
        4420.            0.            0.
        4430.            0.            0.
        4440.   9.179999E-6            0.
        4450.   9.179999E-6            0.
        4460.   9.179999E-6            0.
        4470.            0.            0.
        4480.            0.            0.
        4490.            0.            0.
        4500.            0.            0.
        4510.            0.            0.
        4520.            0.            0.
        4530.            0.            0.
        4540.            0.            0.
        4550.            0.            0.
        4560.            0.            0.
        4570.            0.            0.
        4580.            0.            0.
        4590.            0.            0.
        4600.            0.            0.
        4610.            0.            0.
        4620.            0.            0.
        4630.            0.            0.
        4640.            0.            0.
        4650.            0.            0.
        4660.            0.            0.
        4670.            0.            0.
        4680.            0.            0.
        4690.            0.            0.
        4700.            0.            0.
        4710.            0.            0.
        4720.            0.            0.
        4730.            0.            0.
        4740.            0.            0.
        4750.            0.            0.
        4760.            0.            0.
        4770.            0.            0.
        4780.            0.            0.
        4790.            0.            0.
        4800.            0.            0.
        4810.            0.            0.
        4820.            0.            0.
        4830.            0.            0.
        4840.            0.            0.
        4850.            0.            0.
        4860.            0.            0.
        4870.            0.            0.
        4880.            0.            0.
        4890.            0.            0.
        4900.            0.            0.
        4910.            0.            0.
        4920.            0.            0.
        4930.            0.            0.
        4940.            0.            0.
        4950.            0.            0.
        4960.            0.            0.
        4970.            0.            0.
        4980.            0.            0.
        4990.            0.            0.
        5000.            0.            0.
        5010.            0.            0.
        5020.            0.            0.
        5030.            0.            0.
        5040.            0.            0.
        5050.            0.            0.
        5060.            0.            0.
        5070.            0.            0.
        5080.            0.            0.
        5090.            0.            0.
        5100.            0.            0.
        5110.   9.179999E-6            0.
        5120.   9.179999E-6            0.
        5130.   9.179999E-6            0.
        5140.   9.179999E-6            0.
        5150.   9.179999E-6            0.
        5160.   9.179999E-6            0.
        5170.   9.179999E-6            0.
        5180.   9.179999E-6            0.
        5190.   9.179999E-6            0.
        5200.   9.179999E-6            0.
        5210.   9.179999E-6            0.
        5220.   9.179999E-6            0.
        5230.   9.179999E-6            0.
        5240.   9.179999E-6            0.
        5250.   9.179999E-6            0.
        5260.   9.179999E-6            0.
        5270.   9.179999E-6            0.
        5280.   9.179999E-6            0.
        5290.   9.179999E-6            0.
        5300.   9.179999E-6            0.
        5310.   9.179999E-6            0.
        5320.   9.179999E-6            0.
        5330.   1.836000E-5            0.
        5384.   9.179999E-5            0.
        5385.   1.836000E-4            0.
        5386.   1.836000E-4            0.
        5387.   3.672000E-4            0.
        5388.   4.590000E-4            0.
        5389.   6.425999E-4            0.
        5399.      0.011016            0.
        5400.     0.0153306            0.
        5401.     0.0208386            0.
        5402.     0.0282744            0.
        5403.      0.038556            0.
        5404.      0.052785            0.
        5405.     0.0708696            0.
        5406.    0.09271801            0.
        5407.     0.1206252            0.
        5408.      0.156978            0.
        5409.     0.2011338            0.
        5410.      0.253827            0.
        5411.     0.3127626            0.
        5412.     0.3771144            0.
        5413.     0.4474332            0.
        5414.     0.5133456            0.
        5415.     0.5715468            0.
        5416.     0.6154272            0.
        5417.     0.6455376            0.
        5418.     0.6583896            0.
        5419.     0.6575634            0.
        5420.     0.6481079            0.
        5421.     0.6348888            0.
        5422.     0.6235974            0.
        5423.       0.61506            0.
        5424.     0.6121224            0.
        5425.     0.6153354            0.
        5426.     0.6220368            0.
        5427.     0.6328692            0.
        5428.     0.6466392            0.
        5429.     0.6611436            0.
        5430.     0.6760152            0.
        5431.     0.6901524            0.
        5432.     0.7035552            0.
        5433.     0.7156728            0.
        5434.     0.7267806            0.
        5435.     0.7361442            0.
        5436.     0.7445898            0.
        5437.     0.7512912            0.
        5438.     0.7574418            0.
        5439.      0.762399            0.
        5440.     0.7664382            0.
        5441.     0.7686414            0.
        5442.     0.7696512            0.
        5443.     0.7691004            0.
        5444.     0.7673562            0.
        5445.     0.7639596            0.
        5446.     0.7590024            0.
        5447.     0.7513829            0.
        5448.     0.7418358            0.
        5449.      0.726597            0.
        5450.     0.7068599            0.
        5451.      0.682533            0.
        5452.     0.6530651            0.
        5453.     0.6157944            0.
        5454.     0.5699862            0.
        5455.     0.5185782            0.
        5456.      0.464049            0.
        5457.     0.4082346            0.
        5458.     0.3526956            0.
        5459.     0.2957796            0.
        5460.     0.2422602            0.
        5461.     0.1958094            0.
        5462.     0.1552338            0.
        5463.      0.122553            0.
        5464.     0.0939114            0.
        5465.     0.0713286            0.
        5466.     0.0538866            0.
        5467.     0.0414936            0.
        5468.     0.0319464            0.
        5469.     0.0246024            0.
        5470.     0.0190944            0.
        5471.     0.0149634            0.
        5472.     0.0117504            0.
        5473.     0.0094554            0.
        5474.     0.0075276            0.
        5475.      0.005967            0.
        5476.     0.0047736            0.
        5477.     0.0038556            0.
        5478.     0.0031212            0.
        5479.     0.0024786            0.
        5480.     0.0019278            0.
        5481.     0.0015606            0.
        5482.     0.0012852            0.
        5483.     0.0010098            0.
        5484.   8.261999E-4            0.
        5485.   6.425999E-4            0.
        5486.   5.508000E-4            0.
        5487.   4.590000E-4            0.
        5488.   2.754000E-4            0.
        5490.   1.836000E-4            0.
        5491.   9.179999E-5            0.
        5530.   3.672000E-5            0.
        5540.   1.836000E-5            0.
        5550.   1.836000E-5            0.
        5560.   9.179999E-6            0.
        5570.   9.179999E-6            0.
        5580.   9.179999E-6            0.
        5590.   9.179999E-6            0.
        5600.   9.179999E-6            0.
        5610.   9.179999E-6            0.
        5620.   9.179999E-6            0.
        5630.   9.179999E-6            0.
        5640.   9.179999E-6            0.
        5650.   9.179999E-6            0.
        5660.   9.179999E-6            0.
        5670.   9.179999E-6            0.
        5680.   9.179999E-6            0.
        5690.   9.179999E-6            0.
        5700.   9.179999E-6            0.
        5710.   9.179999E-6            0.
        5720.   9.179999E-6            0.
        5730.   9.179999E-6            0.
        5740.   9.179999E-6            0.
        5750.   9.179999E-6            0.
        5760.   9.179999E-6            0.
        5770.   9.179999E-6            0.
        5780.   9.179999E-6            0.
        5790.   9.179999E-6            0.
        5800.   9.179999E-6            0.
        5810.   9.179999E-6            0.
        5820.   9.179999E-6            0.
        5830.   9.179999E-6            0.
        5840.   9.179999E-6            0.
        5850.   9.179999E-6            0.
        5860.   9.179999E-6            0.
        5870.   9.179999E-6            0.
        5880.   9.179999E-6            0.
        5890.   9.179999E-6            0.
        5900.   9.179999E-6            0.
        5910.   9.179999E-6            0.
        5920.   9.179999E-6            0.
        5930.   9.179999E-6            0.
        5940.   9.179999E-6            0.
        5950.   9.179999E-6            0.
        5960.   9.179999E-6            0.
        5970.   9.179999E-6            0.
        5980.   9.179999E-6            0.
        5990.   9.179999E-6            0.
        6000.   9.179999E-6            0.
        6010.   9.179999E-6            0.
        6020.   9.179999E-6            0.
        6030.   9.179999E-6            0.
        6040.   9.179999E-6            0.
        6050.   9.179999E-6            0.
        6060.   9.179999E-6            0.
        6070.   9.179999E-6            0.
        6080.   9.179999E-6            0.
        6090.   9.179999E-6            0.
        6100.   9.179999E-6            0.
        6110.   9.179999E-6            0.
        6120.   9.179999E-6            0.
        6130.   9.179999E-6            0.
        6140.   9.179999E-6            0.
        6150.   9.179999E-6            0.
        6160.   9.179999E-6            0.
        6170.   9.179999E-6            0.
        6180.   9.179999E-6            0.
        6190.   9.179999E-6            0.
        6200.   9.179999E-6            0.
        6210.   9.179999E-6            0.
        6220.   9.179999E-6            0.
        6230.   9.179999E-6            0.
        6240.   9.179999E-6            0.
        6250.   9.179999E-6            0.
        6260.   9.179999E-6            0.
        6270.   9.179999E-6            0.
        6280.   9.179999E-6            0.
        6290.   9.179999E-6            0.
        6300.   9.179999E-6            0.
        6310.   9.179999E-6            0.
        6320.   9.179999E-6            0.
        6330.   9.179999E-6            0.
        6340.   9.179999E-6            0.
        6350.   9.179999E-6            0.
        6360.   9.179999E-6            0.
        6370.   9.179999E-6            0.
        6380.   9.179999E-6            0.
        6390.   9.179999E-6            0.
        6400.   9.179999E-6            0.
        6410.   9.179999E-6            0.
        6420.   9.179999E-6            0.
        6430.   9.179999E-6            0.
        6440.   9.179999E-6            0.
        6450.   9.179999E-6            0.
        6460.   9.179999E-6            0.
        6470.   9.179999E-6            0.
        6480.   9.179999E-6            0.
        6490.   9.179999E-6            0.
        6500.   9.179999E-6            0.
        6510.   9.179999E-6            0.
        6520.   9.179999E-6            0.
        6530.   9.179999E-6            0.
        6540.   9.179999E-6            0.
        6550.   9.179999E-6            0.
        6560.   9.179999E-6            0.
        6570.   9.179999E-6            0.
        6580.   9.179999E-6            0.
        6590.   9.179999E-6            0.
        6600.   9.179999E-6            0.
        6610.   9.179999E-6            0.
        6620.   9.179999E-6            0.
        6630.   9.179999E-6            0.
        6640.   9.179999E-6            0.
        6650.   9.179999E-6            0.
        6660.   9.179999E-6            0.
        6670.   9.179999E-6            0.
        6680.   9.179999E-6            0.
        6690.   9.179999E-6            0.
        6700.   9.179999E-6            0.
        6710.   9.179999E-6            0.
        6720.   9.179999E-6            0.
        6730.   9.179999E-6            0.
        6740.   9.179999E-6            0.
        6750.   9.179999E-6            0.
        6760.   9.179999E-6            0.
        6770.   9.179999E-6            0.
        6780.   9.179999E-6            0.
        6790.   9.179999E-6            0.
        6800.   9.179999E-6            0.
        6810.   9.179999E-6            0.
        6820.   9.179999E-6            0.
        6830.   9.179999E-6            0.
        6840.   9.179999E-6            0.
        6850.   9.179999E-6            0.
        6860.   9.179999E-6            0.
        6870.   9.179999E-6            0.
        6880.   9.179999E-6            0.
        6890.   9.179999E-6            0.
        6900.   9.179999E-6            0.
        6910.   9.179999E-6            0.
        6920.   9.179999E-6            0.
        6930.   9.179999E-6            0.
        6940.   9.179999E-6            0.
        6950.   9.179999E-6            0.
        6960.   9.179999E-6            0.
        6970.   9.179999E-6            0.
        6980.   9.179999E-6            0.
        6990.   9.179999E-6            0.
        7000.   9.179999E-6            0.
        7010.   9.179999E-6            0.
        7020.   9.179999E-6            0.
        7030.   9.179999E-6            0.
        7040.   9.179999E-6            0.
        7050.   9.179999E-6            0.
        7060.   9.179999E-6            0.
        7070.   9.179999E-6            0.
        7080.   9.179999E-6            0.
        7090.   9.179999E-6            0.
        7100.   9.179999E-6            0.
        7110.   9.179999E-6            0.
        7120.   9.179999E-6            0.
        7130.   9.179999E-6            0.
        7140.   9.179999E-6            0.
        7150.   9.179999E-6            0.
        7160.   9.179999E-6            0.
        7170.   9.179999E-6            0.
        7180.   9.179999E-6            0.
        7190.   9.179999E-6            0.
        7200.   9.179999E-6            0.
        7210.   9.179999E-6            0.
        7220.   9.179999E-6            0.
        7230.   9.179999E-6            0.
        7240.   9.179999E-6            0.
        7250.   9.179999E-6            0.
        7260.   9.179999E-6            0.
        7270.   9.179999E-6            0.
        7280.   9.179999E-6            0.
        7290.   9.179999E-6            0.
        7300.   9.179999E-6            0.
        7310.   9.179999E-6            0.
        7320.   9.179999E-6            0.
        7330.   9.179999E-6            0.
        7340.   9.179999E-6            0.
        7350.   9.179999E-6            0.
        7360.   1.836000E-5            0.
        7370.   1.836000E-5            0.
        7380.   9.179999E-6            0.
        7390.   9.179999E-6            0.
        7400.   9.179999E-6            0.
        7410.   9.179999E-6            0.
        7420.   9.179999E-6            0.
        7430.   9.179999E-6            0.
        7440.   9.179999E-6            0.
        7450.   9.179999E-6            0.
        7460.   9.179999E-6            0.
        7470.   9.179999E-6            0.
        7480.   9.179999E-6            0.
        7490.   9.179999E-6            0.
        7500.   9.179999E-6            0.
        7510.   9.179999E-6            0.
        7520.   9.179999E-6            0.
        7530.   9.179999E-6            0.
        7540.   9.179999E-6            0.
        7550.   9.179999E-6            0.
        7560.   9.179999E-6            0.
        7570.   9.179999E-6            0.
        7580.   9.179999E-6            0.
        7590.   9.179999E-6            0.
        7600.   9.179999E-6            0.
        7610.   9.179999E-6            0.
        7620.   9.179999E-6            0.
        7630.   9.179999E-6            0.
        7640.   9.179999E-6            0.
        7650.   9.179999E-6            0.
        7660.   9.179999E-6            0.
        7670.   9.179999E-6            0.
        7680.   9.179999E-6            0.
        7690.   9.179999E-6            0.
        7700.   9.179999E-6            0.
        7710.   9.179999E-6            0.
        7720.   9.179999E-6            0.
        7730.   9.179999E-6            0.
        7740.   9.179999E-6            0.
        7750.   9.179999E-6            0.
        7760.   9.179999E-6            0.
        7770.   9.179999E-6            0.
        7780.   9.179999E-6            0.
        7790.   9.179999E-6            0.
        7800.   9.179999E-6            0.
        7810.   9.179999E-6            0.
        7820.   9.179999E-6            0.
        7830.   9.179999E-6            0.
        7840.   9.179999E-6            0.
        7850.   9.179999E-6            0.
        7860.   9.179999E-6            0.
        7870.   9.179999E-6            0.
        7880.   9.179999E-6            0.
        7890.   9.179999E-6            0.
        7900.   9.179999E-6            0.
        7910.   9.179999E-6            0.
        7920.   9.179999E-6            0.
        7930.   9.179999E-6            0.
        7940.   9.179999E-6            0.
        7950.   9.179999E-6            0.
        7960.   9.179999E-6            0.
        7970.   9.179999E-6            0.
        7980.   9.179999E-6            0.
        7990.   9.179999E-6            0.
        8000.   2.662200E-4            0.
        8010.   2.662200E-4            0.
        8020.   2.570400E-4            0.
        8030.   2.295000E-4            0.
        8040.   2.662200E-4            0.
        8050.   2.570400E-4            0.
        8060.   2.478600E-4            0.
        8070.   2.478600E-4            0.
        8080.   2.386800E-4            0.
        8090.   2.478600E-4            0.
        8100.   2.478600E-4            0.
        8110.   2.295000E-4            0.
        8120.   2.295000E-4            0.
        8130.   2.111400E-4            0.
        8140.   2.203200E-4            0.
        8150.   2.295000E-4            0.
        8160.   2.111400E-4            0.
        8170.   2.111400E-4            0.
        8180.   2.203200E-4            0.
        8190.   2.111400E-4            0.
        8200.   2.203200E-4            0.
        8210.   2.111400E-4            0.
        8220.   2.019600E-4            0.
        8230.   2.295000E-4            0.
        8240.   1.927800E-4            0.
        8250.   2.111400E-4            0.
        8260.   2.111400E-4            0.
        8270.   2.019600E-4            0.
        8280.   1.927800E-4            0.
        8290.   1.927800E-4            0.
        8300.   1.836000E-4            0.
        8310.   1.927800E-4            0.
        8320.   1.836000E-4            0.
        8330.   1.927800E-4            0.
        8340.   1.836000E-4            0.
        8350.   1.836000E-4            0.
        8360.   1.836000E-4            0.
        8370.   1.652400E-4            0.
        8380.   1.744200E-4            0.
        8390.   1.652400E-4            0.
        8400.   1.652400E-4            0.
        8410.   1.744200E-4            0.
        8420.   1.744200E-4            0.
        8430.   1.652400E-4            0.
        8440.   1.652400E-4            0.
        8450.   1.560600E-4            0.
        8460.   1.652400E-4            0.
        8470.   1.744200E-4            0.
        8480.   1.652400E-4            0.
        8490.   1.468800E-4            0.
        8500.   1.652400E-4            0.
        8510.   1.652400E-4            0.
        8520.   1.652400E-4            0.
        8530.   1.652400E-4            0.
        8540.   1.652400E-4            0.
        8550.   1.652400E-4            0.
        8560.   1.652400E-4            0.
        8570.   1.744200E-4            0.
        8580.   1.560600E-4            0.
        8590.   1.744200E-4            0.
        8600.   1.744200E-4            0.
        8610.   1.744200E-4            0.
        8620.   1.744200E-4            0.
        8630.   1.560600E-4            0.
        8640.   1.652400E-4            0.
        8650.   1.744200E-4            0.
        8660.   1.652400E-4            0.
        8670.   1.652400E-4            0.
        8680.   1.652400E-4            0.
        8690.   1.744200E-4            0.
        8700.   1.744200E-4            0.
        8710.   1.744200E-4            0.
        8720.   1.652400E-4            0.
        8730.   1.652400E-4            0.
        8740.   1.836000E-4            0.
        8750.   1.652400E-4            0.
        8760.   1.652400E-4            0.
        8770.   1.652400E-4            0.
        8780.   1.744200E-4            0.
        8790.   1.652400E-4            0.
        8800.   1.652400E-4            0.
        8810.   1.744200E-4            0.
        8820.   1.744200E-4            0.
        8830.   1.744200E-4            0.
        8840.   1.836000E-4            0.
        8850.   1.836000E-4            0.
        8860.   1.744200E-4            0.
        8870.   1.652400E-4            0.
        8880.   1.744200E-4            0.
        8890.   1.652400E-4            0.
        8900.   1.652400E-4            0.
        8910.   1.744200E-4            0.
        8920.   1.652400E-4            0.
        8930.   1.652400E-4            0.
        8940.   1.744200E-4            0.
        8950.   1.652400E-4            0.
        8960.   1.744200E-4            0.
        8970.   1.836000E-4            0.
        8980.   1.560600E-4            0.
        8990.   1.652400E-4            0.
        9000.   1.652400E-4            0.
        9010.   1.836000E-4            0.
        9020.   1.652400E-4            0.
        9030.   1.560600E-4            0.
        9040.   1.744200E-4            0.
        9050.   1.744200E-4            0.
        9060.   1.652400E-4            0.
        9070.   1.744200E-4            0.
        9080.   1.560600E-4            0.
        9090.   1.744200E-4            0.
        9100.   1.652400E-4            0.
        9110.   1.744200E-4            0.
        9120.   1.744200E-4            0.
        9130.   1.652400E-4            0.
        9140.   1.744200E-4            0.
        9150.   1.652400E-4            0.
        9160.   1.560600E-4            0.
        9170.   1.744200E-4            0.
        9180.   1.744200E-4            0.
        9190.   1.744200E-4            0.
        9200.   1.744200E-4            0.
        9210.   1.652400E-4            0.
        9220.   1.744200E-4            0.
        9230.   1.560600E-4            0.
        9240.   1.652400E-4            0.
        9250.   1.652400E-4            0.
        9260.   1.836000E-4            0.
        9270.   1.744200E-4            0.
        9280.   1.652400E-4            0.
        9290.   1.744200E-4            0.
        9300.   1.744200E-4            0.
        9310.   1.836000E-4            0.
        9320.   1.560600E-4            0.
        9330.   1.652400E-4            0.
        9340.   1.652400E-4            0.
        9350.   1.652400E-4            0.
        9360.   1.652400E-4            0.
        9370.   1.652400E-4            0.
        9380.   1.836000E-4            0.
        9390.   1.560600E-4            0.
        9400.   1.652400E-4            0.
        9410.   1.652400E-4            0.
        9420.   1.560600E-4            0.
        9430.   1.744200E-4            0.
        9440.   1.652400E-4            0.
        9450.   1.652400E-4            0.
        9460.   1.652400E-4            0.
        9470.   1.652400E-4            0.
        9480.   1.652400E-4            0.
        9490.   1.652400E-4            0.
        9500.   1.652400E-4            0.
        9510.   1.836000E-4            0.
        9520.   1.560600E-4            0.
        9530.   1.744200E-4            0.
        9540.   1.744200E-4            0.
        9550.   1.652400E-4            0.
        9560.   1.744200E-4            0.
        9570.   1.744200E-4            0.
        9580.   1.744200E-4            0.
        9590.   1.560600E-4            0.
        9600.   1.652400E-4            0.
        9610.   1.652400E-4            0.
        9620.   1.560600E-4            0.
        9630.   1.652400E-4            0.
        9640.   1.744200E-4            0.
        9650.   1.744200E-4            0.
        9660.   1.744200E-4            0.
        9670.   1.744200E-4            0.
        9680.   1.652400E-4            0.
        9690.   1.652400E-4            0.
        9700.   1.836000E-4            0.
        9710.   1.560600E-4            0.
        9720.   1.652400E-4            0.
        9730.   1.744200E-4            0.
        9740.   1.744200E-4            0.
        9750.   1.652400E-4            0.
        9760.   1.836000E-4            0.
        9770.   1.652400E-4            0.
        9780.   1.652400E-4            0.
        9790.   1.652400E-4            0.
        9800.   1.652400E-4            0.
        9810.   1.560600E-4            0.
        9820.   1.652400E-4            0.
        9830.   1.560600E-4            0.
        9840.   1.744200E-4            0.
        9850.   1.652400E-4            0.
        9860.   1.652400E-4            0.
        9870.   1.652400E-4            0.
        9880.   1.652400E-4            0.
        9890.   1.744200E-4            0.
        9900.   1.652400E-4            0.
        9910.   1.744200E-4            0.
        9920.   1.560600E-4            0.
        9930.   1.560600E-4            0.
        9940.   1.560600E-4            0.
        9950.   1.836000E-4            0.
        9960.   1.652400E-4            0.
        9970.   1.652400E-4            0.
        9980.   1.652400E-4            0.
        9990.   1.652400E-4            0.
       10000.   1.652400E-4            0.
       10010.   1.744200E-4            0.
       10020.   1.744200E-4            0.
       10030.   1.836000E-4            0.
       10040.   1.744200E-4            0.
       10050.   1.652400E-4            0.
       10060.   1.652400E-4            0.
       10070.   1.744200E-4            0.
       10080.   1.652400E-4            0.
       10090.   1.744200E-4            0.
       10100.   1.652400E-4            0.
       10110.   1.652400E-4            0.
       10120.   1.744200E-4            0.
       10130.   1.652400E-4            0.
       10140.   1.560600E-4            0.
       10150.   1.560600E-4            0.
       10160.   1.652400E-4            0.
       10170.   1.652400E-4            0.
       10180.   1.744200E-4            0.
       10190.   1.744200E-4            0.
       10200.   1.652400E-4            0.
       10210.   1.744200E-4            0.
       10220.   1.836000E-4            0.
       10230.   1.652400E-4            0.
       10240.   1.652400E-4            0.
       10250.   1.560600E-4            0.
       10260.   1.652400E-4            0.
       10270.   1.744200E-4            0.
       10280.   1.836000E-4            0.
       10290.   1.744200E-4            0.
       10300.   1.652400E-4            0.
       10310.   1.744200E-4            0.
       10320.   1.560600E-4            0.
       10330.   1.744200E-4            0.
       10340.   1.652400E-4            0.
       10350.   1.744200E-4            0.
       10360.   1.652400E-4            0.
       10370.   1.652400E-4            0.
       10380.   1.652400E-4            0.
       10390.   1.652400E-4            0.
       10400.   1.560600E-4            0.
       10410.   1.744200E-4            0.
       10420.   1.744200E-4            0.
       10430.   1.652400E-4            0.
       10440.   1.744200E-4            0.
       10450.   1.652400E-4            0.
       10460.   1.652400E-4            0.
       10470.   1.836000E-4            0.
       10480.   1.744200E-4            0.
       10490.   1.560600E-4            0.
       10500.   1.652400E-4            0.
       10510.   1.652400E-4            0.
       10520.   1.836000E-4            0.
       10530.   1.652400E-4            0.
       10540.   1.744200E-4            0.
       10550.   1.652400E-4            0.
       10560.   1.836000E-4            0.
       10570.   1.744200E-4            0.
       10580.   1.744200E-4            0.
       10590.   1.744200E-4            0.
       10600.   1.652400E-4            0.
       10610.   1.652400E-4            0.
       10620.   1.652400E-4            0.
       10630.   1.560600E-4            0.
       10640.   1.744200E-4            0.
       10650.   1.652400E-4            0.
       10660.   1.744200E-4            0.
       10670.   1.652400E-4            0.
       10680.   1.744200E-4            0.
       10690.   1.652400E-4            0.
       10700.   1.652400E-4            0.
       10710.   1.744200E-4            0.
       10720.   1.652400E-4            0.
       10730.   1.652400E-4            0.
       10740.   1.744200E-4            0.
       10750.   1.652400E-4            0.
       10760.   1.744200E-4            0.
       10770.   1.652400E-4            0.
       10780.   1.652400E-4            0.
       10790.   1.652400E-4            0.
       10800.   1.744200E-4            0.
       10810.   1.836000E-4            0.
       10820.   1.927800E-4            0.
       10830.   2.019600E-4            0.
       10840.   2.019600E-4            0.
       10850.   2.111400E-4            0.
       10860.   2.019600E-4            0.
       10870.   2.019600E-4            0.
       10880.   2.203200E-4            0.
       10890.   2.111400E-4            0.
       10900.   1.927800E-4            0.
       10910.   2.019600E-4            0.
       10920.   1.927800E-4            0.
       10930.   1.744200E-4            0.
       10940.   1.652400E-4            0.
       10950.   1.744200E-4            0.
       10960.   1.744200E-4            0.
       10970.   1.744200E-4            0.
       10980.   1.652400E-4            0.
       10990.   1.652400E-4            0.
       11000.   1.744200E-4            0.
       11010.   1.744200E-4            0.
       11020.   9.179999E-6            0.
       11030.   9.179999E-6            0.
       11040.   9.179999E-6            0.
       11050.   9.179999E-6            0.
       11060.   9.179999E-6            0.
       11070.   9.179999E-6            0.
       11080.   9.179999E-6            0.
       11090.   9.179999E-6            0.
       11100.   9.179999E-6            0.
       13000.            0.            0.
