        1200.   0.005237079            0.
        1230.   0.007588373            0.
        1260.    0.01186665            0.
        1290.    0.01622815            0.
        1320.    0.02166684            0.
        1350.    0.03005812            0.
        1380.    0.04397013            0.
        1410.    0.07261583            0.
        1440.     0.1195233            0.
        1470.     0.1793126            0.
        1500.     0.2391029            0.
        1530.     0.2789273            0.
        1560.     0.3023956            0.
        1590.     0.3047539            0.
        1620.     0.3047539            0.
        1650.     0.3070842            0.
        1680.     0.3070842            0.
        1710.     0.3012235            0.
        1740.      0.296535            0.
        1770.     0.2906742            0.
        1800.     0.2800806            0.
        1830.      0.262521            0.
        1860.     0.2425854            0.
        1890.     0.2179401            0.
        1920.     0.1863171            0.
        1950.      0.158151            0.
        1980.     0.1252199            0.
        2010.     0.1006368            0.
        2040.    0.07488977            0.
        2090.    0.03422035            0.
        2100.     0.0315561            0.
        2110.    0.02873244            0.
        2120.    0.02658861            0.
        2130.    0.02430413            0.
        2140.    0.02250022            0.
        2150.    0.02063888            0.
        2160.    0.01915965            0.
        2170.    0.01763588            0.
        2180.    0.01643562            0.
        2190.    0.01513455            0.
        2200.    0.01413824            0.
        2210.    0.01309739            0.
        2220.    0.01224876            0.
        2230.    0.01136732            0.
        2240.    0.01063826            0.
        2250.   0.009905675            0.
        2260.   0.009299684            0.
        2270.   0.008664389            0.
        2280.   0.008155684            0.
        2290.   0.007634087            0.
        2300.   0.007196882            0.
        2310.   0.006725686            0.
        2320.   0.006364669            0.
        2330.   0.005979038            0.
        2340.   0.005666079            0.
        2350.   0.005326162            0.
        2360.   0.005050711            0.
        2370.   0.004761195            0.
        2380.   0.004529113            0.
        2390.   0.004280621            0.
        2400.   0.004074326            0.
        2410.   0.003857482            0.
        2420.   0.003681662            0.
        2430.   0.003491777            0.
        2440.   0.003335884            0.
        2450.   0.003177646            0.
        2460.   0.003038163            0.
        2470.   0.002892818            0.
        2480.   0.002773261            0.
        2490.   0.002646671            0.
        2500.   0.002543523            0.
        2510.   0.002429827            0.
        2520.   0.002334884            0.
        2530.   0.002232909            0.
        2540.    0.00215086            0.
        2550.   0.002061778            0.
        2560.   0.001986761            0.
        2570.   0.001907057            0.
        2580.   0.001836729            0.
        2590.   0.001764057            0.
        2600.    0.00170545            0.
        2610.   0.001642155            0.
        2620.   0.001588237            0.
        2630.   0.001530803            0.
        2640.   0.001479229            0.
        2650.   0.001425311            0.
        2660.   0.001381942            0.
        2670.   0.001336229            0.
        2680.   0.001296376            0.
        2690.   0.001256524            0.
        2700.   0.001219016            0.
        2710.   0.001179163            0.
        2720.   0.001147516            0.
        2730.   0.001108835            0.
        2740.    0.00107836            0.
        2750.   0.001044368            0.
        2760.   0.001017409            0.
        2770.   9.881061E-4            0.
        2780.   9.623193E-4            0.
        2790.   9.330160E-4            0.
        2800.   9.095733E-4            0.
        2810.   8.814422E-4            0.
        2820.   8.579996E-4            0.
        2830.   8.357291E-4            0.
        2840.   8.122865E-4            0.
        2850.   7.911882E-4            0.
        2860.   7.689177E-4            0.
        2870.   7.489914E-4            0.
        2880.   7.314095E-4            0.
        2890.   7.091390E-4            0.
        2900.   6.950735E-4            0.
        2910.   6.751473E-4            0.
        2920.   6.587374E-4            0.
        2930.   6.423276E-4            0.
        2940.   6.259177E-4            0.
        2950.   6.118522E-4            0.
        2960.   5.977866E-4            0.
        2970.   5.813768E-4            0.
        2980.   5.673112E-4            0.
        2990.   5.520735E-4            0.
        3000.   5.391801E-4            0.
        3010.   5.251145E-4            0.
        3020.   5.169096E-4            0.
        3030.   5.028441E-4            0.
        3040.   4.887785E-4            0.
        3050.   4.794014E-4            0.
        3060.   4.676801E-4            0.
        3070.   4.583031E-4            0.
        3080.   4.489260E-4            0.
        3090.   4.360326E-4            0.
        3100.   4.266556E-4            0.
        3110.   4.161064E-4            0.
        3120.   4.090736E-4            0.
        3130.   3.985244E-4            0.
        3140.   3.891473E-4            0.
        3150.   3.809425E-4            0.
        3160.   3.727375E-4            0.
        3170.   3.633605E-4            0.
        3180.   3.563277E-4            0.
        3190.   3.481228E-4            0.
        3200.   3.422622E-4            0.
        3210.   3.340572E-4            0.
        3220.   3.293687E-4            0.
        3230.   3.199917E-4            0.
        3240.   3.153031E-4            0.
        3250.   3.082703E-4            0.
        3260.   3.012376E-4            0.
        3270.   2.965491E-4            0.
        3280.   2.906884E-4            0.
        3290.   2.848277E-4            0.
        3300.   2.789671E-4            0.
        3310.   2.731064E-4            0.
        3320.   2.695900E-4            0.
        3330.   2.625573E-4            0.
        3340.   2.602130E-4            0.
        3350.   2.543523E-4            0.
        3360.   2.508359E-4            0.
        3370.   2.449753E-4            0.
        3380.   2.391146E-4            0.
        3390.   2.344261E-4            0.
        3400.   2.344261E-4            0.
        3410.   2.285655E-4            0.
        3420.   2.250491E-4            0.
        3430.   2.203606E-4            0.
        3440.   2.168442E-4            0.
        3450.   2.133278E-4            0.
        3460.   2.086392E-4            0.
        3470.   2.051228E-4            0.
        3480.   2.016065E-4            0.
        3490.   1.980901E-4            0.
        3500.   1.957458E-4            0.
        3510.   1.910573E-4            0.
        3520.   1.875409E-4            0.
        3530.   1.851966E-4            0.
        3540.   1.816802E-4            0.
        3550.   1.793360E-4            0.
        3560.   1.758196E-4            0.
        3570.   1.723032E-4            0.
        3580.   1.687868E-4            0.
        3590.   1.664426E-4            0.
        3600.   1.640983E-4            0.
        3610.   1.617540E-4            0.
        3620.   1.594098E-4            0.
        3630.   1.570655E-4            0.
        3640.   1.535491E-4            0.
        3650.   1.512048E-4            0.
        3660.   1.488606E-4            0.
        3670.   1.465163E-4            0.
        3680.   1.441721E-4            0.
        3690.   1.418278E-4            0.
        3700.   1.394835E-4            0.
        3710.   1.383114E-4            0.
        3720.   1.359672E-4            0.
        3730.   1.336229E-4            0.
        3740.   1.312786E-4            0.
        3750.   1.301065E-4            0.
        3760.   1.277623E-4            0.
        3770.   1.265901E-4            0.
        3780.   1.242458E-4            0.
        3790.   1.219016E-4            0.
        3800.   1.207294E-4            0.
        3810.   1.183852E-4            0.
        3820.   1.172131E-4            0.
        3830.   1.160409E-4            0.
        3840.   1.136967E-4            0.
        3850.   1.125245E-4            0.
        3860.   1.113524E-4            0.
        3870.   1.090081E-4            0.
        3880.   1.078360E-4            0.
        3890.   1.066639E-4            0.
        3900.   1.054918E-4            0.
        3910.   1.031475E-4            0.
        3920.   1.019754E-4            0.
        3930.   1.008032E-4            0.
        3940.   9.963111E-5            0.
        3950.   9.845896E-5            0.
        3960.   9.611471E-5            0.
        3970.   9.611471E-5            0.
        3980.   9.377045E-5            0.
        3990.   9.377045E-5            0.
        4000.   9.142619E-5            0.
        4010.   9.142619E-5            0.
        4020.   9.025405E-5            0.
        4030.   8.908192E-5            0.
        4040.   8.790980E-5            0.
        4050.   8.673767E-5            0.
        4060.   8.556554E-5            0.
        4070.   8.439341E-5            0.
        4080.   8.322128E-5            0.
        4090.   8.204914E-5            0.
        4100.   8.087701E-5            0.
        4110.   8.087701E-5            0.
        4120.   7.970489E-5            0.
        4130.   7.853275E-5            0.
        4140.   7.736062E-5            0.
        4150.   7.736062E-5            0.
        4160.   7.618849E-5            0.
        4170.   7.501636E-5            0.
        4180.   7.501636E-5            0.
        4190.   7.384422E-5            0.
        4200.   7.267210E-5            0.
        4210.   7.149996E-5            0.
        4220.   7.149996E-5            0.
        4230.   7.032783E-5            0.
        4240.   6.915571E-5            0.
        4250.   6.915571E-5            0.
        4260.   6.798358E-5            0.
        4270.   6.681144E-5            0.
        4280.   6.681144E-5            0.
        4290.   6.563932E-5            0.
        4300.   6.563932E-5            0.
        4310.   6.446719E-5            0.
        4320.   6.329505E-5            0.
        4330.   6.329505E-5            0.
        4340.   6.212292E-5            0.
        4350.   6.212292E-5            0.
        4360.   6.095079E-5            0.
        4370.   6.095079E-5            0.
        4380.   5.977866E-5            0.
        4390.   5.977866E-5            0.
        4400.   5.860653E-5            0.
        4410.   5.860653E-5            0.
        4420.   5.743440E-5            0.
        4430.   5.743440E-5            0.
        4440.   5.626227E-5            0.
        4450.   5.626227E-5            0.
        4460.   5.509014E-5            0.
        4470.   5.509014E-5            0.
        4480.   5.391801E-5            0.
        4490.   5.391801E-5            0.
        4500.   5.274588E-5            0.
        4510.   5.274588E-5            0.
        4520.   5.274588E-5            0.
        4530.   5.157375E-5            0.
        4540.   5.157375E-5            0.
        4550.   5.040162E-5            0.
        4560.   5.040162E-5            0.
        4570.   5.040162E-5            0.
        4580.   4.922948E-5            0.
        4590.   4.922948E-5            0.
        4600.   4.805735E-5            0.
        4610.   4.805735E-5            0.
        4620.   4.805735E-5            0.
        4630.   4.688522E-5            0.
        4640.   4.688522E-5            0.
        4650.   4.688522E-5            0.
        4660.   4.571310E-5            0.
        4670.   4.571310E-5            0.
        4680.   4.571310E-5            0.
        4690.   4.454096E-5            0.
        4700.   4.454096E-5            0.
        4710.   4.454096E-5            0.
        4720.   4.336883E-5            0.
        4730.   4.336883E-5            0.
        4740.   4.336883E-5            0.
        4750.   4.219671E-5            0.
        4760.   4.219671E-5            0.
        4770.   4.219671E-5            0.
        4780.   4.102457E-5            0.
        4790.   4.102457E-5            0.
        4800.   4.102457E-5            0.
        4810.   4.102457E-5            0.
        4820.   3.985244E-5            0.
        4830.   3.985244E-5            0.
        4840.   3.985244E-5            0.
        4850.   3.985244E-5            0.
        4860.   3.868031E-5            0.
        4870.   3.868031E-5            0.
        4880.   3.868031E-5            0.
        4890.   3.868031E-5            0.
        4900.   3.750818E-5            0.
        4910.   3.750818E-5            0.
        4920.   3.750818E-5            0.
        4930.   3.750818E-5            0.
        4940.   3.633605E-5            0.
        4950.   3.633605E-5            0.
        4960.   3.633605E-5            0.
        4970.   3.633605E-5            0.
        4980.   3.516392E-5            0.
        4990.   3.516392E-5            0.
        5000.   3.516392E-5            0.
        5010.   3.516392E-5            0.
        5020.   3.516392E-5            0.
        5030.   3.516392E-5            0.
        5040.   3.399179E-5            0.
        5050.   3.399179E-5            0.
        5060.   3.399179E-5            0.
        5070.   3.399179E-5            0.
        5080.   3.281966E-5            0.
        5090.   3.281966E-5            0.
        5100.   3.281966E-5            0.
        5110.   3.281966E-5            0.
        5120.   3.281966E-5            0.
        5130.   3.164753E-5            0.
        5140.   3.164753E-5            0.
        5150.   3.164753E-5            0.
        5160.   3.164753E-5            0.
        5170.   3.164753E-5            0.
        5180.   3.164753E-5            0.
        5190.   3.047539E-5            0.
        5200.   3.047539E-5            0.
        5210.   3.047539E-5            0.
        5220.   3.047539E-5            0.
        5230.   3.047539E-5            0.
        5240.   3.047539E-5            0.
        5250.   2.930326E-5            0.
        5260.   2.930326E-5            0.
        5270.   2.930326E-5            0.
        5280.   2.930326E-5            0.
        5290.   2.930326E-5            0.
        5300.   2.930326E-5            0.
        5310.   2.813113E-5            0.
        5320.   2.813113E-5            0.
        5330.   2.813113E-5            0.
        5340.   2.813113E-5            0.
        5350.   2.813113E-5            0.
        5360.   2.813113E-5            0.
        5370.   2.813113E-5            0.
        5380.   2.695901E-5            0.
        5390.   2.695901E-5            0.
        5400.   2.695901E-5            0.
        5410.   2.695901E-5            0.
        5420.   2.695901E-5            0.
        5430.   2.695901E-5            0.
        5440.   2.695901E-5            0.
        5450.   2.695901E-5            0.
        5460.   2.695901E-5            0.
        5470.   2.578687E-5            0.
        5480.   2.578687E-5            0.
        5490.   2.578687E-5            0.
        5500.   2.578687E-5            0.
        5510.   2.578687E-5            0.
        5520.   2.578687E-5            0.
        5530.   2.578687E-5            0.
        5540.   2.578687E-5            0.
        5550.   2.461474E-5            0.
        5560.   2.461474E-5            0.
        5570.   2.461474E-5            0.
        5580.   2.461474E-5            0.
        5590.   2.461474E-5            0.
        5600.   2.461474E-5            0.
        5610.   2.461474E-5            0.
        5620.   2.461474E-5            0.
        5630.   2.461474E-5            0.
        5640.   2.344261E-5            0.
        5650.   2.344261E-5            0.
        5660.   2.344261E-5            0.
        5670.   2.344261E-5            0.
        5680.   2.344261E-5            0.
        5690.   2.344261E-5            0.
        5700.   2.344261E-5            0.
        5710.   2.344261E-5            0.
        5720.   2.344261E-5            0.
        5730.   2.344261E-5            0.
        5740.   2.344261E-5            0.
        5750.   2.227048E-5            0.
        5760.   2.227048E-5            0.
        5770.   2.227048E-5            0.
        5780.   2.227048E-5            0.
        5790.   2.227048E-5            0.
        5800.   2.227048E-5            0.
        5810.   2.227048E-5            0.
        5820.   2.227048E-5            0.
        5830.   2.227048E-5            0.
        5840.   2.227048E-5            0.
        5850.   2.227048E-5            0.
        5860.   2.227048E-5            0.
        5870.   2.227048E-5            0.
        5880.   2.109835E-5            0.
        5890.   2.109835E-5            0.
        5900.   2.109835E-5            0.
        5910.   2.109835E-5            0.
        5920.   2.109835E-5            0.
        5930.   2.109835E-5            0.
        5940.   2.109835E-5            0.
        5950.   2.109835E-5            0.
        5960.   2.109835E-5            0.
        5970.   2.109835E-5            0.
        5980.   2.109835E-5            0.
        5990.   2.109835E-5            0.
        6000.   2.109835E-5            0.
        6010.   2.109835E-5            0.
        6020.   2.109835E-5            0.
        6030.   2.109835E-5            0.
        6040.   2.109835E-5            0.
        6050.   1.992622E-5            0.
        6060.   1.992622E-5            0.
        6070.   1.992622E-5            0.
        6080.   1.992622E-5            0.
        6090.   1.992622E-5            0.
        6100.   1.992622E-5            0.
        6110.   1.992622E-5            0.
        6120.   1.992622E-5            0.
        6130.   1.992622E-5            0.
        6140.   1.992622E-5            0.
        6150.   1.992622E-5            0.
        6160.   1.992622E-5            0.
        6170.   1.992622E-5            0.
        6180.   1.992622E-5            0.
        6190.   1.992622E-5            0.
        6200.   1.992622E-5            0.
        6210.   1.992622E-5            0.
        6220.   1.992622E-5            0.
        6230.   1.992622E-5            0.
        6240.   1.992622E-5            0.
        6250.   1.992622E-5            0.
        6260.   1.992622E-5            0.
        6270.   1.992622E-5            0.
        6280.   1.992622E-5            0.
        6290.   1.875409E-5            0.
        6300.   1.875409E-5            0.
        6310.   1.875409E-5            0.
        6320.   1.875409E-5            0.
        6330.   1.875409E-5            0.
        6340.   1.875409E-5            0.
        6350.   1.875409E-5            0.
        6360.   1.875409E-5            0.
        6370.   1.875409E-5            0.
        6380.   1.875409E-5            0.
        6390.   1.875409E-5            0.
        6400.   1.875409E-5            0.
        6410.   1.875409E-5            0.
        6420.   1.875409E-5            0.
        6430.   1.875409E-5            0.
        6440.   1.875409E-5            0.
        6450.   1.875409E-5            0.
        6460.   1.875409E-5            0.
        6470.   1.875409E-5            0.
        6480.   1.875409E-5            0.
        6490.   1.875409E-5            0.
        6500.   1.875409E-5            0.
        6510.   1.875409E-5            0.
        6520.   1.875409E-5            0.
        6530.   1.875409E-5            0.
        6540.   1.875409E-5            0.
        6550.   1.875409E-5            0.
        6560.   1.875409E-5            0.
        6570.   1.875409E-5            0.
        6580.   1.875409E-5            0.
        6590.   1.875409E-5            0.
        6600.   1.875409E-5            0.
        6610.   1.875409E-5            0.
        6620.   1.875409E-5            0.
        6630.   1.875409E-5            0.
        6640.   1.875409E-5            0.
        6650.   1.875409E-5            0.
        6660.   1.875409E-5            0.
        6670.   1.875409E-5            0.
        6680.   1.875409E-5            0.
        6690.   1.875409E-5            0.
        6700.   1.875409E-5            0.
        6710.   1.875409E-5            0.
        6720.   1.875409E-5            0.
        6730.   1.875409E-5            0.
        6740.   1.875409E-5            0.
        6750.   1.875409E-5            0.
        6760.   1.875409E-5            0.
        6770.   1.875409E-5            0.
        6780.   1.875409E-5            0.
        6790.   1.875409E-5            0.
        6800.   1.875409E-5            0.
        6810.   1.875409E-5            0.
        6820.   1.875409E-5            0.
        6830.   1.875409E-5            0.
        6840.   1.875409E-5            0.
        6850.   1.875409E-5            0.
        6860.   1.875409E-5            0.
        6870.   1.875409E-5            0.
        6880.   1.875409E-5            0.
        6890.   1.875409E-5            0.
        6900.   1.875409E-5            0.
        6910.   1.875409E-5            0.
        6920.   1.875409E-5            0.
        6930.   1.875409E-5            0.
        6940.   1.875409E-5            0.
        6950.   1.875409E-5            0.
        6960.   1.875409E-5            0.
        6970.   1.875409E-5            0.
        6980.   1.992622E-5            0.
        6990.   1.992622E-5            0.
        7000.   1.992622E-5            0.
        7010.   1.992622E-5            0.
        7020.   1.992622E-5            0.
        7030.   1.992622E-5            0.
        7040.   1.992622E-5            0.
        7050.   1.992622E-5            0.
        7060.   1.992622E-5            0.
        7070.   1.992622E-5            0.
        7080.   1.992622E-5            0.
        7090.   1.992622E-5            0.
        7100.   1.992622E-5            0.
        7110.   1.992622E-5            0.
        7120.   1.992622E-5            0.
        7130.   1.992622E-5            0.
        7140.   1.992622E-5            0.
        7150.   2.109835E-5            0.
        7160.   1.992622E-5            0.
        7170.   1.992622E-5            0.
        7180.   2.109835E-5            0.
        7190.   2.109835E-5            0.
        7200.   2.109835E-5            0.
        7210.   2.109835E-5            0.
        7220.   2.109835E-5            0.
        7230.   2.109835E-5            0.
        7240.   2.109835E-5            0.
        7250.   2.109835E-5            0.
        7260.   2.109835E-5            0.
        7270.   2.109835E-5            0.
        7280.   2.227048E-5            0.
        7290.   2.227048E-5            0.
        7300.   2.227048E-5            0.
        7310.   2.227048E-5            0.
        7320.   2.227048E-5            0.
        7330.   2.227048E-5            0.
        7340.   2.227048E-5            0.
        7350.   2.227048E-5            0.
        7360.   2.227048E-5            0.
        7370.   2.344261E-5            0.
        7380.   2.344261E-5            0.
        7390.   2.344261E-5            0.
        7400.   2.344261E-5            0.
        7410.   2.344261E-5            0.
        7420.   2.344261E-5            0.
        7430.   2.344261E-5            0.
        7440.   2.344261E-5            0.
        7450.   2.461474E-5            0.
        7460.   2.461474E-5            0.
        7470.   2.461474E-5            0.
        7480.   2.461474E-5            0.
        7490.   2.461474E-5            0.
        7500.   2.461474E-5            0.
        7510.   2.578687E-5            0.
        7520.   2.578687E-5            0.
        7530.   2.578687E-5            0.
        7540.   2.578687E-5            0.
        7550.   2.578687E-5            0.
        7560.   2.695901E-5            0.
        7570.   2.695901E-5            0.
        7580.   2.695901E-5            0.
        7590.   2.695901E-5            0.
        7600.   2.695901E-5            0.
        7610.   2.813113E-5            0.
        7620.   2.813113E-5            0.
        7630.   2.813113E-5            0.
        7640.   2.813113E-5            0.
        7650.   2.813113E-5            0.
        7660.   2.930326E-5            0.
        7670.   2.930326E-5            0.
        7680.   2.930326E-5            0.
        7690.   2.930326E-5            0.
        7700.   3.047539E-5            0.
        7710.   3.047539E-5            0.
        7720.   3.047539E-5            0.
        7730.   3.047539E-5            0.
        7740.   3.164753E-5            0.
        7750.   3.164753E-5            0.
        7760.   3.164753E-5            0.
        7770.   3.281966E-5            0.
        7780.   3.281966E-5            0.
        7790.   3.281966E-5            0.
        7800.   3.399179E-5            0.
        7810.   3.399179E-5            0.
        7820.   3.399179E-5            0.
        7830.   3.516392E-5            0.
        7840.   3.516392E-5            0.
        7850.   3.516392E-5            0.
        7860.   3.633605E-5            0.
        7870.   3.633605E-5            0.
        7880.   3.750818E-5            0.
        7890.   3.750818E-5            0.
        7900.   3.750818E-5            0.
        7910.   3.750818E-5            0.
        7920.   3.868031E-5            0.
        7930.   3.868031E-5            0.
        7940.   3.985244E-5            0.
        7950.   3.985244E-5            0.
        7960.   3.985244E-5            0.
        7970.   4.102457E-5            0.
        7980.   4.102457E-5            0.
        7990.   4.102457E-5            0.
        8000.   2.930326E-5            0.
        8010.   4.805735E-5            0.
        8020.   3.985244E-5            0.
        8030.   3.633605E-5            0.
        8040.   4.922948E-5            0.
        8050.   4.454096E-5            0.
        8060.   5.391801E-5            0.
        8070.   5.860653E-5            0.
        8080.   5.157375E-5            0.
        8090.   4.571310E-5            0.
        8100.   5.274588E-5            0.
        8110.   5.391801E-5            0.
        8120.   5.157375E-5            0.
        8130.   4.571310E-5            0.
        8140.   4.688522E-5            0.
        8150.   4.454096E-5            0.
        8160.   4.454096E-5            0.
        8170.   6.446719E-5            0.
        8180.   5.509014E-5            0.
        8190.   5.977866E-5            0.
        8200.   5.157375E-5            0.
        8210.   5.860653E-5            0.
        8220.   6.212292E-5            0.
        8230.   6.446719E-5            0.
        8240.   5.977866E-5            0.
        8250.   5.274588E-5            0.
        8260.   5.391801E-5            0.
        8270.   6.563932E-5            0.
        8280.   5.391801E-5            0.
        8290.   6.681144E-5            0.
        8300.   6.446719E-5            0.
        8310.   6.329505E-5            0.
        8320.   6.446719E-5            0.
        8330.   5.860653E-5            0.
        8340.   5.860653E-5            0.
        8350.   7.149996E-5            0.
        8360.   6.212292E-5            0.
        8370.   6.095079E-5            0.
        8380.   6.563932E-5            0.
        8390.   6.212292E-5            0.
        8400.   6.915571E-5            0.
        8410.   8.087701E-5            0.
        8420.   7.501636E-5            0.
        8430.   6.095079E-5            0.
        8440.   7.267210E-5            0.
        8450.   7.384422E-5            0.
        8460.   6.329505E-5            0.
        8470.   6.681144E-5            0.
        8480.   7.149996E-5            0.
        8490.   6.563932E-5            0.
        8500.   7.853275E-5            0.
        8510.   7.618849E-5            0.
        8520.   6.798358E-5            0.
        8530.   7.149996E-5            0.
        8540.   8.439341E-5            0.
        8550.   7.618849E-5            0.
        8560.   7.736062E-5            0.
        8570.   6.563932E-5            0.
        8580.   6.095079E-5            0.
        8590.   7.970489E-5            0.
        8600.   7.501636E-5            0.
        8610.   6.563932E-5            0.
        8620.   6.681144E-5            0.
        8630.   7.501636E-5            0.
        8640.   7.501636E-5            0.
        8650.   6.329505E-5            0.
        8660.   7.618849E-5            0.
        8670.   7.501636E-5            0.
        8680.   7.970489E-5            0.
        8690.   9.142619E-5            0.
        8700.   8.673767E-5            0.
        8710.   7.267210E-5            0.
        8720.   6.915571E-5            0.
        8730.   8.087701E-5            0.
        8740.   6.563932E-5            0.
        8750.   8.673767E-5            0.
        8760.   7.853275E-5            0.
        8770.   6.915571E-5            0.
        8780.   7.618849E-5            0.
        8790.   7.032783E-5            0.
        8800.   8.204914E-5            0.
        8810.   8.087701E-5            0.
        8820.   7.970489E-5            0.
        8830.   7.384422E-5            0.
        8840.   8.087701E-5            0.
        8850.   7.853275E-5            0.
        8860.   7.853275E-5            0.
        8870.   8.439341E-5            0.
        8880.   8.087701E-5            0.
        8890.   7.149996E-5            0.
        8900.   8.087701E-5            0.
        8910.   7.853275E-5            0.
        8920.   6.681144E-5            0.
        8930.   7.970489E-5            0.
        8940.   7.736062E-5            0.
        8950.   7.501636E-5            0.
        8960.   7.032783E-5            0.
        8970.   6.798358E-5            0.
        8980.   7.853275E-5            0.
        8990.   8.322128E-5            0.
        9000.   7.149996E-5            0.
        9010.   7.384422E-5            0.
        9020.   6.446719E-5            0.
        9030.   6.681144E-5            0.
        9040.   8.204914E-5            0.
        9050.   8.673767E-5            0.
        9060.   7.149996E-5            0.
        9070.   7.853275E-5            0.
        9080.   8.556554E-5            0.
        9090.   8.204914E-5            0.
        9100.   7.032783E-5            0.
        9110.   6.681144E-5            0.
        9120.   7.149996E-5            0.
        9130.   7.853275E-5            0.
        9140.   7.384422E-5            0.
        9150.   7.384422E-5            0.
        9160.   7.149996E-5            0.
        9170.   7.618849E-5            0.
        9180.   7.501636E-5            0.
        9190.   7.149996E-5            0.
        9200.   7.970489E-5            0.
        9210.   7.149996E-5            0.
        9220.   7.970489E-5            0.
        9230.   5.743440E-5            0.
        9240.   7.032783E-5            0.
        9250.   5.977866E-5            0.
        9260.   6.212292E-5            0.
        9270.   6.798358E-5            0.
        9280.   6.798358E-5            0.
        9290.   6.681144E-5            0.
        9300.   7.032783E-5            0.
        9310.   6.681144E-5            0.
        9320.   6.915571E-5            0.
        9330.   7.149996E-5            0.
        9340.   6.798358E-5            0.
        9350.   7.149996E-5            0.
        9360.   7.618849E-5            0.
        9370.   7.149996E-5            0.
        9380.   6.563932E-5            0.
        9390.   7.149996E-5            0.
        9400.   6.798358E-5            0.
        9410.   6.563932E-5            0.
        9420.   6.446719E-5            0.
        9430.   6.095079E-5            0.
        9440.   7.032783E-5            0.
        9450.   6.681144E-5            0.
        9460.   6.563932E-5            0.
        9470.   5.860653E-5            0.
        9480.   6.212292E-5            0.
        9490.   7.501636E-5            0.
        9500.   5.977866E-5            0.
        9510.   6.212292E-5            0.
        9520.   6.095079E-5            0.
        9530.   6.798358E-5            0.
        9540.   5.977866E-5            0.
        9550.   6.329505E-5            0.
        9560.   5.977866E-5            0.
        9570.   6.329505E-5            0.
        9580.   5.977866E-5            0.
        9590.   6.798358E-5            0.
        9600.   6.681144E-5            0.
        9610.   5.743440E-5            0.
        9620.   7.501636E-5            0.
        9630.   5.391801E-5            0.
        9640.   5.743440E-5            0.
        9650.   6.446719E-5            0.
        9660.   6.446719E-5            0.
        9670.   7.267210E-5            0.
        9680.   6.915571E-5            0.
        9690.   5.977866E-5            0.
        9700.   6.095079E-5            0.
        9710.   5.743440E-5            0.
        9720.   6.798358E-5            0.
        9730.   5.977866E-5            0.
        9740.   5.626227E-5            0.
        9750.   5.977866E-5            0.
        9760.   6.212292E-5            0.
        9770.   5.977866E-5            0.
        9780.   6.095079E-5            0.
        9790.   5.509014E-5            0.
        9800.   5.509014E-5            0.
        9810.   6.446719E-5            0.
        9820.   7.032783E-5            0.
        9830.   4.922948E-5            0.
        9840.   4.805735E-5            0.
        9850.   6.329505E-5            0.
        9860.   4.805735E-5            0.
        9870.   5.860653E-5            0.
        9880.   4.571310E-5            0.
        9890.   5.626227E-5            0.
        9900.   5.274588E-5            0.
        9910.   6.212292E-5            0.
        9920.   4.922948E-5            0.
        9930.   5.509014E-5            0.
        9940.   5.274588E-5            0.
        9950.   5.157375E-5            0.
        9960.   5.391801E-5            0.
        9970.   5.743440E-5            0.
        9980.   4.922948E-5            0.
        9990.   4.922948E-5            0.
       10000.   4.454096E-5            0.
       10010.   5.157375E-5            0.
       10020.   5.157375E-5            0.
       10030.   5.977866E-5            0.
       10040.   4.688522E-5            0.
       10050.   5.391801E-5            0.
       10060.   4.454096E-5            0.
       10070.   5.391801E-5            0.
       10080.   5.040162E-5            0.
       10090.   5.157375E-5            0.
       10100.   4.922948E-5            0.
       10110.   5.977866E-5            0.
       10120.   5.860653E-5            0.
       10130.   4.922948E-5            0.
       10140.   5.860653E-5            0.
       10150.   5.391801E-5            0.
       10160.   3.868031E-5            0.
       10170.   5.040162E-5            0.
       10180.   4.805735E-5            0.
       10190.   5.860653E-5            0.
       10200.   5.860653E-5            0.
       10210.   4.219671E-5            0.
       10220.   4.454096E-5            0.
       10230.   5.509014E-5            0.
       10240.   5.157375E-5            0.
       10250.   4.688522E-5            0.
       10260.   4.805735E-5            0.
       10270.   4.922948E-5            0.
       10280.   4.688522E-5            0.
       10290.   5.040162E-5            0.
       10300.   4.571310E-5            0.
       10310.   4.805735E-5            0.
       10320.   4.688522E-5            0.
       10330.   4.454096E-5            0.
       10340.   4.922948E-5            0.
       10350.   4.805735E-5            0.
       10360.   5.860653E-5            0.
       10370.   4.336883E-5            0.
       10380.   5.509014E-5            0.
       10390.   5.274588E-5            0.
       10400.   4.454096E-5            0.
       10410.   4.336883E-5            0.
       10420.   5.040162E-5            0.
       10430.   4.805735E-5            0.
       10440.   4.454096E-5            0.
       10450.   3.281966E-5            0.
       10460.   4.805735E-5            0.
       10470.   4.454096E-5            0.
       10480.   4.336883E-5            0.
       10490.   4.454096E-5            0.
       10500.   3.750818E-5            0.
       10510.   3.281966E-5            0.
       10520.   5.391801E-5            0.
       10530.   4.336883E-5            0.
       10540.   4.454096E-5            0.
       10550.   4.805735E-5            0.
       10560.   3.750818E-5            0.
       10570.   5.040162E-5            0.
       10580.   5.157375E-5            0.
       10590.   4.102457E-5            0.
       10600.   3.164753E-5            0.
       10610.   4.219671E-5            0.
       10620.   4.922948E-5            0.
       10630.   5.157375E-5            0.
       10640.   3.868031E-5            0.
       10650.   5.157375E-5            0.
       10660.   3.399179E-5            0.
       10670.   3.399179E-5            0.
       10680.   4.805735E-5            0.
       10690.   4.336883E-5            0.
       10700.   5.040162E-5            0.
       10710.   4.688522E-5            0.
       10720.   4.336883E-5            0.
       10730.   4.571310E-5            0.
       10740.   3.868031E-5            0.
       10750.   4.336883E-5            0.
       10760.   4.454096E-5            0.
       10770.   5.509014E-5            0.
       10780.   3.985244E-5            0.
       10790.   3.985244E-5            0.
       10800.   4.454096E-5            0.
       10810.   4.454096E-5            0.
       10820.   3.633605E-5            0.
       10830.   3.985244E-5            0.
       10840.   4.102457E-5            0.
       10850.   3.750818E-5            0.
       10860.   4.454096E-5            0.
       10870.   4.571310E-5            0.
       10880.   4.219671E-5            0.
       10890.   3.868031E-5            0.
       10900.   3.516392E-5            0.
       10910.   4.336883E-5            0.
       10920.   3.281966E-5            0.
       10930.   4.219671E-5            0.
       10940.   4.219671E-5            0.
       10950.   3.399179E-5            0.
       10960.   2.578687E-5            0.
       10970.   3.633605E-5            0.
       10980.   3.633605E-5            0.
       10990.   4.571310E-5            0.
       11000.   4.102457E-5            0.
