        1210.  1.113014E-18         1228.
        1260.  1.113014E-18         1290.
        1320.  1.113014E-18         1350.
        1380.  1.113014E-18         1410.
        1440.  1.113014E-18         1470.
        1500.  1.113014E-18         1531.
        1550.  1.113014E-18         1750.
        1850.    0.03226012         1852.
        1854.    0.03308337         1856.
        1858.    0.03781655         1860.
        1862.    0.04081881         1864.
        1866.    0.04152884         1868.
        1870.    0.04060964         1872.
        1874.    0.04668036         1876.
        1878.    0.05126483         1880.
        1882.    0.05334693         1884.
        1886.    0.05714173         1888.
        1890.    0.05844376         1892.
        1894.     0.0646987         1896.
        1898.    0.06800704         1900.
        1902.     0.0714027         1904.
        1906.    0.07556786         1908.
        1910.    0.08047376         1912.
        1914.    0.08380032         1916.
        1918.    0.08808926         1920.
        1922.    0.09301339         1924.
        1926.    0.09746352         1928.
        1930.     0.1031668         1932.
        1934.     0.1061748         1936.
        1938.     0.1123885         1940.
        1942.     0.1182308         1944.
        1946.     0.1216975         1948.
        1950.     0.1273441         1952.
        1954.     0.1328737         1956.
        1958.     0.1357685         1960.
        1962.     0.1418267         1964.
        1966.      0.146984         1968.
        1970.     0.1525395         1972.
        1974.     0.1561721         1976.
        1978.     0.1604515         1980.
        1982.     0.1654437         1984.
        1986.        0.1697         1988.
        1990.     0.1730275         1992.
        1994.     0.1782175         1996.
        1998.      0.181449         2000.
        2002.     0.1829765         2004.
        2006.     0.1872645         2008.
        2010.     0.1901075         2012.
        2014.     0.1936346         2016.
        2018.     0.1949721         2020.
        2022.     0.1972893         2024.
        2026.     0.2003204         2028.
        2030.     0.2015082         2032.
        2034.     0.2028371         2036.
        2038.      0.205233         2040.
        2042.     0.2062481         2044.
        2046.     0.2068114         2048.
        2050.      0.209307         2052.
        2054.     0.2096524         2056.
        2058.       0.21158         2060.
        2062.      0.211154         2064.
        2066.     0.2121596         2068.
        2070.     0.2118477         2072.
        2074.     0.2125011         2076.
        2078.     0.2121461         2080.
        2082.     0.2127151         2084.
        2086.     0.2126729         2088.
        2090.     0.2127948         2092.
        2094.        0.2117         2096.
        2098.     0.2126057         2100.
        2102.     0.2122507         2104.
        2106.     0.2120147         2108.
        2110.     0.2112279         2112.
        2114.     0.2107184         2116.
        2118.     0.2110053         2120.
        2122.      0.210703         2124.
        2126.     0.2099431         2128.
        2130.     0.2097282         2132.
        2134.      0.209424         2136.
        2138.     0.2075204         2140.
        2142.     0.2067365         2144.
        2146.     0.2055093         2148.
        2150.     0.2047935         2152.
        2154.     0.2046534         2156.
        2158.     0.2034099         2160.
        2162.      0.202177         2164.
        2166.     0.2009057         2168.
        2170.     0.1989982         2172.
        2174.     0.1991738         2176.
        2178.     0.1974697         2180.
        2182.      0.196397         2184.
        2186.      0.194573         2188.
        2190.     0.1933612         2192.
        2194.     0.1921311         2196.
        2198.     0.1905354         2200.
        2202.      0.188792         2204.
        2206.     0.1869892         2208.
        2210.     0.1854779         2212.
        2214.     0.1834937         2216.
        2218.     0.1820794         2220.
        2222.      0.180218         2224.
        2226.     0.1781963         2228.
        2230.     0.1766285         2232.
        2234.     0.1743612         2236.
        2238.     0.1725209         2240.
        2242.     0.1705434         2244.
        2246.     0.1679499         2248.
        2250.     0.1658265         2252.
        2254.     0.1635746         2256.
        2258.     0.1612373         2260.
        2262.     0.1586946         2264.
        2266.     0.1560579         2268.
        2270.     0.1539864         2272.
        2274.     0.1515358         2276.
        2278.     0.1486391         2280.
        2282.     0.1465714         2284.
        2286.     0.1440805         2288.
        2290.     0.1410639         2292.
        2294.     0.1387621         2296.
        2298.     0.1354461         2300.
        2302.     0.1327969         2304.
        2306.     0.1298781         2308.
        2310.     0.1274228         2312.
        2314.     0.1239648         2316.
        2318.     0.1215622         2320.
        2322.     0.1181646         2324.
        2326.     0.1154838         2328.
        2330.     0.1127348         2332.
        2334.     0.1095512         2336.
        2338.      0.106571         2340.
        2342.     0.1034421         2344.
        2346.      0.100106         2348.
        2350.    0.09722845         2352.
        2354.    0.09401606         2356.
        2358.    0.09132756         2360.
        2362.    0.08824182         2364.
        2366.    0.08523668         2368.
        2370.    0.08244648         2372.
        2374.    0.07966106         2376.
        2378.    0.07663578         2380.
        2382.    0.07384941         2384.
        2386.    0.07100067         2388.
        2390.     0.0682757         2392.
        2394.    0.06563134         2396.
        2398.    0.06297258         2400.
        2402.    0.06071297         2404.
        2406.    0.05820101         2408.
        2410.    0.05555569         2412.
        2414.     0.0532577         2416.
        2418.    0.05097122         2420.
        2422.    0.04874903         2424.
        2426.    0.04678303         2428.
        2430.    0.04465871         2432.
        2434.    0.04268407         2436.
        2438.    0.04081114         2440.
        2442.    0.03878181         2444.
        2446.    0.03707486         2448.
        2450.      0.035366         2452.
        2454.    0.03362644         2456.
        2458.    0.03225916         2460.
        2462.    0.03069902         2464.
        2466.    0.02952268         2468.
        2470.    0.02769773         2480.
        2490.    0.02190526         2500.
        2510.    0.01730832         2520.
        2530.     0.0137035         2540.
        2550.    0.01085284         2560.
        2570.   0.008646005         2580.
        2590.   0.006912197         2600.
        2610.   0.005569865         2620.
        2630.    0.00451634         2640.
        2650.   0.003693094         2660.
        2670.   0.003041597         2680.
        2690.   0.002520592         2700.
        2710.    0.00210609         2720.
        2730.   0.001769308         2740.
        2750.   0.001497771         2760.
        2770.   0.001277087         2780.
        2790.   0.001093824         2800.
        2810.   9.441425E-4         2820.
        2830.   8.174893E-4         2840.
        2850.   7.129044E-4         2860.
        2870.   6.236714E-4         2880.
        2890.   5.488308E-4         2900.
        2910.   4.855042E-4         2920.
        2930.   4.317725E-4         2940.
        2950.   3.847573E-4         2960.
        2970.   3.454180E-4         2980.
        2990.   3.118357E-4         3000.
        3010.   2.801724E-4         3020.
        3030.   2.542660E-4         3040.
        3050.   2.312382E-4         3060.
        3070.   2.110888E-4         3080.
        3090.   1.938179E-4         3100.
        3110.   1.775065E-4         3120.
        3130.   1.611951E-4         3140.
        3150.   1.487216E-4         3160.
        3170.   1.372077E-4         3180.
        3190.   1.266533E-4         3200.
        3210.   1.170583E-4         3220.
        3230.   1.093824E-4         3240.
        3250.   1.017064E-4         3260.
        3270.   9.307096E-5         3280.
        3290.   8.731399E-5         3300.
        3310.   8.059753E-5         3320.
        3330.   7.580005E-5         3340.
        3350.   7.100259E-5         3360.
        3370.   6.620512E-5         3380.
        3390.   6.236714E-5         3400.
        3410.   5.661017E-5         3420.
        3430.   5.277219E-5         3440.
        3450.   4.893421E-5         3460.
        3470.   4.605573E-5         3480.
        3490.   4.317725E-5         3500.
        3510.   4.029876E-5         3520.
        3530.   3.837977E-5         3540.
        3550.   3.550130E-5         3560.
        3570.   3.358231E-5         3580.
        3590.   3.166332E-5         3600.
        3610.   2.974433E-5         3620.
        3630.   2.782534E-5         3640.
        3650.   2.590635E-5         3660.
        3670.   2.398736E-5         3680.
        3690.   2.302787E-5         3700.
        3710.   2.110888E-5         3720.
        3730.   2.014938E-5         3740.
        3750.   1.918989E-5         3760.
        3770.   1.823039E-5         3780.
        3790.   1.727090E-5         3800.
        3810.   1.631141E-5         3820.
        3830.   1.535191E-5         3840.
        3850.   1.439242E-5         3860.
        3870.   1.343292E-5         3880.
        3890.   1.247343E-5         3900.
        3910.   1.247343E-5         3920.
        3930.   1.151393E-5         3940.
        3950.   1.055444E-5         3960.
        3970.   1.055444E-5         3980.
        3990.   9.594944E-6         4000.
        4010.   9.594944E-6         4020.
        4030.   8.635450E-6         4040.
        4050.   8.635450E-6         4060.
        4070.   7.675955E-6         4080.
        4090.   7.675955E-6         4100.
        4110.   6.716461E-6         4120.
        4130.   6.716461E-6         4140.
        4150.   6.716461E-6         4160.
        4170.   5.756967E-6         4180.
        4190.   5.756967E-6         4200.
        4210.   5.756967E-6         4220.
        4230.   4.797472E-6         4240.
        4250.   4.797472E-6         4260.
        4270.   4.797472E-6         4280.
        4290.   4.797472E-6         4300.
        4310.   3.837978E-6         4320.
        4330.   3.837978E-6         4340.
        4350.   3.837978E-6         4360.
        4370.   3.837978E-6         4380.
        4390.   3.837978E-6         4400.
        4410.   2.878483E-6         4420.
        4430.   2.878483E-6         4440.
        4450.   2.878483E-6         4460.
        4470.   2.878483E-6         4480.
        4490.   2.878483E-6         4500.
        4510.   2.878483E-6         4520.
        4530.   2.878483E-6         4540.
        4550.   2.878483E-6         4560.
        4570.   1.918989E-6         4580.
        4590.   1.918989E-6         4600.
        4610.   1.918989E-6         4620.
        4630.   1.918989E-6         4640.
        4650.   1.918989E-6         4660.
        4670.   1.918989E-6         4680.
        4690.   1.918989E-6         4700.
        4710.   1.918989E-6         4720.
        4730.   1.918989E-6         4740.
        4750.   1.918989E-6         4760.
        4770.   1.918989E-6         4780.
        4790.   1.918989E-6         4800.
        4810.   1.918989E-6         4820.
        4830.   9.594944E-7         4840.
        4850.   9.594944E-7         4860.
        4870.   9.594944E-7         4880.
        4890.   9.594944E-7         4900.
        4910.   9.594944E-7         4920.
        4930.   9.594944E-7         4940.
        4950.   9.594944E-7         4960.
        4970.   9.594944E-7         4980.
        4990.   9.594944E-7         5000.
        5010.   9.594944E-7         5020.
        5030.   9.594944E-7         5040.
        5050.   9.594944E-7         5060.
        5070.   9.594944E-7         5080.
        5090.   9.594944E-7         5100.
        5110.   9.594944E-7         5120.
        5130.   9.594944E-7         5140.
        5150.   9.594944E-7         5160.
        5170.   9.594944E-7         5180.
        5190.   9.594944E-7         5200.
        5210.   9.594944E-7         5220.
        5230.   9.594944E-7         5240.
        5250.   9.594944E-7         5260.
        5270.   9.594944E-7         5280.
        5290.   9.594944E-7         5300.
        5310.   9.594944E-7         5320.
        5330.   9.594944E-7         5340.
        5350.   9.594944E-7         5360.
        5370.   9.594944E-7         5380.
        5390.   9.594944E-7         5400.
        5410.            0.         5420.
        5430.            0.         5440.
        5450.            0.         5460.
        5470.            0.         5480.
        5490.            0.         5500.
        5510.            0.         5520.
        5530.            0.         5540.
        5550.            0.         5560.
        5570.            0.         5580.
        5590.            0.         5600.
        5610.            0.         5620.
        5630.            0.         5640.
        5650.            0.         5660.
        5670.            0.         5680.
        5690.            0.         5700.
        5710.            0.         5720.
        5730.            0.         5740.
        5750.            0.         5760.
        5770.            0.         5780.
        5790.            0.         5800.
        5810.            0.         5820.
        5830.            0.         5840.
        5850.            0.         5860.
        5870.            0.         5880.
        5890.            0.         5900.
        5910.            0.         5920.
        5930.            0.         5940.
        5950.            0.         5960.
        5970.            0.         5980.
        5990.            0.         6000.
        6010.            0.         6020.
        6030.            0.         6040.
        6050.            0.         6060.
        6070.            0.         6080.
        6090.            0.         6100.
        6110.            0.         6120.
        6130.            0.         6140.
        6150.            0.         6160.
        6170.            0.         6180.
        6190.            0.         6200.
        6210.            0.         6220.
        6230.            0.         6240.
        6250.            0.         6260.
        6270.            0.         6280.
        6290.            0.         6300.
        6310.            0.         6320.
        6330.            0.         6340.
        6350.            0.         6360.
        6370.            0.         6380.
        6390.            0.         6400.
        6410.            0.         6420.
        6430.            0.         6440.
        6450.            0.         6460.
        6470.            0.         6480.
        6490.            0.         6500.
        6510.            0.         6520.
        6530.            0.         6540.
        6550.            0.         6560.
        6570.            0.         6580.
        6590.            0.         6600.
        6610.            0.         6620.
        6630.            0.         6640.
        6650.            0.         6660.
        6670.            0.         6680.
        6690.            0.         6700.
        6710.            0.         6720.
        6730.            0.         6740.
        6750.            0.         6760.
        6770.            0.         6780.
        6790.            0.         6800.
        6810.            0.         6820.
        6830.            0.         6840.
        6850.            0.         6860.
        6870.            0.         6880.
        6890.            0.         6900.
        6910.            0.         6920.
        6930.            0.         6940.
        6950.            0.         6960.
        6970.            0.         6980.
        6990.            0.         7000.
        7010.   2.948690E-7         7020.
        7030.   2.945773E-7         7040.
        7050.   2.942856E-7         7060.
        7070.   2.939948E-7         7080.
        7090.   2.937032E-7         7100.
        7110.   2.946607E-7         7120.
        7130.   2.968666E-7         7140.
        7150.   2.990725E-7         7160.
        7170.   3.012784E-7         7180.
        7190.   3.034842E-7         7200.
        7210.   3.054647E-7         7220.
        7230.   3.072196E-7         7240.
        7250.   3.089754E-7         7260.
        7270.   3.107304E-7         7280.
        7290.   3.124853E-7         7300.
        7310.   3.121782E-7         7320.
        7330.   3.098102E-7         7340.
        7350.   3.074412E-7         7360.
        7370.   3.050731E-7         7380.
        7390.   3.027042E-7         7400.
        7410.   3.033624E-7         7420.
        7430.   3.070478E-7         7440.
        7450.   3.107332E-7         7460.
        7470.   3.144186E-7         7480.
        7490.   3.181031E-7         7500.
        7510.   3.191106E-7         7520.
        7530.   3.174391E-7         7540.
        7550.   3.157677E-7         7560.
        7570.   3.140953E-7         7580.
        7590.   3.124239E-7         7600.
        7610.   3.131454E-7         7620.
        7630.   3.162590E-7         7640.
        7650.   3.193716E-7         7660.
        7670.   3.224851E-7         7680.
        7690.   3.255987E-7         7700.
        7710.   3.369792E-7         7720.
        7730.   3.566268E-7         7740.
        7750.   3.762744E-7         7760.
        7770.   3.959219E-7         7780.
        7790.   4.155695E-7         7800.
        7810.   4.289103E-7         7820.
        7830.   4.359425E-7         7840.
        7850.   4.429755E-7         7860.
        7870.   4.500087E-7         7880.
        7890.   4.570408E-7         7900.
        7910.   4.663277E-7         7920.
        7930.   4.778676E-7         7940.
        7950.   4.894074E-7         7960.
        7970.   5.009472E-7         7980.
        7990.   5.124871E-7         8000.
        8010.   5.167405E-7         8020.
        8030.   5.137085E-7         8040.
        8050.   5.106756E-7         8060.
        8070.   5.076435E-7         8080.
        8090.   5.046106E-7         8100.
        8110.   5.142151E-7         8120.
        8130.   5.364552E-7         8140.
        8150.   5.586963E-7         8160.
        8170.   5.809374E-7         8180.
        8190.   6.031775E-7         8200.
        8210.   6.184537E-7         8220.
        8230.   6.267647E-7         8240.
        8250.   6.350768E-7         8260.
        8270.   6.433880E-7         8280.
        8290.   6.516992E-7         8300.
        8310.   6.652453E-7         8320.
        8330.   6.840264E-7         8340.
        8350.   7.028076E-7         8360.
        8370.   7.215878E-7         8380.
        8390.   7.403689E-7         8400.
        8410.   7.546145E-7         8420.
        8430.   7.643256E-7         8440.
        8450.   7.740366E-7         8460.
        8470.   7.837477E-7         8480.
        8490.   7.934578E-7         8500.
        8510.   8.125123E-7         8520.
        8530.   8.409105E-7         8540.
        8550.   8.693087E-7         8560.
        8570.   8.977069E-7         8580.
        8590.   9.261050E-7         8600.
        8610.   9.395965E-7         8620.
        8630.   9.381802E-7         8640.
        8650.   9.367649E-7         8660.
        8670.   9.353487E-7         8680.
        8690.   9.339325E-7         8700.
        8710.   9.259956E-7         8720.
        8730.   9.115379E-7         8740.
        8750.   8.970793E-7         8760.
        8770.   8.826216E-7         8780.
        8790.   8.681640E-7         8800.
        8810.   8.667986E-7         8820.
        8830.   8.785256E-7         8840.
        8850.   8.902535E-7         8860.
        8870.   9.019814E-7         8880.
        8890.   9.137083E-7         8900.
        8910.   9.185902E-7         8920.
        8930.   9.166261E-7         8940.
        8950.   9.146611E-7         8960.
        8970.   9.126970E-7         8980.
        8990.   9.107329E-7         9000.
        9010.   9.152128E-7         9020.
        9030.   9.261366E-7         9040.
        9050.   9.370605E-7         9060.
        9070.   9.479843E-7         9080.
        9090.   9.589072E-7         9100.
        9110.   9.692620E-7         9120.
        9130.   9.790392E-7         9140.
        9150.   9.888166E-7         9160.
        9170.   9.985938E-7         9180.
        9190.   1.008371E-6         9200.
        9210.   1.002796E-6         9220.
        9230.   9.818602E-7         9240.
        9250.   9.609337E-7         9260.
        9270.   9.399974E-7         9280.
        9290.   9.190662E-7         9300.
        9310.   9.193453E-7         9320.
        9330.   9.408342E-7         9340.
        9350.   9.623249E-7         9360.
        9370.   9.838080E-7         9380.
        9390.   1.005301E-6         9400.
        9410.   1.004648E-6         9420.
        9430.   9.818410E-7         9440.
        9450.   9.590349E-7         9460.
        9470.   9.362305E-7         9480.
        9490.   9.134262E-7         9500.
        9510.   9.091171E-7         9520.
        9530.   9.233042E-7         9540.
        9550.   9.374903E-7         9560.
        9570.   9.516774E-7         9580.
        9590.   9.658654E-7         9600.
        9610.   9.783869E-7         9620.
        9630.   9.892483E-7         9640.
        9650.   1.000119E-6         9660.
        9670.   1.010981E-6         9680.
        9690.   1.021842E-6         9700.
        9710.   1.031735E-6         9720.
        9730.   1.040658E-6         9740.
        9750.   1.049581E-6         9760.
        9770.   1.058505E-6         9780.
        9790.   1.067428E-6         9800.
        9810.   1.079431E-6         9820.
        9830.   1.094524E-6         9840.
        9850.   1.109617E-6         9860.
        9870.   1.124710E-6         9880.
        9890.   1.139803E-6         9900.
        9910.   1.126504E-6         9920.
        9930.   1.084814E-6         9940.
        9950.   1.043114E-6         9960.
        9970.   1.001424E-6         9980.
        9990.   9.597247E-7        10000.
       10010.   9.391781E-7        10020.
       10030.   9.397787E-7        10040.
       10050.   9.403793E-7        10060.
       10070.   9.409800E-7        10080.
       10090.   9.415816E-7        10100.
       10110.   1.343292E-5        10120.
       10130.   9.594944E-7        10140.
       10150.   1.918989E-6        10160.
       10170.   3.837978E-6        10180.
       10190.   9.594944E-7        10200.
       10210.   9.594944E-7        10220.
       10230.   2.878483E-6        10240.
       10250.   3.837978E-6        10260.
       10270.   3.837978E-6        10280.
       10290.   9.594944E-7        10300.
       10310.   9.594944E-7        10320.
       10330.   9.594944E-7        10340.
       10350.   9.594944E-7        10360.
       10370.   2.878483E-6        10380.
       10390.   9.594944E-7        10400.
       10410.   9.594944E-7        10420.
       10430.   6.716461E-6        10440.
       10450.   9.594944E-7        10460.
       10470.   9.594944E-7        10480.
       10490.   9.594944E-7        10500.
       10510.   5.756967E-6        10520.
       10530.            0.        10540.
       10550.   9.594944E-7        10560.
       10570.   9.594944E-7        10580.
       10590.   9.594944E-7        10600.
       10610.   2.878483E-6        10620.
       10630.   3.837978E-6        10640.
       10650.            0.        10660.
       10670.   9.594944E-7        10680.
       10690.   2.878483E-6        10700.
       10710.   1.918989E-6        10720.
       10730.   9.594944E-7        10740.
       10750.   1.918989E-6        10760.
       10770.   1.918989E-6        10780.
       10790.            0.        10800.
       10810.   2.878483E-6        10820.
       10830.   7.675955E-6        10840.
       10850.   9.594944E-7        10860.
       10870.   9.594944E-7        10880.
       10890.   4.797472E-6        10900.
       10910.   9.594944E-7        10920.
       10930.   7.675955E-6        10940.
       10950.   2.878483E-6        10960.
       10970.            0.        10980.
       10990.   1.918989E-6        11000.
