        1860.   5.999636E-6            0.
        1870.   3.999758E-6            0.
        1880.   8.999455E-6            0.
        1890.   9.999394E-7            0.
        1900.   4.999697E-6            0.
        1910.   5.999636E-6            0.
        1920.   9.999394E-7            0.
        1930.   2.999818E-6            0.
        1940.   9.999394E-7            0.
        1950.   3.999758E-6            0.
        1960.   2.999818E-6            0.
        1970.   1.999879E-6            0.
        1980.   2.999818E-6            0.
        1990.   1.999879E-6            0.
        2000.   1.999879E-6            0.
        2010.   1.999879E-6            0.
        2020.   1.999879E-6            0.
        2030.   9.999394E-7            0.
        2040.   9.999394E-7            0.
        2050.   9.999394E-7            0.
        2060.   9.999394E-7            0.
        2070.   9.999394E-7            0.
        2080.   9.999394E-7            0.
        2090.   9.999394E-7            0.
        2100.   9.999394E-7            0.
        2110.   9.999394E-7            0.
        2120.   9.999394E-7            0.
        2130.   9.999394E-7            0.
        2140.   9.999394E-7            0.
        2150.   9.999394E-7            0.
        2160.   9.999394E-7            0.
        2170.   9.999394E-7            0.
        2180.   9.999394E-7            0.
        2190.   9.999394E-7            0.
        2200.   9.999394E-7            0.
        2210.   9.999394E-7            0.
        2220.   9.999394E-7            0.
        2230.   9.999394E-7            0.
        2240.   9.999394E-7            0.
        2250.   9.999394E-7            0.
        2260.   9.999394E-7            0.
        2270.   9.999394E-7            0.
        2280.   9.999394E-7            0.
        2290.   9.999394E-7            0.
        2300.   9.999394E-7            0.
        2310.   9.999394E-7            0.
        2320.   9.999394E-7            0.
        2330.   9.999394E-7            0.
        2340.   9.999394E-7            0.
        2350.   9.999394E-7            0.
        2360.   9.999394E-7            0.
        2370.   9.999394E-7            0.
        2380.   9.999394E-7            0.
        2390.   9.999394E-7            0.
        2400.   9.999394E-7            0.
        2410.   9.999394E-7            0.
        2420.   9.999394E-7            0.
        2430.   9.999394E-7            0.
        2440.   9.999394E-7            0.
        2450.   9.999394E-7            0.
        2460.   9.999394E-7            0.
        2470.   9.999394E-7            0.
        2480.   9.999394E-7            0.
        2490.   9.999394E-7            0.
        2500.   9.999394E-7            0.
        2510.   9.999394E-7            0.
        2520.   9.999394E-7            0.
        2530.   9.999394E-7            0.
        2540.   9.999394E-7            0.
        2550.   9.999394E-7            0.
        2560.   9.999394E-7            0.
        2570.   9.999394E-7            0.
        2580.   9.999394E-7            0.
        2590.   9.999394E-7            0.
        2600.   9.999394E-7            0.
        2610.   9.999394E-7            0.
        2620.   9.999394E-7            0.
        2630.   9.999394E-7            0.
        2640.   9.999394E-7            0.
        2650.   9.999394E-7            0.
        2660.   9.999394E-7            0.
        2670.   9.999394E-7            0.
        2680.   9.999394E-7            0.
        2690.   9.999394E-7            0.
        2700.   9.999394E-7            0.
        2710.   9.999394E-7            0.
        2720.   9.999394E-7            0.
        2730.   9.999394E-7            0.
        2740.   9.999394E-7            0.
        2750.   9.999394E-7            0.
        2760.   9.999394E-7            0.
        2770.   9.999394E-7            0.
        2780.   9.999394E-7            0.
        2790.   9.999394E-7            0.
        2800.   9.999394E-7            0.
        2810.   9.999394E-7            0.
        2820.   9.999394E-7            0.
        2830.   9.999394E-7            0.
        2840.   9.999394E-7            0.
        2850.   9.999394E-7            0.
        2860.   9.999394E-7            0.
        2870.   9.999394E-7            0.
        2880.   9.999394E-7            0.
        2890.   9.999394E-7            0.
        2900.   9.999394E-7            0.
        2910.   9.999394E-7            0.
        2920.   9.999394E-7            0.
        2930.   9.999394E-7            0.
        2940.   9.999394E-7            0.
        2950.   9.999394E-7            0.
        2960.   9.999394E-7            0.
        2970.   9.999394E-7            0.
        2980.   9.999394E-7            0.
        2990.   9.999394E-7            0.
        3000.   9.999394E-7            0.
        3010.   9.999394E-7            0.
        3020.   9.999394E-7            0.
        3030.   9.999394E-7            0.
        3040.   9.999394E-7            0.
        3050.   9.999394E-7            0.
        3060.   9.999394E-7            0.
        3070.   9.999394E-7            0.
        3080.   9.999394E-7            0.
        3090.   9.999394E-7            0.
        3100.   9.999394E-7            0.
        3110.   9.999394E-7            0.
        3120.   9.999394E-7            0.
        3130.   9.999394E-7            0.
        3140.   9.999394E-7            0.
        3150.   9.999394E-7            0.
        3160.   9.999394E-7            0.
        3170.   9.999394E-7            0.
        3180.   9.999394E-7            0.
        3190.   9.999394E-7            0.
        3200.   9.999394E-7            0.
        3210.   9.999394E-7            0.
        3220.   9.999394E-7            0.
        3230.   9.999394E-7            0.
        3240.   9.999394E-7            0.
        3250.   9.999394E-7            0.
        3260.   9.999394E-7            0.
        3270.   9.999394E-7            0.
        3280.   9.999394E-7            0.
        3290.   9.999394E-7            0.
        3300.   9.999394E-7            0.
        3310.   9.999394E-7            0.
        3320.   9.999394E-7            0.
        3330.   9.999394E-7            0.
        3340.   9.999394E-7            0.
        3350.   9.999394E-7            0.
        3360.   9.999394E-7            0.
        3370.   9.999394E-7            0.
        3380.   9.999394E-7            0.
        3390.   9.999394E-7            0.
        3400.   9.999394E-7            0.
        3410.   9.999394E-7            0.
        3420.   9.999394E-7            0.
        3430.   9.999394E-7            0.
        3440.   9.999394E-7            0.
        3450.   9.999394E-7            0.
        3460.   9.999394E-7            0.
        3470.   9.999394E-7            0.
        3480.   9.999394E-7            0.
        3490.   9.999394E-7            0.
        3500.   9.999394E-7            0.
        3510.   9.999394E-7            0.
        3520.   9.999394E-7            0.
        3530.   9.999394E-7            0.
        3540.   9.999394E-7            0.
        3550.   9.999394E-7            0.
        3560.   9.999394E-7            0.
        3570.   9.999394E-7            0.
        3580.   9.999394E-7            0.
        3590.   9.999394E-7            0.
        3600.   9.999394E-7            0.
        3610.   9.999394E-7            0.
        3620.   9.999394E-7            0.
        3630.   9.999394E-7            0.
        3640.   9.999394E-7            0.
        3650.   9.999394E-7            0.
        3660.   9.999394E-7            0.
        3670.   9.999394E-7            0.
        3680.   9.999394E-7            0.
        3690.   9.999394E-7            0.
        3700.   9.999394E-7            0.
        3710.   9.999394E-7            0.
        3720.   9.999394E-7            0.
        3730.   9.999394E-7            0.
        3740.   9.999394E-7            0.
        3750.   9.999394E-7            0.
        3760.   9.999394E-7            0.
        3770.   9.999394E-7            0.
        3780.   9.999394E-7            0.
        3790.   9.999394E-7            0.
        3800.   9.999394E-7            0.
        3810.   9.999394E-7            0.
        3820.   9.999394E-7            0.
        3830.   9.999394E-7            0.
        3840.   9.999394E-7            0.
        3850.   9.999394E-7            0.
        3860.   9.999394E-7            0.
        3870.   9.999394E-7            0.
        3880.   9.999394E-7            0.
        3890.   9.999394E-7            0.
        3900.   9.999394E-7            0.
        3910.   9.999394E-7            0.
        3920.   9.999394E-7            0.
        3930.   9.999394E-7            0.
        3940.   9.999394E-7            0.
        3950.   9.999394E-7            0.
        3960.   9.999394E-7            0.
        3970.   9.999394E-7            0.
        3980.   9.999394E-7            0.
        3990.   9.999394E-7            0.
        4000.   9.999394E-7            0.
        4010.   9.999394E-7            0.
        4020.   9.999394E-7            0.
        4030.   9.999394E-7            0.
        4040.   9.999394E-7            0.
        4050.   9.999394E-7            0.
        4060.   9.999394E-7            0.
        4070.   9.999394E-7            0.
        4080.   9.999394E-7            0.
        4090.   9.999394E-7            0.
        4100.   9.999394E-7            0.
        4110.   9.999394E-7            0.
        4120.   9.999394E-7            0.
        4130.   9.999394E-7            0.
        4140.   9.999394E-7            0.
        4150.   9.999394E-7            0.
        4160.   9.999394E-7            0.
        4170.   9.999394E-7            0.
        4180.   9.999394E-7            0.
        4190.   9.999394E-7            0.
        4200.   9.999394E-7            0.
        4210.   9.999394E-7            0.
        4220.   9.999394E-7            0.
        4230.   9.999394E-7            0.
        4240.   9.999394E-7            0.
        4250.   9.999394E-7            0.
        4260.   9.999394E-7            0.
        4270.   9.999394E-7            0.
        4280.   9.999394E-7            0.
        4290.   9.999394E-7            0.
        4300.   9.999394E-7            0.
        4310.   9.999394E-7            0.
        4320.   9.999394E-7            0.
        4330.   9.999394E-7            0.
        4340.   9.999394E-7            0.
        4350.   9.999394E-7            0.
        4360.   9.999394E-7            0.
        4370.   9.999394E-7            0.
        4380.   9.999394E-7            0.
        4390.   9.999394E-7            0.
        4400.   9.999394E-7            0.
        4410.   9.999394E-7            0.
        4420.   9.999394E-7            0.
        4430.   9.999394E-7            0.
        4440.   9.999394E-7            0.
        4450.   9.999394E-7            0.
        4460.   9.999394E-7            0.
        4470.   9.999394E-7            0.
        4480.   9.999394E-7            0.
        4490.   9.999394E-7            0.
        4500.   9.999394E-7            0.
        4510.   9.999394E-7            0.
        4520.   9.999394E-7            0.
        4530.   9.999394E-7            0.
        4540.   9.999394E-7            0.
        4550.   9.999394E-7            0.
        4560.   9.999394E-7            0.
        4570.   9.999394E-7            0.
        4580.   9.999394E-7            0.
        4590.   9.999394E-7            0.
        4600.   9.999394E-7            0.
        4610.   9.999394E-7            0.
        4620.   9.999394E-7            0.
        4630.   9.999394E-7            0.
        4640.   9.999394E-7            0.
        4650.   9.999394E-7            0.
        4660.   9.999394E-7            0.
        4670.   9.999394E-7            0.
        4680.   9.999394E-7            0.
        4690.   9.999394E-7            0.
        4700.   9.999394E-7            0.
        4710.   9.999394E-7            0.
        4720.   9.999394E-7            0.
        4730.   9.999394E-7            0.
        4740.   9.999394E-7            0.
        4750.   9.999394E-7            0.
        4760.   9.999394E-7            0.
        4770.   9.999394E-7            0.
        4780.   9.999394E-7            0.
        4790.   9.999394E-7            0.
        4800.   9.999394E-7            0.
        4810.   9.999394E-7            0.
        4820.   9.999394E-7            0.
        4830.   9.999394E-7            0.
        4840.   9.999394E-7            0.
        4850.   9.999394E-7            0.
        4860.   9.999394E-7            0.
        4870.   9.999394E-7            0.
        4880.   9.999394E-7            0.
        4890.   9.999394E-7            0.
        4900.   9.999394E-7            0.
        4910.   9.999394E-7            0.
        4920.   9.999394E-7            0.
        4930.   9.999394E-7            0.
        4940.   9.999394E-7            0.
        4950.   9.999394E-7            0.
        4960.   9.999394E-7            0.
        4970.   9.999394E-7            0.
        4980.   9.999394E-7            0.
        4990.   9.999394E-7            0.
        5000.   9.999394E-7            0.
        5010.   9.999394E-7            0.
        5020.   9.999394E-7            0.
        5030.   9.999394E-7            0.
        5040.   9.999394E-7            0.
        5050.   9.999394E-7            0.
        5060.   9.999394E-7            0.
        5070.   9.999394E-7            0.
        5080.   9.999394E-7            0.
        5090.   9.999394E-7            0.
        5100.   9.999394E-7            0.
        5110.   9.999394E-7            0.
        5120.   9.999394E-7            0.
        5130.   9.999394E-7            0.
        5140.   9.999394E-7            0.
        5150.   9.999394E-7            0.
        5160.   9.999394E-7            0.
        5170.   9.999394E-7            0.
        5180.   9.999394E-7            0.
        5190.   9.999394E-7            0.
        5200.   9.999394E-7            0.
        5210.   9.999394E-7            0.
        5220.   9.999394E-7            0.
        5230.   9.999394E-7            0.
        5240.   9.999394E-7            0.
        5250.   9.999394E-7            0.
        5260.   9.999394E-7            0.
        5270.   9.999394E-7            0.
        5280.   9.999394E-7            0.
        5290.   9.999394E-7            0.
        5300.   9.999394E-7            0.
        5310.   9.999394E-7            0.
        5320.   9.999394E-7            0.
        5330.   9.999394E-7            0.
        5340.   9.999394E-7            0.
        5350.   9.999394E-7            0.
        5360.   9.999394E-7            0.
        5370.   9.999394E-7            0.
        5380.   9.999394E-7            0.
        5390.   9.999394E-7            0.
        5400.   9.999394E-7            0.
        5410.   9.999394E-7            0.
        5420.   9.999394E-7            0.
        5430.   9.999394E-7            0.
        5440.   9.999394E-7            0.
        5450.   9.999394E-7            0.
        5460.   9.999394E-7            0.
        5470.   9.999394E-7            0.
        5480.   9.999394E-7            0.
        5490.   9.999394E-7            0.
        5500.   9.999394E-7            0.
        5510.   9.999394E-7            0.
        5520.   9.999394E-7            0.
        5530.   9.999394E-7            0.
        5540.   9.999394E-7            0.
        5550.   9.999394E-7            0.
        5560.   9.999394E-7            0.
        5570.   9.999394E-7            0.
        5580.   9.999394E-7            0.
        5590.   9.999394E-7            0.
        5600.   9.999394E-7            0.
        5610.   9.999394E-7            0.
        5620.   9.999394E-7            0.
        5630.   9.999394E-7            0.
        5640.   9.999394E-7            0.
        5650.   9.999394E-7            0.
        5660.   9.999394E-7            0.
        5670.   9.999394E-7            0.
        5680.   9.999394E-7            0.
        5690.   9.999394E-7            0.
        5700.   9.999394E-7            0.
        5710.   9.999394E-7            0.
        5720.   9.999394E-7            0.
        5730.   9.999394E-7            0.
        5740.   9.999394E-7            0.
        5750.   9.999394E-7            0.
        5760.   9.999394E-7            0.
        5770.   9.999394E-7            0.
        5780.   9.999394E-7            0.
        5790.   9.999394E-7            0.
        5800.   9.999394E-7            0.
        5810.   9.999394E-7            0.
        5820.   9.999394E-7            0.
        5830.   9.999394E-7            0.
        5840.   9.999394E-7            0.
        5850.   9.999394E-7            0.
        5860.   9.999394E-7            0.
        5870.   9.999394E-7            0.
        5880.   9.999394E-7            0.
        5890.   9.999394E-7            0.
        5900.   9.999394E-7            0.
        5910.   9.999394E-7            0.
        5920.   9.999394E-7            0.
        5930.   9.999394E-7            0.
        5940.   9.999394E-7            0.
        5950.   9.999394E-7            0.
        5960.   9.999394E-7            0.
        5970.   9.999394E-7            0.
        5980.   9.999394E-7            0.
        5990.   9.999394E-7            0.
        6000.   9.999394E-7            0.
        6010.   9.999394E-7            0.
        6020.   9.999394E-7            0.
        6030.   9.999394E-7            0.
        6040.   9.999394E-7            0.
        6050.   9.999394E-7            0.
        6060.   9.999394E-7            0.
        6070.   9.999394E-7            0.
        6080.   9.999394E-7            0.
        6090.   9.999394E-7            0.
        6100.   9.999394E-7            0.
        6110.   9.999394E-7            0.
        6120.   9.999394E-7            0.
        6130.   9.999394E-7            0.
        6140.   9.999394E-7            0.
        6150.   9.999394E-7            0.
        6160.   9.999394E-7            0.
        6170.   9.999394E-7            0.
        6180.   9.999394E-7            0.
        6190.   9.999394E-7            0.
        6200.   9.999394E-7            0.
        6210.   9.999394E-7            0.
        6220.   9.999394E-7            0.
        6230.   9.999394E-7            0.
        6240.   9.999394E-7            0.
        6250.   9.999394E-7            0.
        6260.   9.999394E-7            0.
        6270.   9.999394E-7            0.
        6280.   9.999394E-7            0.
        6290.   9.999394E-7            0.
        6300.   9.999394E-7            0.
        6310.   9.999394E-7            0.
        6320.   9.999394E-7            0.
        6330.   9.999394E-7            0.
        6340.   9.999394E-7            0.
        6350.   9.999394E-7            0.
        6360.   9.999394E-7            0.
        6370.   9.999394E-7            0.
        6380.   9.999394E-7            0.
        6390.   9.999394E-7            0.
        6400.   9.999394E-7            0.
        6410.   9.999394E-7            0.
        6420.   9.999394E-7            0.
        6430.   9.999394E-7            0.
        6440.   9.999394E-7            0.
        6450.   9.999394E-7            0.
        6460.   9.999394E-7            0.
        6470.   9.999394E-7            0.
        6480.   9.999394E-7            0.
        6490.   9.999394E-7            0.
        6500.   9.999394E-7            0.
        6510.   9.999394E-7            0.
        6520.   9.999394E-7            0.
        6530.   9.999394E-7            0.
        6540.   9.999394E-7            0.
        6550.   9.999394E-7            0.
        6560.   9.999394E-7            0.
        6570.   9.999394E-7            0.
        6580.   9.999394E-7            0.
        6590.   9.999394E-7            0.
        6600.   9.999394E-7            0.
        6610.   9.999394E-7            0.
        6620.   9.999394E-7            0.
        6630.   9.999394E-7            0.
        6640.   9.999394E-7            0.
        6650.   9.999394E-7            0.
        6660.   9.999394E-7            0.
        6670.   9.999394E-7            0.
        6680.   9.999394E-7            0.
        6690.   9.999394E-7            0.
        6700.   9.999394E-7            0.
        6710.   9.999394E-7            0.
        6720.   9.999394E-7            0.
        6730.   9.999394E-7            0.
        6740.   9.999394E-7            0.
        6750.   9.999394E-7            0.
        6760.   9.999394E-7            0.
        6770.   9.999394E-7            0.
        6780.   9.999394E-7            0.
        6790.   9.999394E-7            0.
        6800.   9.999394E-7            0.
        6810.   9.999394E-7            0.
        6820.   9.999394E-7            0.
        6830.   9.999394E-7            0.
        6840.   9.999394E-7            0.
        6850.   9.999394E-7            0.
        6860.   9.999394E-7            0.
        6870.   9.999394E-7            0.
        6880.   9.999394E-7            0.
        6890.   9.999394E-7            0.
        6900.   9.999394E-7            0.
        6910.   9.999394E-7            0.
        6920.   9.999394E-7            0.
        6930.   9.999394E-7            0.
        6940.   9.999394E-7            0.
        6950.   9.999394E-7            0.
        6960.   9.999394E-7            0.
        6970.   9.999394E-7            0.
        6980.   9.999394E-7            0.
        6990.   9.999394E-7            0.
        7000.   9.999394E-7            0.
        7010.   9.999394E-7            0.
        7020.   9.999394E-7            0.
        7030.   9.999394E-7            0.
        7040.   9.999394E-7            0.
        7050.   9.999394E-7            0.
        7060.   9.999394E-7            0.
        7070.   9.999394E-7            0.
        7080.   9.999394E-7            0.
        7090.   9.999394E-7            0.
        7100.   9.999394E-7            0.
        7110.   9.999394E-7            0.
        7120.   9.999394E-7            0.
        7130.   9.999394E-7            0.
        7140.   9.999394E-7            0.
        7150.   9.999394E-7            0.
        7160.   9.999394E-7            0.
        7170.   9.999394E-7            0.
        7180.   9.999394E-7            0.
        7190.   9.999394E-7            0.
        7200.   9.999394E-7            0.
        7210.   9.999394E-7            0.
        7220.   9.999394E-7            0.
        7230.   9.999394E-7            0.
        7240.   9.999394E-7            0.
        7250.   9.999394E-7            0.
        7260.   9.999394E-7            0.
        7270.   9.999394E-7            0.
        7280.   9.999394E-7            0.
        7290.   9.999394E-7            0.
        7300.   9.999394E-7            0.
        7310.   9.999394E-7            0.
        7320.   9.999394E-7            0.
        7330.   9.999394E-7            0.
        7340.   9.999394E-7            0.
        7350.   9.999394E-7            0.
        7360.   9.999394E-7            0.
        7370.   9.999394E-7            0.
        7380.   9.999394E-7            0.
        7390.   1.999879E-6            0.
        7400.   1.999879E-6            0.
        7410.   1.999879E-6            0.
        7420.   1.999879E-6            0.
        7430.   1.999879E-6            0.
        7440.   1.999879E-6            0.
        7450.   1.999879E-6            0.
        7460.   1.999879E-6            0.
        7470.   1.999879E-6            0.
        7480.   1.999879E-6            0.
        7490.   1.999879E-6            0.
        7500.   1.999879E-6            0.
        7510.   1.999879E-6            0.
        7520.   1.999879E-6            0.
        7530.   1.999879E-6            0.
        7540.   1.999879E-6            0.
        7550.   1.999879E-6            0.
        7560.   2.999818E-6            0.
        7570.   3.999758E-6            0.
        7580.   5.999636E-6            0.
        7590.   5.999636E-6            0.
        7600.   3.999758E-6            0.
        7610.   2.999818E-6            0.
        7620.   1.999879E-6            0.
        7630.   1.999879E-6            0.
        7640.   9.999394E-7            0.
        7650.   9.999394E-7            0.
        7660.   9.999394E-7            0.
        7670.   9.999394E-7            0.
        7680.   9.999394E-7            0.
        7690.   9.999394E-7            0.
        7700.   9.999394E-7            0.
        7710.   9.999394E-7            0.
        7720.   9.999394E-7            0.
        7730.   9.999394E-7            0.
        7740.   9.999394E-7            0.
        7750.   9.999394E-7            0.
        7760.   9.999394E-7            0.
        7770.   9.999394E-7            0.
        7780.   9.999394E-7            0.
        7790.   9.999394E-7            0.
        7800.   9.999394E-7            0.
        7810.   9.999394E-7            0.
        7820.   9.999394E-7            0.
        7830.   9.999394E-7            0.
        7840.   9.999394E-7            0.
        7850.   9.999394E-7            0.
        7860.   9.999394E-7            0.
        7870.   9.999394E-7            0.
        7880.   9.999394E-7            0.
        7890.   9.999394E-7            0.
        7900.   9.999394E-7            0.
        7910.   9.999394E-7            0.
        7920.   9.999394E-7            0.
        7930.   9.999394E-7            0.
        7940.   9.999394E-7            0.
        7950.   9.999394E-7            0.
        7960.   9.999394E-7            0.
        7970.   9.999394E-7            0.
        7980.   9.999394E-7            0.
        7990.   9.999394E-7            0.
        8000.   1.099933E-5            0.
        8010.   1.199927E-5            0.
        8020.   6.999576E-6            0.
        8030.   1.099933E-5            0.
        8040.   5.999636E-6            0.
        8050.   9.999394E-7            0.
        8060.   2.999818E-5            0.
        8070.   9.999394E-7            0.
        8080.   2.399855E-5            0.
        8090.   1.499909E-5            0.
        8100.   1.499909E-5            0.
        8110.   6.999576E-6            0.
        8120.   2.999818E-6            0.
        8130.            0.            0.
        8140.   1.099933E-5            0.
        8150.   3.999758E-6            0.
        8160.   8.999455E-6            0.
        8170.   3.199806E-5            0.
        8180.   9.999393E-6            0.
        8190.   3.999758E-6            0.
        8200.   2.999818E-6            0.
        8210.   8.999455E-6            0.
        8220.   7.999515E-6            0.
        8230.   7.999515E-6            0.
        8240.   9.999393E-6            0.
        8250.   8.999455E-6            0.
        8260.   2.299861E-5            0.
        8270.   7.999515E-6            0.
        8280.   2.799830E-5            0.
        8290.   1.399915E-5            0.
        8300.   7.999515E-6            0.
        8310.   2.499848E-5            0.
        8320.   1.299921E-5            0.
        8330.   7.999515E-6            0.
        8340.   9.999394E-7            0.
        8350.   3.499788E-5            0.
        8360.   1.199927E-5            0.
        8370.   5.999636E-6            0.
        8380.   2.999818E-6            0.
        8390.   4.999697E-6            0.
        8400.   9.999394E-7            0.
        8410.   4.999697E-6            0.
        8420.   9.999394E-7            0.
        8430.   1.099933E-5            0.
        8440.   6.999576E-6            0.
        8450.   7.999515E-6            0.
        8460.   2.999818E-6            0.
        8470.   9.999394E-7            0.
        8480.   9.999393E-6            0.
        8490.   9.999393E-6            0.
        8500.   2.999818E-6            0.
        8510.   1.799891E-5            0.
        8520.   2.999818E-6            0.
        8530.   2.999818E-6            0.
        8540.   8.999455E-6            0.
        8550.            0.            0.
        8560.   9.999394E-7            0.
        8570.   4.999697E-6            0.
        8580.   4.999697E-6            0.
        8590.   6.999576E-6            0.
        8600.   5.999636E-6            0.
        8610.   1.999879E-6            0.
        8620.   9.999394E-7            0.
        8630.   6.999576E-6            0.
        8640.   1.999879E-6            0.
        8650.   3.999758E-6            0.
        8660.   2.199867E-5            0.
        8670.   6.999576E-6            0.
        8680.            0.            0.
        8690.   4.999697E-6            0.
        8700.   9.999394E-7            0.
        8710.   2.999818E-6            0.
        8720.   9.999394E-7            0.
        8730.   1.799891E-5            0.
        8740.   3.199806E-5            0.
        8750.   5.999636E-6            0.
        8760.   3.999758E-6            0.
        8770.   1.699897E-5            0.
        8780.   1.799891E-5            0.
        8790.   2.999818E-6            0.
        8800.   9.999394E-7            0.
        8810.   7.999515E-6            0.
        8820.   9.999394E-7            0.
        8830.   1.999879E-6            0.
        8840.   2.999818E-6            0.
        8850.   2.999818E-6            0.
        8860.   9.999394E-7            0.
        8870.   1.099933E-5            0.
        8880.   3.999758E-6            0.
        8890.   9.999394E-7            0.
        8900.   5.999636E-6            0.
        8910.   8.999455E-6            0.
        8920.   3.999758E-6            0.
        8930.   1.999879E-6            0.
        8940.   3.999758E-6            0.
        8950.   9.999394E-7            0.
        8960.   2.999818E-6            0.
        8970.   1.399915E-5            0.
        8980.   3.399794E-5            0.
        8990.   1.999879E-6            0.
        9000.   6.999576E-6            0.
        9010.   9.999393E-6            0.
        9020.   1.999879E-6            0.
        9030.   9.999394E-7            0.
        9040.   3.999758E-6            0.
        9050.   2.599842E-5            0.
        9060.   1.699897E-5            0.
        9070.   4.599721E-5            0.
        9080.   3.999757E-5            0.
        9090.   9.999393E-6            0.
        9100.   4.999697E-6            0.
        9110.   3.899763E-5            0.
        9120.   2.699836E-5            0.
        9130.   1.999879E-6            0.
        9140.   9.999393E-6            0.
        9150.   9.999393E-6            0.
        9160.   2.499848E-5            0.
        9170.   1.199927E-5            0.
        9180.   8.999455E-6            0.
        9190.   4.999697E-6            0.
        9200.   5.999636E-6            0.
        9210.   1.499909E-5            0.
        9220.   1.299921E-5            0.
        9230.   8.999455E-6            0.
        9240.   1.399915E-5            0.
        9250.   7.999515E-6            0.
        9260.   2.999818E-6            0.
        9270.   6.199624E-5            0.
        9280.   1.799891E-5            0.
        9290.   1.999879E-6            0.
        9300.   9.999394E-7            0.
        9310.   1.999879E-6            0.
        9320.   3.399794E-5            0.
        9330.   2.499848E-5            0.
        9340.   1.799891E-5            0.
        9350.   3.499788E-5            0.
        9360.   8.999455E-6            0.
        9370.   1.099933E-5            0.
        9380.   1.699897E-5            0.
        9390.            0.            0.
        9400.   2.999818E-6            0.
        9410.   4.999697E-6            0.
        9420.   3.399794E-5            0.
        9430.   1.399915E-5            0.
        9440.   9.999394E-7            0.
        9450.   3.999758E-6            0.
        9460.   2.199867E-5            0.
        9470.   3.999758E-6            0.
        9480.   7.999515E-6            0.
        9490.   2.399855E-5            0.
        9500.   3.699776E-5            0.
        9510.   2.299861E-5            0.
        9520.   3.999757E-5            0.
        9530.   3.999758E-6            0.
        9540.   1.399915E-5            0.
        9550.   3.599782E-5            0.
        9560.   3.099812E-5            0.
        9570.   2.799830E-5            0.
        9580.   2.299861E-5            0.
        9590.   3.499788E-5            0.
        9600.   3.899763E-5            0.
        9610.   3.799770E-5            0.
        9620.   5.499667E-5            0.
        9630.   3.199806E-5            0.
        9640.   2.499848E-5            0.
        9650.   3.099812E-5            0.
        9660.   4.599721E-5            0.
        9670.   5.799649E-5            0.
        9680.   5.999636E-5            0.
        9690.   6.299618E-5            0.
        9700.   8.499485E-5            0.
        9710.   1.019938E-4            0.
        9720.   8.299497E-5            0.
        9730.   1.189928E-4            0.
        9740.   1.359918E-4            0.
        9750.   1.059936E-4            0.
        9760.   1.449912E-4            0.
        9770.   1.599903E-4            0.
        9780.   2.219865E-4            0.
        9790.   2.759833E-4            0.
        9800.   3.229804E-4            0.
        9810.   4.129750E-4            0.
        9820.   5.409672E-4            0.
        9830.   6.629598E-4            0.
        9840.   8.499485E-4            0.
        9850.   0.001208927            0.
        9860.   0.001584904            0.
        9870.   0.002275862            0.
        9880.   0.003188807            0.
        9890.   0.004772711            0.
        9900.   0.006889582            0.
        9920.    0.01041237            0.
        9930.    0.01695697            0.
        9940.    0.02819729            0.
        9950.    0.04644918            0.
        9960.    0.07896221            0.
        9970.     0.1309921            0.
        9980.     0.2156369            0.
        9990.     0.3328198            0.
       10000.     0.4677417            0.
       10010.     0.5799049            0.
       10020.     0.6469708            0.
       10030.      0.675339            0.
       10040.     0.6874583            0.
       10050.     0.7004176            0.
       10060.     0.7222062            0.
       10070.     0.7546243            0.
       10080.     0.7931819            0.
       10090.     0.8349694            0.
       10100.     0.8731971            0.
       10110.     0.9093149            0.
       10120.     0.9332134            0.
       10130.     0.9482425            0.
       10140.     0.9515223            0.
       10150.     0.9486725            0.
       10160.     0.9383031            0.
       10170.     0.9249639            0.
       10180.     0.9134246            0.
       10190.     0.9003354            0.
       10200.      0.890536            0.
       10210.     0.8833065            0.
       10220.     0.8792067            0.
       10230.     0.8786667            0.
       10240.     0.8779868            0.
       10250.     0.8799466            0.
       10260.     0.8867962            0.
       10270.     0.8923159            0.
       10280.     0.8989655            0.
       10290.     0.9049152            0.
       10300.     0.9103748            0.
       10310.     0.9162945            0.
       10320.     0.9215642            0.
       10330.     0.9270238            0.
       10340.     0.9312536            0.
       10350.     0.9320635            0.
       10360.     0.9352733            0.
       10370.     0.9349933            0.
       10380.     0.9378231            0.
       10390.     0.9380231            0.
       10400.     0.9367832            0.
       10410.     0.9375432            0.
       10420.     0.9377431            0.
       10430.     0.9359432            0.
       10440.     0.9367132            0.
       10450.     0.9346233            0.
       10460.     0.9346633            0.
       10470.     0.9331434            0.
       10480.     0.9339334            0.
       10490.     0.9342134            0.
       10500.     0.9329435            0.
       10510.     0.9328234            0.
       10520.     0.9302836            0.
       10530.     0.9291736            0.
       10540.     0.9256739            0.
       10550.      0.923694            0.
       10560.     0.9219841            0.
       10570.     0.9196743            0.
       10580.     0.9166244            0.
       10590.     0.9158744            0.
       10600.     0.9132846            0.
       10610.     0.9132646            0.
       10620.     0.9126847            0.
       10630.     0.9094648            0.
       10640.     0.9083549            0.
       10650.     0.9050452            0.
       10660.     0.9022853            0.
       10670.     0.8996555            0.
       10680.     0.8966256            0.
       10690.     0.8967856            0.
       10700.     0.8963556            0.
       10710.     0.8942658            0.
       10720.     0.8922459            0.
       10730.     0.8876362            0.
       10740.     0.8797467            0.
       10750.     0.8691173            0.
       10760.     0.8554282            0.
       10770.      0.841449            0.
       10780.     0.8316196            0.
       10790.     0.8238201            0.
       10800.       0.82568            0.
       10810.     0.8339295            0.
       10820.     0.8537983            0.
       10830.     0.8829165            0.
       10840.     0.9141245            0.
       10850.     0.9418529            0.
       10860.     0.9408029            0.
       10870.     0.8871062            0.
       10880.     0.7729931            0.
       10890.     0.6016335            0.
       10900.     0.4372035            0.
       10910.     0.2882725            0.
       10920.     0.1892685            0.
       10930.     0.1187028            0.
       10940.    0.07789627            0.
       10950.    0.04991398            0.
       10960.    0.03371995            0.
       10970.    0.02221665            0.
       10980.    0.01540407            0.
       10990.    0.01040337            0.
       11000.    0.00759554            0.
