        2220.   1.080908E-9            0.
        2230.   9.836208E-7            0.
        2240.   6.485448E-6            0.
        2250.   1.405180E-5            0.
        2260.   4.647904E-5            0.
        2270.   1.167380E-4            0.
        2280.   3.037351E-4            0.
        2290.   6.334120E-4            0.
        2300.   0.001338164            0.
        2310.   0.002425557            0.
        2320.   0.004411186            0.
        2330.   0.007010769            0.
        2340.    0.01122307            0.
        2350.    0.01584827            0.
        2360.    0.02302874            0.
        2370.    0.03185976            0.
        2380.    0.04291313            0.
        2390.    0.05557704            0.
        2400.    0.07082325            0.
        2410.    0.08720981            0.
        2420.     0.1057171            0.
        2430.     0.1251691            0.
        2440.     0.1466381            0.
        2450.     0.1680585            0.
        2460.      0.190804            0.
        2470.     0.2124081            0.
        2480.     0.2359654            0.
        2490.     0.2575696            0.
        2500.     0.2806502            0.
        2510.     0.3009615            0.
        2520.     0.3229591            0.
        2530.     0.3414015            0.
        2540.     0.3612265            0.
        2550.     0.3774217            0.
        2560.     0.3951508            0.
        2570.     0.4088578            0.
        2580.     0.4236067            0.
        2590.     0.4348287            0.
        2600.     0.4461599            0.
        2610.     0.4555897            0.
        2620.     0.4648877            0.
        2630.     0.4729739            0.
        2640.     0.4802831            0.
        2650.     0.4861005            0.
        2660.      0.490556            0.
        2670.     0.4942322            0.
        2680.     0.4977343            0.
        2690.     0.5012376            0.
        2700.     0.5066637            0.
        2710.     0.5107928            0.
        2720.     0.5144246            0.
        2730.     0.5161541            0.
        2740.     0.5172133            0.
        2750.     0.5176674            0.
        2760.     0.5180349            0.
        2770.     0.5176663            0.
        2780.     0.5170609            0.
        2790.      0.515698            0.
        2800.     0.5146819            0.
        2810.     0.5131686            0.
        2820.     0.5113322            0.
        2830.     0.5094287            0.
        2840.      0.507829            0.
        2850.     0.5067686            0.
        2860.     0.5047797            0.
        2870.     0.5036771            0.
        2880.     0.5016894            0.
        2890.     0.5001545            0.
        2900.     0.4975149            0.
        2910.     0.4946408            0.
        2920.     0.4927384            0.
        2930.     0.4900577            0.
        2940.     0.4871176            0.
        2950.     0.4847613            0.
        2960.     0.4820806            0.
        2970.     0.4796161            0.
        2980.     0.4762005            0.
        2990.     0.4736052            0.
        3000.     0.4703841            0.
        3010.     0.4672051            0.
        3020.     0.4641148            0.
        3030.      0.461218            0.
        3040.     0.4577148            0.
        3050.     0.4543197            0.
        3060.     0.4504922            0.
        3070.     0.4468819            0.
        3080.     0.4428404            0.
        3090.      0.438774            0.
        3100.     0.4344731            0.
        3110.     0.4302997            0.
        3120.     0.4255426            0.
        3130.     0.4203737            0.
        3140.     0.4150784            0.
        3150.     0.4102121            0.
        3160.     0.4042217            0.
        3170.     0.3988377            0.
        3180.     0.3927382            0.
        3190.     0.3869651            0.
        3200.     0.3802385            0.
        3210.     0.3743141            0.
        3220.     0.3673087            0.
        3230.     0.3609746            0.
        3240.     0.3537087            0.
        3250.     0.3471995            0.
        3260.     0.3395208            0.
        3270.     0.3323846            0.
        3280.     0.3243837            0.
        3290.     0.3174616            0.
        3300.     0.3096607            0.
        3310.     0.3023905            0.
        3320.     0.2941096            0.
        3330.     0.2867551            0.
        3340.     0.2784083            0.
        3350.     0.2714019            0.
        3360.     0.2634011            0.
        3370.     0.2560304            0.
        3380.     0.2480078            0.
        3390.     0.2415213            0.
        3400.     0.2314516            0.
        3410.     0.2242754            0.
        3420.      0.217523            0.
        3430.     0.2103295            0.
        3440.     0.2036647            0.
        3450.     0.1966442            0.
        3460.     0.1902819            0.
        3470.       0.18363            0.
        3480.     0.1776364            0.
        3490.     0.1712201            0.
        3500.     0.1654881            0.
        3510.     0.1593529            0.
        3520.     0.1539213            0.
        3530.     0.1480487            0.
        3540.      0.142855            0.
        3550.     0.1372613            0.
        3560.     0.1324145            0.
        3570.      0.127211            0.
        3580.     0.1224734            0.
        3590.     0.1175293            0.
        3600.     0.1130284            0.
        3610.     0.1082356            0.
        3620.     0.1039725            0.
        3630.    0.09946082            0.
        3640.    0.09541499            0.
        3650.    0.09113999            0.
        3660.    0.08726818            0.
        3670.    0.08318776            0.
        3680.    0.07948889            0.
        3690.    0.07564626            0.
        3700.    0.07220682            0.
        3710.     0.0686182            0.
        3720.    0.06522631            0.
        3730.    0.06174687            0.
        3740.    0.05846307            0.
        3750.    0.05511225            0.
        3760.    0.05193871            0.
        3770.    0.04865275            0.
        3780.    0.04554298            0.
        3790.     0.0423878            0.
        3800.    0.03936343            0.
        3810.    0.03629473            0.
        3830.    0.02646603            0.
        3840.    0.02418207            0.
        3850.    0.02168193            0.
        3860.    0.01958822            0.
        3870.    0.01730642            0.
        3880.    0.01541375            0.
        3890.    0.01336867            0.
        3900.    0.01173326            0.
        3910.    0.01000164            0.
        3920.   0.008621322            0.
        3930.   0.007197766            0.
        3940.   0.006106049            0.
        3950.   0.005010008            0.
        3960.   0.004177709            0.
        3970.   0.003361624            0.
        3980.   0.002762801            0.
        3990.   0.002186677            0.
        4000.   0.001770527            0.
        4010.   0.001378158            0.
        4020.   0.001101445            0.
        4030.   8.474318E-4            0.
        4040.   6.701629E-4            0.
        4050.   5.112694E-4            0.
        4060.   4.020978E-4            0.
        4070.   3.058969E-4            0.
        4080.   2.410425E-4            0.
        4090.   1.837544E-4            0.
        4100.   1.448417E-4            0.
        4110.   1.113335E-4            0.
        4120.   8.755354E-5            0.
        4130.   6.701629E-5            0.
        4140.   5.404539E-5            0.
        4150.   4.215541E-5            0.
        4160.   3.350815E-5            0.
        4170.   2.810361E-5            0.
        4180.   2.161816E-5            0.
        4190.   1.837543E-5            0.
        4200.   1.405180E-5            0.
        4210.   1.188999E-5            0.
        4220.   9.728172E-6            0.
        4230.   7.566356E-6            0.
        4240.   6.485448E-6            0.
        4250.   5.404539E-6            0.
        4260.   4.323632E-6            0.
        4270.   4.323632E-6            0.
        4280.   3.242724E-6            0.
        4290.   3.242724E-6            0.
        4300.   3.242724E-6            0.
        4310.   2.161816E-6            0.
        4320.   2.161816E-6            0.
        4330.   2.161816E-6            0.
        4340.   2.161816E-6            0.
        4350.   2.161816E-6            0.
        4360.   2.161816E-6            0.
        4370.   2.161816E-6            0.
        4380.   2.161816E-6            0.
        4390.   2.161816E-6            0.
        4400.   2.161816E-6            0.
        4410.   2.161816E-6            0.
        4420.   2.161816E-6            0.
        4430.   2.161816E-6            0.
        4440.   2.161816E-6            0.
        4450.   2.161816E-6            0.
        4460.   2.161816E-6            0.
        4470.   2.161816E-6            0.
        4480.   2.161816E-6            0.
        4490.   2.161816E-6            0.
        4500.   2.161816E-6            0.
        4510.   2.161816E-6            0.
        4520.   2.161816E-6            0.
        4530.   2.161816E-6            0.
        4540.   2.161816E-6            0.
        4550.   2.161816E-6            0.
        4560.   2.161816E-6            0.
        4570.   2.161816E-6            0.
        4580.   2.161816E-6            0.
        4590.   2.161816E-6            0.
        4600.   2.161816E-6            0.
        4610.   2.161816E-6            0.
        4620.   2.161816E-6            0.
        4630.   2.161816E-6            0.
        4640.   1.080908E-6            0.
        4650.   1.080908E-6            0.
        4660.   1.080908E-6            0.
        4670.   1.080908E-6            0.
        4680.   1.080908E-6            0.
        4690.   1.080908E-6            0.
        4700.   1.080908E-6            0.
        4710.   1.080908E-6            0.
        4720.   1.080908E-6            0.
        4730.   1.080908E-6            0.
        4740.   1.080908E-6            0.
        4750.   1.080908E-6            0.
        4760.   1.080908E-6            0.
        4770.   1.080908E-6            0.
        4780.   1.080908E-6            0.
        4790.   1.080908E-6            0.
        4800.   1.080908E-6            0.
        4810.   1.080908E-6            0.
        4820.            0.            0.
        4830.   1.080908E-6            0.
        4840.            0.            0.
        4850.            0.            0.
        4860.            0.            0.
        4870.            0.            0.
        4880.            0.            0.
        4890.            0.            0.
        4900.            0.            0.
        4910.            0.            0.
        4920.            0.            0.
        4930.            0.            0.
        4940.            0.            0.
        4950.            0.            0.
        4960.            0.            0.
        4970.            0.            0.
        4980.            0.            0.
        4990.            0.            0.
        5000.            0.            0.
        5010.            0.            0.
        5020.            0.            0.
        5030.            0.            0.
        5040.            0.            0.
        5050.            0.            0.
        5060.            0.            0.
        5070.            0.            0.
        5080.            0.            0.
        5090.            0.            0.
        5100.            0.            0.
        5110.   3.430510E-7            0.
        5120.   3.385923E-7            0.
        5130.   3.341346E-7            0.
        5140.   3.296758E-7            0.
        5150.   3.252182E-7            0.
        5160.   3.207594E-7            0.
        5170.   3.163018E-7            0.
        5180.   3.118430E-7            0.
        5190.   3.073854E-7            0.
        5200.   3.029266E-7            0.
        5210.   3.022402E-7            0.
        5220.   3.015528E-7            0.
        5230.   3.008664E-7            0.
        5240.   3.001790E-7            0.
        5250.   2.994926E-7            0.
        5260.   2.988062E-7            0.
        5270.   2.981187E-7            0.
        5280.   2.974323E-7            0.
        5290.   2.967449E-7            0.
        5300.   2.960585E-7            0.
        5310.   2.924353E-7            0.
        5320.   2.888121E-7            0.
        5330.   2.851889E-7            0.
        5340.   2.815657E-7            0.
        5350.   2.779425E-7            0.
        5360.   2.743193E-7            0.
        5370.   2.706961E-7            0.
        5380.   2.670729E-7            0.
        5390.   2.634497E-7            0.
        5400.   2.598265E-7            0.
        5410.   2.568648E-7            0.
        5420.   2.539042E-7            0.
        5430.   2.509425E-7            0.
        5440.   2.479808E-7            0.
        5450.   2.450192E-7            0.
        5460.   2.420574E-7            0.
        5470.   2.390958E-7            0.
        5480.   2.361352E-7            0.
        5490.   2.331735E-7            0.
        5500.   2.302118E-7            0.
        5510.   2.274219E-7            0.
        5520.   2.246310E-7            0.
        5530.   2.218412E-7            0.
        5540.   2.190514E-7            0.
        5550.   2.162616E-7            0.
        5560.   2.134707E-7            0.
        5570.   2.106808E-7            0.
        5580.   2.078910E-7            0.
        5590.   2.051012E-7            0.
        5600.   2.023103E-7            0.
        5610.   1.995205E-7            0.
        5620.   1.967306E-7            0.
        5630.   1.939408E-7            0.
        5640.   1.911499E-7            0.
        5650.   1.883601E-7            0.
        5660.   1.855703E-7            0.
        5670.   1.827794E-7            0.
        5680.   1.799895E-7            0.
        5690.   1.771997E-7            0.
        5700.   1.744099E-7            0.
        5710.   1.716190E-7            0.
        5720.   1.688292E-7            0.
        5730.   1.660393E-7            0.
        5740.   1.632495E-7            0.
        5750.   1.604586E-7            0.
        5760.   1.576688E-7            0.
        5770.   1.548790E-7            0.
        5780.   1.520891E-7            0.
        5790.   1.492982E-7            0.
        5800.   1.465084E-7            0.
        5810.   1.459647E-7            0.
        5820.   1.454210E-7            0.
        5830.   1.448773E-7            0.
        5840.   1.443347E-7            0.
        5850.   1.437910E-7            0.
        5860.   1.432473E-7            0.
        5870.   1.427036E-7            0.
        5880.   1.421599E-7            0.
        5890.   1.416162E-7            0.
        5900.   1.410725E-7            0.
        5910.   1.409093E-7            0.
        5920.   1.407461E-7            0.
        5930.   1.405829E-7            0.
        5940.   1.404197E-7            0.
        5950.   1.402565E-7            0.
        5960.   1.400932E-7            0.
        5970.   1.399300E-7            0.
        5980.   1.397668E-7            0.
        5990.   1.396047E-7            0.
        6000.   1.394414E-7            0.
        6010.   1.384567E-7            0.
        6020.   1.374720E-7            0.
        6030.   1.364873E-7            0.
        6040.   1.355026E-7            0.
        6050.   1.345179E-7            0.
        6060.   1.335332E-7            0.
        6070.   1.325474E-7            0.
        6080.   1.315627E-7            0.
        6090.   1.305780E-7            0.
        6100.   1.295933E-7            0.
        6110.   1.291361E-7            0.
        6120.   1.286778E-7            0.
        6130.   1.282205E-7            0.
        6140.   1.277622E-7            0.
        6150.   1.273050E-7            0.
        6160.   1.268467E-7            0.
        6170.   1.263895E-7            0.
        6180.   1.259312E-7            0.
        6190.   1.254740E-7            0.
        6200.   1.250156E-7            0.
        6210.   1.250664E-7            0.
        6220.   1.251162E-7            0.
        6230.   1.251670E-7            0.
        6240.   1.252167E-7            0.
        6250.   1.252675E-7            0.
        6260.   1.253172E-7            0.
        6270.   1.253680E-7            0.
        6280.   1.254178E-7            0.
        6290.   1.254685E-7            0.
        6300.   1.255183E-7            0.
        6310.   1.250956E-7            0.
        6320.   1.246719E-7            0.
        6330.   1.242493E-7            0.
        6340.   1.238256E-7            0.
        6350.   1.234029E-7            0.
        6360.   1.229792E-7            0.
        6370.   1.225566E-7            0.
        6380.   1.221329E-7            0.
        6390.   1.217102E-7            0.
        6400.   1.212865E-7            0.
        6410.   1.248027E-7            0.
        6420.   1.283178E-7            0.
        6430.   1.318329E-7            0.
        6440.   1.353480E-7            0.
        6450.   1.388643E-7            0.
        6460.   1.423794E-7            0.
        6470.   1.458945E-7            0.
        6480.   1.494096E-7            0.
        6490.   1.529258E-7            0.
        6500.   1.564409E-7            0.
        6510.   2.198761E-7            0.
        6520.   2.833103E-7            0.
        6530.   3.467445E-7            0.
        6540.   4.101797E-7            0.
        6550.   4.736139E-7            0.
        6560.   5.370491E-7            0.
        6570.   6.004843E-7            0.
        6580.   6.639185E-7            0.
        6590.   1.080908E-6            0.
        6600.   1.080908E-6            0.
        6610.   1.080908E-6            0.
        6620.   1.080908E-6            0.
        6630.   2.161816E-6            0.
        6640.   2.161816E-6            0.
        6650.   3.242724E-6            0.
        6660.   4.323632E-6            0.
        6670.   5.404539E-6            0.
        6680.   7.566356E-6            0.
        6690.   9.728172E-6            0.
        6700.   1.188999E-5            0.
        6710.   1.513271E-5            0.
        6720.   1.837543E-5            0.
        6730.   2.161816E-5            0.
        6740.   2.702270E-5            0.
        6750.   3.134633E-5            0.
        6760.   3.783178E-5            0.
        6770.   4.323632E-5            0.
        6780.   5.080268E-5            0.
        6790.   5.728812E-5            0.
        6800.   6.593538E-5            0.
        6810.   7.350174E-5            0.
        6820.   8.322990E-5            0.
        6830.   9.187718E-5            0.
        6840.   1.026863E-4            0.
        6850.   1.124144E-4            0.
        6860.   1.232235E-4            0.
        6870.   1.329517E-4            0.
        6880.   1.448417E-4            0.
        6890.   1.556507E-4            0.
        6900.   1.675407E-4            0.
        6910.   1.761880E-4            0.
        6920.   1.880780E-4            0.
        6930.   1.978061E-4            0.
        6940.   2.086152E-4            0.
        6950.   2.172625E-4            0.
        6960.   2.269907E-4            0.
        6970.   2.356379E-4            0.
        6980.   2.432043E-4            0.
        6990.   2.496897E-4            0.
        7000.   2.572561E-4            0.
        7010.   2.637415E-4            0.
        7020.   2.691461E-4            0.
        7030.   2.745506E-4            0.
        7040.   2.810361E-4            0.
        7050.   2.853597E-4            0.
        7060.   2.896833E-4            0.
        7070.   2.940070E-4            0.
        7080.   2.983306E-4            0.
        7090.   3.015733E-4            0.
        7100.   3.048160E-4            0.
        7110.   3.080587E-4            0.
        7120.   3.091397E-4            0.
        7130.   3.123824E-4            0.
        7140.   3.123824E-4            0.
        7150.   3.145442E-4            0.
        7160.   3.145442E-4            0.
        7170.   3.145442E-4            0.
        7180.   3.134633E-4            0.
        7190.   3.134633E-4            0.
        7200.   3.123824E-4            0.
        7210.   3.113015E-4            0.
        7220.   3.102206E-4            0.
        7230.   3.080587E-4            0.
        7240.   3.069779E-4            0.
        7250.   3.048160E-4            0.
        7260.   3.026542E-4            0.
        7270.   2.994115E-4            0.
        7280.   2.961688E-4            0.
        7290.   2.940070E-4            0.
        7300.   2.918451E-4            0.
        7310.   2.875215E-4            0.
        7320.   2.853597E-4            0.
        7330.   2.842788E-4            0.
        7340.   2.799552E-4            0.
        7350.   2.767124E-4            0.
        7360.   2.745506E-4            0.
        7370.   2.691461E-4            0.
        7380.   2.669843E-4            0.
        7390.   2.626606E-4            0.
        7400.   2.604988E-4            0.
        7410.   2.572561E-4            0.
        7420.   2.550943E-4            0.
        7430.   2.507707E-4            0.
        7440.   2.475279E-4            0.
        7450.   2.442852E-4            0.
        7460.   2.421234E-4            0.
        7470.   2.388806E-4            0.
        7480.   2.356379E-4            0.
        7490.   2.323952E-4            0.
        7500.   2.291525E-4            0.
        7510.   2.259098E-4            0.
        7520.   2.226670E-4            0.
        7530.   2.205052E-4            0.
        7540.   2.172625E-4            0.
        7550.   2.161816E-4            0.
        7560.   2.118579E-4            0.
        7570.   2.086152E-4            0.
        7580.   2.053725E-4            0.
        7590.   2.053725E-4            0.
        7600.   2.021298E-4            0.
        7610.   1.999680E-4            0.
        7620.   1.967252E-4            0.
        7630.   1.945634E-4            0.
        7640.   1.913207E-4            0.
        7650.   1.902398E-4            0.
        7660.   1.869971E-4            0.
        7670.   1.859162E-4            0.
        7680.   1.826735E-4            0.
        7690.   1.815925E-4            0.
        7700.   1.794307E-4            0.
        7710.   1.772689E-4            0.
        7720.   1.751071E-4            0.
        7730.   1.740262E-4            0.
        7740.   1.718644E-4            0.
        7750.   1.697025E-4            0.
        7760.   1.686216E-4            0.
        7770.   1.664598E-4            0.
        7780.   1.653789E-4            0.
        7790.   1.642980E-4            0.
        7800.   1.610553E-4            0.
        7810.   1.599744E-4            0.
        7820.   1.588935E-4            0.
        7830.   1.567317E-4            0.
        7840.   1.567317E-4            0.
        7850.   1.545698E-4            0.
        7860.   1.534889E-4            0.
        7870.   1.524080E-4            0.
        7880.   1.513271E-4            0.
        7890.   1.502462E-4            0.
        7900.   1.491653E-4            0.
        7910.   1.470035E-4            0.
        7920.   1.459226E-4            0.
        7930.   1.459226E-4            0.
        7940.   1.448417E-4            0.
        7950.   1.437607E-4            0.
        7960.   1.426799E-4            0.
        7970.   1.426799E-4            0.
        7980.   1.415989E-4            0.
        7990.   1.405180E-4            0.
        8000.   1.295955E-4            0.
        8010.   1.292928E-4            0.
        8020.   1.289891E-4            0.
        8030.   1.286864E-4            0.
        8040.   1.283838E-4            0.
        8050.   1.280811E-4            0.
        8060.   1.277774E-4            0.
        8070.   1.274747E-4            0.
        8080.   1.271721E-4            0.
        8090.   1.268694E-4            0.
        8100.   1.265668E-4            0.
        8110.   1.265905E-4            0.
        8120.   1.266154E-4            0.
        8130.   1.266392E-4            0.
        8140.   1.266640E-4            0.
        8150.   1.266889E-4            0.
        8160.   1.267127E-4            0.
        8170.   1.267375E-4            0.
        8180.   1.267613E-4            0.
        8190.   1.267862E-4            0.
        8200.   1.268110E-4            0.
        8210.   1.269634E-4            0.
        8220.   1.271169E-4            0.
        8230.   1.272693E-4            0.
        8240.   1.274228E-4            0.
        8250.   1.275752E-4            0.
        8260.   1.277287E-4            0.
        8270.   1.278811E-4            0.
        8280.   1.280346E-4            0.
        8290.   1.281870E-4            0.
        8300.   1.283405E-4            0.
        8310.   1.284929E-4            0.
        8320.   1.286464E-4            0.
        8330.   1.287988E-4            0.
        8340.   1.289523E-4            0.
        8350.   1.291047E-4            0.
        8360.   1.292582E-4            0.
        8370.   1.294106E-4            0.
        8380.   1.295641E-4            0.
        8390.   1.297165E-4            0.
        8400.   1.298700E-4            0.
        8410.   1.299403E-4            0.
        8420.   1.300116E-4            0.
        8430.   1.300819E-4            0.
        8440.   1.301521E-4            0.
        8450.   1.302224E-4            0.
        8460.   1.302937E-4            0.
        8470.   1.303640E-4            0.
        8480.   1.304342E-4            0.
        8490.   1.305056E-4            0.
        8500.   1.305758E-4            0.
        8510.   1.305153E-4            0.
        8520.   1.304559E-4            0.
        8530.   1.303953E-4            0.
        8540.   1.303359E-4            0.
        8550.   1.302754E-4            0.
        8560.   1.302148E-4            0.
        8570.   1.301554E-4            0.
        8580.   1.300948E-4            0.
        8590.   1.300354E-4            0.
        8600.   1.299749E-4            0.
        8610.   1.300700E-4            0.
        8620.   1.301662E-4            0.
        8630.   1.302613E-4            0.
        8640.   1.303575E-4            0.
        8650.   1.304526E-4            0.
        8660.   1.305477E-4            0.
        8670.   1.306439E-4            0.
        8680.   1.307391E-4            0.
        8690.   1.308353E-4            0.
        8700.   1.309304E-4            0.
        8710.   1.308688E-4            0.
        8720.   1.308082E-4            0.
        8730.   1.307466E-4            0.
        8740.   1.306861E-4            0.
        8750.   1.306256E-4            0.
        8760.   1.305640E-4            0.
        8770.   1.305034E-4            0.
        8780.   1.304418E-4            0.
        8790.   1.303813E-4            0.
        8800.   1.303197E-4            0.
        8810.   1.304256E-4            0.
        8820.   1.305315E-4            0.
        8830.   1.306374E-4            0.
        8840.   1.307434E-4            0.
        8850.   1.308493E-4            0.
        8860.   1.309563E-4            0.
        8870.   1.310622E-4            0.
        8880.   1.311682E-4            0.
        8890.   1.312741E-4            0.
        8900.   1.313800E-4            0.
        8910.   1.312482E-4            0.
        8920.   1.311163E-4            0.
        8930.   1.309844E-4            0.
        8940.   1.308526E-4            0.
        8950.   1.307218E-4            0.
        8960.   1.305899E-4            0.
        8970.   1.304580E-4            0.
        8980.   1.303262E-4            0.
        8990.   1.301943E-4            0.
        9000.   1.300624E-4            0.
        9010.   1.301954E-4            0.
        9020.   1.303294E-4            0.
        9030.   1.304623E-4            0.
        9040.   1.305964E-4            0.
        9050.   1.307293E-4            0.
        9060.   1.308623E-4            0.
        9070.   1.309963E-4            0.
        9080.   1.311293E-4            0.
        9090.   1.312633E-4            0.
        9100.   1.313963E-4            0.
        9110.   1.312882E-4            0.
        9120.   1.311801E-4            0.
        9130.   1.310720E-4            0.
        9140.   1.309639E-4            0.
        9150.   1.308569E-4            0.
        9160.   1.307488E-4            0.
        9170.   1.306407E-4            0.
        9180.   1.305326E-4            0.
        9190.   1.304245E-4            0.
        9200.   1.303164E-4            0.
        9210.   1.304667E-4            0.
        9220.   1.306169E-4            0.
        9230.   1.307672E-4            0.
        9240.   1.309174E-4            0.
        9250.   1.310666E-4            0.
        9260.   1.312168E-4            0.
        9270.   1.313671E-4            0.
        9280.   1.315173E-4            0.
        9290.   1.316676E-4            0.
        9300.   1.318178E-4            0.
        9310.   1.318762E-4            0.
        9320.   1.319345E-4            0.
        9330.   1.319929E-4            0.
        9340.   1.320513E-4            0.
        9350.   1.321107E-4            0.
        9360.   1.321691E-4            0.
        9370.   1.322275E-4            0.
        9380.   1.322858E-4            0.
        9390.   1.323442E-4            0.
        9400.   1.324026E-4            0.
        9410.   1.324674E-4            0.
        9420.   1.325323E-4            0.
        9430.   1.325971E-4            0.
        9440.   1.326620E-4            0.
        9450.   1.327269E-4            0.
        9460.   1.327928E-4            0.
        9470.   1.328576E-4            0.
        9480.   1.329225E-4            0.
        9490.   1.329873E-4            0.
        9500.   1.330522E-4            0.
        9510.   1.332868E-4            0.
        9520.   1.335213E-4            0.
        9530.   1.337559E-4            0.
        9540.   1.339904E-4            0.
        9550.   1.342250E-4            0.
        9560.   1.344585E-4            0.
        9570.   1.346930E-4            0.
        9580.   1.349276E-4            0.
        9590.   1.351621E-4            0.
        9600.   1.353967E-4            0.
        9610.   1.353491E-4            0.
        9620.   1.353016E-4            0.
        9630.   1.352529E-4            0.
        9640.   1.352054E-4            0.
        9650.   1.351578E-4            0.
        9660.   1.351102E-4            0.
        9670.   1.350627E-4            0.
        9680.   1.350140E-4            0.
        9690.   1.349665E-4            0.
        9700.   1.349189E-4            0.
        9710.   1.351816E-4            0.
        9720.   1.354443E-4            0.
        9730.   1.357080E-4            0.
        9740.   1.359707E-4            0.
        9750.   1.362333E-4            0.
        9760.   1.364960E-4            0.
        9770.   1.367586E-4            0.
        9780.   1.370224E-4            0.
        9790.   1.372850E-4            0.
        9800.   1.375477E-4            0.
        9810.   1.376688E-4            0.
        9820.   1.377909E-4            0.
        9830.   1.379120E-4            0.
        9840.   1.380341E-4            0.
        9850.   1.381552E-4            0.
        9860.   1.382762E-4            0.
        9870.   1.383984E-4            0.
        9880.   1.385194E-4            0.
        9890.   1.386416E-4            0.
        9900.   1.387626E-4            0.
        9910.   1.387735E-4            0.
        9920.   1.387832E-4            0.
        9930.   1.387929E-4            0.
        9940.   1.388037E-4            0.
        9950.   1.388145E-4            0.
        9960.   1.388243E-4            0.
        9970.   1.388340E-4            0.
        9980.   1.388448E-4            0.
        9990.   1.388545E-4            0.
       10000.   1.388653E-4            0.
       10010.   1.391215E-4            0.
       10020.   1.393777E-4            0.
       10030.   1.396338E-4            0.
       10040.   1.398900E-4            0.
       10050.   1.401462E-4            0.
       10060.   1.404024E-4            0.
       10070.   1.406586E-4            0.
       10080.   1.409147E-4            0.
       10090.   1.411709E-4            0.
       10100.   1.414271E-4            0.
       10110.   1.686216E-4            0.
       10120.   1.578126E-4            0.
       10130.   1.459226E-4            0.
       10140.   1.610553E-4            0.
       10150.   1.740262E-4            0.
       10160.   1.415989E-4            0.
       10170.   1.188999E-4            0.
       10180.   1.470035E-4            0.
       10190.   1.286280E-4            0.
       10200.   1.805116E-4            0.
       10210.   1.524080E-4            0.
       10220.   1.340326E-4            0.
       10230.   1.491653E-4            0.
       10240.   1.751071E-4            0.
       10250.   1.707834E-4            0.
       10260.   1.621362E-4            0.
       10270.   1.729453E-4            0.
       10280.   1.642980E-4            0.
       10290.   1.556507E-4            0.
       10300.   1.383562E-4            0.
       10310.   1.405180E-4            0.
       10320.   1.534889E-4            0.
       10330.   1.383562E-4            0.
       10340.   1.642980E-4            0.
       10350.   1.491653E-4            0.
       10360.   1.448417E-4            0.
       10370.   1.534889E-4            0.
       10380.   1.372753E-4            0.
       10390.   1.718644E-4            0.
       10400.   1.545698E-4            0.
       10410.   1.426799E-4            0.
       10420.   1.361944E-4            0.
       10430.   1.502462E-4            0.
       10440.   1.026863E-4            0.
       10450.   1.437607E-4            0.
       10460.   1.653789E-4            0.
       10470.   1.610553E-4            0.
       10480.   1.459226E-4            0.
       10490.   1.632171E-4            0.
       10500.   1.437607E-4            0.
       10510.   1.448417E-4            0.
       10520.   1.826735E-4            0.
       10530.   1.578126E-4            0.
       10540.   1.318708E-4            0.
       10550.   1.372753E-4            0.
       10560.   1.297089E-4            0.
       10570.   1.307899E-4            0.
       10580.   1.264662E-4            0.
       10590.   1.383562E-4            0.
       10600.   1.405180E-4            0.
       10610.   1.124144E-4            0.
       10620.   1.134953E-4            0.
       10630.   1.059290E-4            0.
       10640.   1.188999E-4            0.
       10650.   1.372753E-4            0.
       10660.   1.318708E-4            0.
       10670.   1.253853E-4            0.
       10680.   1.307899E-4            0.
       10690.   1.318708E-4            0.
       10700.   1.448417E-4            0.
       10710.   1.426799E-4            0.
       10720.   1.437607E-4            0.
       10730.   1.372753E-4            0.
       10740.   1.383562E-4            0.
       10750.   1.134953E-4            0.
       10760.   1.210617E-4            0.
       10770.   1.145762E-4            0.
       10780.   1.016054E-4            0.
       10790.   9.295809E-5            0.
       10800.   1.070099E-4            0.
       10810.   1.275471E-4            0.
       10820.   1.167380E-4            0.
       10830.   1.491653E-4            0.
       10840.   1.253853E-4            0.
       10850.   1.351135E-4            0.
       10860.   1.253853E-4            0.
       10870.   1.329517E-4            0.
       10880.   1.145762E-4            0.
       10890.   1.340326E-4            0.
       10900.   1.048481E-4            0.
       10910.   1.048481E-4            0.
       10920.   1.005244E-4            0.
       10930.   1.037672E-4            0.
       10940.   1.264662E-4            0.
       10950.   1.134953E-4            0.
       10960.   8.539172E-5            0.
       10970.   1.080908E-4            0.
       10980.   8.214900E-5            0.
       10990.   9.511990E-5            0.
       11000.   8.755354E-5            0.
