        1150.    0.02785707            0.
        1160.    0.03888361            0.
        1170.    0.04991016            0.
        1180.     0.0609367            0.
        1190.    0.07196324            0.
        1200.    0.08298979            0.
        1210.    0.08561575            0.
        1220.    0.08824173            0.
        1230.     0.0908677            0.
        1240.    0.09349378            0.
        1250.    0.09611976            0.
        1260.    0.09874573            0.
        1270.     0.1013718            0.
        1280.     0.1039978            0.
        1290.     0.1066238            0.
        1300.     0.1092494            0.
        1310.     0.1108271            0.
        1320.     0.1124038            0.
        1330.     0.1139804            0.
        1340.     0.1155571            0.
        1350.     0.1171348            0.
        1360.     0.1187114            0.
        1370.     0.1202881            0.
        1380.     0.1218658            0.
        1390.     0.1234425            0.
        1400.     0.1250191            0.
        1410.     0.1248391            0.
        1420.     0.1246581            0.
        1430.     0.1244781            0.
        1440.     0.1242981            0.
        1450.     0.1241169            0.
        1460.     0.1239369            0.
        1470.     0.1237558            0.
        1480.     0.1235758            0.
        1490.     0.1233958            0.
        1500.     0.1232147            0.
        1510.     0.1217053            0.
        1520.     0.1201948            0.
        1530.     0.1186843            0.
        1540.     0.1171749            0.
        1550.     0.1156644            0.
        1560.     0.1141539            0.
        1570.     0.1126445            0.
        1580.      0.111134            0.
        1590.     0.1096235            0.
        1600.     0.1081139            0.
        1610.     0.1054879            0.
        1620.     0.1028618            0.
        1630.     0.1002358            0.
        1640.    0.09760986            0.
        1650.    0.09498379            0.
        1660.    0.09235781            0.
        1670.    0.08973184            0.
        1680.    0.08710577            0.
        1690.    0.08447979            0.
        1700.    0.08185382            0.
        1710.    0.07981578            0.
        1720.    0.07777786            0.
        1730.    0.07573982            0.
        1740.    0.07370189            0.
        1750.    0.07166386            0.
        1760.    0.06962582            0.
        1770.     0.0675879            0.
        1780.    0.06554985            0.
        1790.    0.06351182            0.
        1800.    0.06147389            0.
        1810.     0.0580661            0.
        1820.    0.05465831            0.
        1830.    0.05125053            0.
        1840.    0.04784274            0.
        1850.    0.04443495            0.
        1860.    0.04102716            0.
        1870.    0.03761937            0.
        1880.    0.03421158            0.
        1890.    0.03080379            0.
        1900.    0.02739601            0.
        1910.    0.02570876            0.
        1920.    0.02402161            0.
        1930.    0.02233437            0.
        1940.    0.02064723            0.
        1950.    0.01895998            0.
        1960.    0.01727284            0.
        1970.    0.01558559            0.
        1980.    0.01389844            0.
        1990.     0.0122113            0.
        2000.    0.01030133            0.
        2010.   0.009216979            0.
        2020.   0.007807324            0.
        2030.   0.006506103            0.
        2040.   0.005421752            0.
        2050.   0.004554272            0.
        2060.   0.004012097            0.
        2070.   0.003144616            0.
        2080.   0.002385571            0.
        2090.   0.001951831            0.
        2100.   0.001301221            0.
        2110.   8.674804E-4            0.
        2120.   4.930910E-4            0.
        2130.   3.127831E-4            0.
        2140.   2.047948E-4            0.
        2150.   1.378231E-4            0.
        2160.   9.499538E-5            0.
        2170.   6.686213E-5            0.
        2180.   4.793881E-5            0.
        2190.   3.494157E-5            0.
        2200.   2.584680E-5            0.
        2210.   1.937583E-5            0.
        2220.   1.470152E-5            0.
        2230.   1.127876E-5            0.
        2240.   8.741057E-6            0.
        2250.   6.837968E-6            0.
        2260.   5.395620E-6            0.
        2270.   4.291870E-6            0.
        2280.   3.439571E-6            0.
        2290.   2.775915E-6            0.
        2300.   2.255048E-6            0.
        2310.   1.843255E-6            0.
        2320.   1.515445E-6            0.
        2330.   1.252815E-6            0.
        2340.   1.041089E-6            0.
        2350.   8.694236E-7            0.
        2360.   7.294729E-7            0.
        2370.   6.147866E-7            0.
        2380.   5.203320E-7            0.
        2390.   4.421797E-7            0.
        2400.   3.772238E-7            0.
        2410.   3.230063E-7            0.
        2420.   2.775644E-7            0.
        2430.   2.393281E-7            0.
        2440.   2.070372E-7            0.
        2450.   1.796660E-7            0.
        2460.   1.563872E-7            0.
        2470.   1.365208E-7            0.
        2480.   1.195128E-7            0.
        2490.   1.049086E-7            0.
        2500.   9.232973E-8            0.
        2510.   8.146466E-8            0.
        2520.   7.205423E-8            0.
        2530.   6.388125E-8            0.
        2540.   5.676488E-8            0.
        2550.   5.055253E-8            0.
        2560.   4.511657E-8            0.
        2570.   4.034879E-8            0.
        2580.   3.615724E-8            0.
        2590.   3.246426E-8            0.
        2600.   2.920373E-8            0.
        2610.   2.631881E-8            0.
        2620.   2.376116E-8            0.
        2630.   2.148933E-8            0.
        2640.   1.946724E-8            0.
        2650.   1.766428E-8            0.
        2660.   1.605381E-8            0.
        2670.   1.461271E-8            0.
        2680.   1.332103E-8            0.
        2690.   1.216132E-8            0.
        2700.   1.111850E-8            0.
        2710.   1.017910E-8            0.
        2720.   9.331746E-9            0.
        2730.   8.566261E-9            0.
        2740.   7.873663E-9            0.
        2750.   7.246172E-9            0.
        2760.   6.676844E-9            0.
        2770.   6.159610E-9            0.
        2780.   5.689055E-9            0.
        2790.   5.260433E-9            0.
        2800.   4.869525E-9            0.
        2810.   4.512557E-9            0.
        2820.   4.186179E-9            0.
        2830.   3.887429E-9            0.
        2840.   3.613663E-9            0.
        2850.   3.362495E-9            0.
        2860.   3.131788E-9            0.
        2870.   2.919690E-9            0.
        2880.   2.724452E-9            0.
        2890.   2.544591E-9            0.
        2900.   2.378696E-9            0.
        2910.   2.225532E-9            0.
        2920.   2.084013E-9            0.
        2930.   1.953089E-9            0.
        2940.   1.831869E-9            0.
        2950.   1.719541E-9            0.
        2960.   1.615357E-9            0.
        2970.   1.518644E-9            0.
        2980.   1.428773E-9            0.
        2990.   1.345202E-9            0.
        3000.   1.267421E-9            0.
        3010.   1.194976E-9            0.
        3020.   1.127442E-9            0.
        3030.   1.064440E-9            0.
        3040.   1.005620E-9            0.
        3050.  9.506707E-10            0.
        3060.  8.992941E-10            0.
        3070.  8.512238E-10            0.
        3080.  8.062178E-10            0.
        3090.  7.640572E-10            0.
        3100.  7.245283E-10            0.
        3110.  6.874435E-10            0.
        3120.  6.526304E-10            0.
        3130.  6.199297E-10            0.
        3140.  5.891937E-10            0.
        3150.  5.602839E-10            0.
        3160.  5.330786E-10            0.
        3170.  5.074608E-10            0.
        3180.  4.833254E-10            0.
        3190.  4.605714E-10            0.
        3200.  4.391066E-10            0.
        3210.  4.188499E-10            0.
        3220.  3.997198E-10            0.
        3230.  3.816469E-10            0.
        3240.  3.645587E-10            0.
        3250.  3.483996E-10            0.
        3260.  3.331059E-10            0.
        3270.  3.186299E-10            0.
        3280.  3.049140E-10            0.
        3290.  2.919147E-10            0.
        3300.  2.795900E-10            0.
        3310.  2.678986E-10            0.
        3320.  2.568002E-10            0.
        3330.  2.462646E-10            0.
        3340.  2.362550E-10            0.
        3350.  2.267420E-10            0.
        3360.  2.176975E-10            0.
        3370.  2.090920E-10            0.
        3380.  2.009063E-10            0.
        3390.  1.931109E-10            0.
        3400.  1.856863E-10            0.
        3410.  1.786120E-10            0.
        3420.  1.718685E-10            0.
        3430.  1.654394E-10            0.
        3440.  1.593041E-10            0.
        3450.  1.534497E-10            0.
        3460.  1.478609E-10            0.
        3470.  1.425227E-10            0.
        3480.  1.374219E-10            0.
        3490.  1.325478E-10            0.
        3500.  1.278861E-10            0.
        3510.  1.234284E-10            0.
        3520.  1.191625E-10            0.
        3530.  1.150789E-10            0.
        3540.  1.111698E-10            0.
        3550.  1.074255E-10            0.
        3560.  1.038376E-10            0.
        3570.  1.003989E-10            0.
        3580.  9.710228E-11            0.
        3590.  9.394021E-11            0.
        3600.  9.090663E-11            0.
        3610.  8.799547E-11            0.
        3620.  8.520078E-11            0.
        3630.  8.251691E-11            0.
        3640.  7.993897E-11            0.
        3650.  7.746221E-11            0.
        3660.  7.508129E-11            0.
        3670.  7.279245E-11            0.
        3680.  7.059089E-11            0.
        3690.  6.847337E-11            0.
        3700.  6.643609E-11            0.
        3710.  6.447439E-11            0.
        3720.  6.258633E-11            0.
        3730.  6.076765E-11            0.
        3740.  5.901599E-11            0.
        3750.  5.732820E-11            0.
        3760.  5.570135E-11            0.
        3770.  5.413316E-11            0.
        3780.  5.262082E-11            0.
        3790.  5.116193E-11            0.
        3800.  4.975466E-11            0.
        3810.  4.839662E-11            0.
        3820.  4.708575E-11            0.
        3830.  4.582021E-11            0.
        3840.  4.459771E-11            0.
        3850.  4.341696E-11            0.
        3860.  4.227622E-11            0.
        3870.  4.117398E-11            0.
        3880.  4.010839E-11            0.
        3890.  3.907804E-11            0.
        3900.  3.808185E-11            0.
        3910.  3.711818E-11            0.
        3920.  3.618586E-11            0.
        3930.  3.528368E-11            0.
        3940.  3.441067E-11            0.
        3950.  3.356520E-11            0.
        3960.  3.274662E-11            0.
        3970.  3.195396E-11            0.
        3980.  3.118614E-11            0.
        3990.  3.044238E-11            0.
        4000.  2.972129E-11            0.
        4010.  2.902253E-11            0.
        4020.  2.834514E-11            0.
        4030.  2.768824E-11            0.
        4040.  2.705118E-11            0.
        4050.  2.643310E-11            0.
        4060.  2.583378E-11            0.
        4070.  2.525181E-11            0.
        4080.  2.468708E-11            0.
        4090.  2.413894E-11            0.
        4100.  2.360674E-11            0.
        4110.  2.308972E-11            0.
        4120.  2.258767E-11            0.
        4130.  2.209982E-11            0.
        4140.  2.162585E-11            0.
        4150.  2.116533E-11            0.
        4160.  2.071749E-11            0.
        4170.  2.028212E-11            0.
        4180.  1.985890E-11            0.
        4190.  1.944728E-11            0.
        4200.  1.904683E-11            0.
        4210.  1.865733E-11            0.
        4220.  1.827825E-11            0.
        4230.  1.790946E-11            0.
        4240.  1.755032E-11            0.
        4250.  1.720084E-11            0.
        4260.  1.686057E-11            0.
        4270.  1.652919E-11            0.
        4280.  1.620638E-11            0.
        4290.  1.589202E-11            0.
        4300.  1.558558E-11            0.
        4310.  1.528717E-11            0.
        4320.  1.499624E-11            0.
        4330.  1.471279E-11            0.
        4340.  1.443639E-11            0.
        4350.  1.416682E-11            0.
        4360.  1.390409E-11            0.
        4370.  1.364774E-11            0.
        4380.  1.339780E-11            0.
        4390.  1.315382E-11            0.
        4400.  1.291592E-11            0.
        4410.  1.268376E-11            0.
        4420.  1.245713E-11            0.
        4430.  1.223592E-11            0.
        4440.  1.202002E-11            0.
        4450.  1.180912E-11            0.
        4460.  1.160320E-11            0.
        4470.  1.140216E-11            0.
        4480.  1.120579E-11            0.
        4490.  1.101396E-11            0.
        4500.  1.082651E-11            0.
        4510.  1.064338E-11            0.
        4520.  1.046438E-11            0.
        4530.  1.028947E-11            0.
        4540.  1.011849E-11            0.
        4550.  9.951312E-12            0.
        4560.  9.787911E-12            0.
        4570.  9.628122E-12            0.
        4580.  9.471855E-12            0.
        4590.  9.318983E-12            0.
        4600.  9.169485E-12            0.
        4610.  9.023195E-12            0.
        4620.  8.880082E-12            0.
        4630.  8.740049E-12            0.
        4640.  8.602999E-12            0.
        4650.  8.468907E-12            0.
        4660.  8.337603E-12            0.
        4670.  8.209065E-12            0.
        4680.  8.083204E-12            0.
        4690.  7.960000E-12            0.
        4700.  7.839322E-12            0.
        4710.  7.721172E-12            0.
        4720.  7.605395E-12            0.
        4730.  7.492016E-12            0.
        4740.  7.380957E-12            0.
        4750.  7.272110E-12            0.
        4760.  7.165453E-12            0.
        4770.  7.060943E-12            0.
        4780.  6.958472E-12            0.
        4790.  6.858083E-12            0.
        4800.  6.759646E-12            0.
        4810.  6.663193E-12            0.
        4820.  6.568561E-12            0.
        4830.  6.475774E-12            0.
        4840.  6.384818E-12            0.
        4850.  6.295587E-12            0.
        4860.  6.208069E-12            0.
        4870.  6.122221E-12            0.
        4880.  6.037978E-12            0.
        4890.  5.955372E-12            0.
        4900.  5.874285E-12            0.
        4910.  5.794726E-12            0.
        4920.  5.716641E-12            0.
        4930.  5.640000E-12            0.
        4940.  5.564767E-12            0.
        4950.  5.490901E-12            0.
        4960.  5.418413E-12            0.
        4970.  5.347236E-12            0.
        4980.  5.277360E-12            0.
        4990.  5.208731E-12            0.
        5000.  5.141317E-12            0.
        5010.  5.075107E-12            0.
        5020.  5.010079E-12            0.
        5030.  4.946189E-12            0.
        5040.  4.883448E-12            0.
        5050.  4.821792E-12            0.
        5060.  4.761220E-12            0.
        5070.  4.701690E-12            0.
        5080.  4.643189E-12            0.
        5090.  4.585707E-12            0.
        5100.  4.529190E-12            0.
        5110.  4.473640E-12            0.
        5120.  4.419053E-12            0.
        5130.  4.365400E-12            0.
        5140.  4.312657E-12            0.
        5150.  4.260749E-12            0.
        5160.  4.209741E-12            0.
        5170.  4.159579E-12            0.
        5180.  4.110252E-12            0.
        5190.  4.061728E-12            0.
        5200.  4.013984E-12            0.
        5210.  3.967085E-12            0.
        5220.  3.920903E-12            0.
        5230.  3.875479E-12            0.
        5240.  3.830782E-12            0.
        5250.  3.786823E-12            0.
        5260.  3.743558E-12            0.
        5270.  3.700986E-12            0.
        5280.  3.659076E-12            0.
        5290.  3.617849E-12            0.
        5300.  3.577272E-12            0.
        5310.  3.537325E-12            0.
        5320.  3.498006E-12            0.
        5330.  3.459295E-12            0.
        5340.  3.421191E-12            0.
        5350.  3.383683E-12            0.
        5360.  3.346728E-12            0.
        5370.  3.310359E-12            0.
        5380.  3.274543E-12            0.
        5390.  3.239280E-12            0.
        5400.  3.204527E-12            0.
        5410.  3.170326E-12            0.
        5420.  3.136625E-12            0.
        5430.  3.103433E-12            0.
        5440.  3.070740E-12            0.
        5450.  3.038524E-12            0.
        5460.  3.006806E-12            0.
        5470.  2.975533E-12            0.
        5480.  2.944727E-12            0.
        5490.  2.914365E-12            0.
        5500.  2.884448E-12            0.
        5510.  2.854965E-12            0.
        5520.  2.825904E-12            0.
        5530.  2.797277E-12            0.
        5540.  2.769051E-12            0.
        5550.  2.741238E-12            0.
        5560.  2.713815E-12            0.
        5570.  2.686771E-12            0.
        5580.  2.660139E-12            0.
        5590.  2.633855E-12            0.
        5600.  2.607928E-12            0.
        5610.  2.582391E-12            0.
        5620.  2.557213E-12            0.
        5630.  2.532370E-12            0.
        5640.  2.507864E-12            0.
        5650.  2.483715E-12            0.
        5660.  2.459882E-12            0.
        5670.  2.436373E-12            0.
        5680.  2.413200E-12            0.
        5690.  2.390331E-12            0.
        5700.  2.367788E-12            0.
        5710.  2.345537E-12            0.
        5720.  2.323579E-12            0.
        5730.  2.301924E-12            0.
        5740.  2.280541E-12            0.
        5750.  2.259450E-12            0.
        5760.  2.238642E-12            0.
        5770.  2.218115E-12            0.
        5780.  2.197848E-12            0.
        5790.  2.177864E-12            0.
        5800.  2.158107E-12            0.
        5810.  2.138632E-12            0.
        5820.  2.119396E-12            0.
        5830.  2.100430E-12            0.
        5840.  2.081693E-12            0.
        5850.  2.063194E-12            0.
        5860.  2.044933E-12            0.
        5870.  2.026900E-12            0.
        5880.  2.009106E-12            0.
        5890.  1.991529E-12            0.
        5900.  1.974190E-12            0.
        5910.  1.957057E-12            0.
        5920.  1.940109E-12            0.
        5930.  1.923421E-12            0.
        5940.  1.906917E-12            0.
        5950.  1.890630E-12            0.
        5960.  1.874527E-12            0.
        5970.  1.858631E-12            0.
        5980.  1.842929E-12            0.
        5990.  1.827423E-12            0.
        6000.  1.812101E-12            0.
        6010.  1.796964E-12            0.
        6020.  1.782022E-12            0.
        6030.  1.767242E-12            0.
        6040.  1.752646E-12            0.
        6050.  1.738236E-12            0.
        6060.  1.723987E-12            0.
        6070.  1.709901E-12            0.
        6080.  1.696000E-12            0.
        6090.  1.682250E-12            0.
        6100.  1.668664E-12            0.
        6110.  1.655239E-12            0.
        6120.  1.641978E-12            0.
        6130.  1.628857E-12            0.
        6140.  1.615899E-12            0.
        6150.  1.603093E-12            0.
        6160.  1.590428E-12            0.
        6170.  1.577903E-12            0.
        6180.  1.565542E-12            0.
        6190.  1.553300E-12            0.
        6200.  1.541209E-12            0.
        6210.  1.529259E-12            0.
        6220.  1.517440E-12            0.
        6230.  1.505751E-12            0.
        6240.  1.494191E-12            0.
        6250.  1.482762E-12            0.
        6260.  1.471464E-12            0.
        6270.  1.460295E-12            0.
        6280.  1.449245E-12            0.
        6290.  1.438315E-12            0.
        6300.  1.427515E-12            0.
        6310.  1.416823E-12            0.
        6320.  1.406251E-12            0.
        6330.  1.395798E-12            0.
        6340.  1.385453E-12            0.
        6350.  1.375228E-12            0.
        6360.  1.365110E-12            0.
        6370.  1.355102E-12            0.
        6380.  1.345202E-12            0.
        6390.  1.335399E-12            0.
        6400.  1.325705E-12            0.
        6410.  1.316120E-12            0.
        6420.  1.306631E-12            0.
        6430.  1.297252E-12            0.
        6440.  1.287959E-12            0.
        6450.  1.278775E-12            0.
        6460.  1.269677E-12            0.
        6470.  1.260677E-12            0.
        6480.  1.251774E-12            0.
        6490.  1.242969E-12            0.
        6500.  1.234240E-12            0.
        6510.  1.225609E-12            0.
        6520.  1.217075E-12            0.
        6530.  1.208617E-12            0.
        6540.  1.200246E-12            0.
        6550.  1.191972E-12            0.
        6560.  1.183764E-12            0.
        6570.  1.175653E-12            0.
        6580.  1.167618E-12            0.
        6590.  1.159669E-12            0.
        6600.  1.151797E-12            0.
        6610.  1.144001E-12            0.
        6620.  1.136280E-12            0.
        6630.  1.128646E-12            0.
        6640.  1.121077E-12            0.
        6650.  1.113595E-12            0.
        6660.  1.106179E-12            0.
        6670.  1.098837E-12            0.
        6680.  1.091572E-12            0.
        6690.  1.084372E-12            0.
        6700.  1.077238E-12            0.
        6710.  1.070178E-12            0.
        6720.  1.063184E-12            0.
        6730.  1.056266E-12            0.
        6740.  1.049408E-12            0.
        6750.  1.042617E-12            0.
        6760.  1.035892E-12            0.
        6770.  1.029232E-12            0.
        6780.  1.022630E-12            0.
        6790.  1.016094E-12            0.
        6800.  1.009624E-12            0.
        6810.  1.003211E-12            0.
        6820.  9.968565E-13            0.
        6830.  9.905661E-13            0.
        6840.  9.843321E-13            0.
        6850.  9.781579E-13            0.
        6860.  9.720367E-13            0.
        6870.  9.659751E-13            0.
        6880.  9.599722E-13            0.
        6890.  9.540213E-13            0.
        6900.  9.481246E-13            0.
        6910.  9.422843E-13            0.
        6920.  9.364972E-13            0.
        6930.  9.307641E-13            0.
        6940.  9.250800E-13            0.
        6950.  9.194511E-13            0.
        6960.  9.138678E-13            0.
        6970.  9.083398E-13            0.
        6980.  9.028606E-13            0.
        6990.  8.974301E-13            0.
        7000.  8.920474E-13            0.
        7010.  8.867125E-13            0.
        7020.  8.814262E-13            0.
        7030.  8.761844E-13            0.
        7040.  8.709926E-13            0.
        7050.  8.658430E-13            0.
        7060.  8.607400E-13            0.
        7070.  8.556848E-13            0.
        7080.  8.506708E-13            0.
        7090.  8.457012E-13            0.
        7100.  8.407782E-13            0.
        7110.  8.358911E-13            0.
        7120.  8.310484E-13            0.
        7130.  8.262512E-13            0.
        7140.  8.214920E-13            0.
        7150.  8.167772E-13            0.
        7160.  8.120972E-13            0.
        7170.  8.074637E-13            0.
        7180.  8.028661E-13            0.
        7190.  7.983064E-13            0.
        7200.  7.937879E-13            0.
        7210.  7.893074E-13            0.
        7220.  7.848604E-13            0.
        7230.  7.804569E-13            0.
        7240.  7.760881E-13            0.
        7250.  7.717539E-13            0.
        7260.  7.674577E-13            0.
        7270.  7.631973E-13            0.
        7280.  7.589705E-13            0.
        7290.  7.547838E-13            0.
        7300.  7.506264E-13            0.
        7310.  7.465070E-13            0.
        7320.  7.424178E-13            0.
        7330.  7.383635E-13            0.
        7340.  7.343428E-13            0.
        7350.  7.303556E-13            0.
        7360.  7.263988E-13            0.
        7370.  7.224756E-13            0.
        7380.  7.185839E-13            0.
        7390.  7.147225E-13            0.
        7400.  7.108958E-13            0.
        7410.  7.070952E-13            0.
        7420.  7.033281E-13            0.
        7430.  6.995893E-13            0.
        7440.  6.958809E-13            0.
        7450.  6.922027E-13            0.
        7460.  6.885527E-13            0.
        7470.  6.849310E-13            0.
        7480.  6.813419E-13            0.
        7490.  6.777765E-13            0.
        7500.  6.742415E-13            0.
        7510.  6.707348E-13            0.
        7520.  6.672540E-13            0.
        7530.  6.638004E-13            0.
        7540.  6.603738E-13            0.
        7550.  6.569743E-13            0.
        7560.  6.535998E-13            0.
        7570.  6.502525E-13            0.
        7580.  6.469311E-13            0.
        7590.  6.436358E-13            0.
        7600.  6.403632E-13            0.
        7610.  6.371166E-13            0.
        7620.  6.338972E-13            0.
        7630.  6.307006E-13            0.
        7640.  6.275288E-13            0.
        7650.  6.243787E-13            0.
        7660.  6.212537E-13            0.
        7670.  6.181514E-13            0.
        7680.  6.150740E-13            0.
        7690.  6.120204E-13            0.
        7700.  6.089886E-13            0.
        7710.  6.059784E-13            0.
        7720.  6.029932E-13            0.
        7730.  6.000275E-13            0.
        7740.  5.970846E-13            0.
        7750.  5.941644E-13            0.
        7760.  5.912649E-13            0.
        7770.  5.883870E-13            0.
        7780.  5.855297E-13            0.
        7790.  5.826942E-13            0.
        7800.  5.798781E-13            0.
        7810.  5.770837E-13            0.
        7820.  5.743099E-13            0.
        7830.  5.715557E-13            0.
        7840.  5.688210E-13            0.
        7850.  5.661069E-13            0.
        7860.  5.634112E-13            0.
        7870.  5.607350E-13            0.
        7880.  5.580794E-13            0.
        7890.  5.554433E-13            0.
        7900.  5.528235E-13            0.
        7910.  5.502244E-13            0.
        7920.  5.476436E-13            0.
        7930.  5.450802E-13            0.
        7940.  5.425352E-13            0.
        7950.  5.400066E-13            0.
        7960.  5.374995E-13            0.
        7970.  5.350055E-13            0.
        7980.  5.325321E-13            0.
        7990.  5.300750E-13            0.
        8000.  5.276352E-13            0.
        8010.  5.252138E-13            0.
        8020.  5.228087E-13            0.
        8030.  5.204199E-13            0.
        8040.  5.180474E-13            0.
        8050.  5.156911E-13            0.
        8060.  5.133521E-13            0.
        8070.  5.110262E-13            0.
        8080.  5.087165E-13            0.
        8090.  5.064253E-13            0.
        8100.  5.041482E-13            0.
        8110.  5.018884E-13            0.
        8120.  4.996426E-13            0.
        8130.  4.974111E-13            0.
        8140.  4.951979E-13            0.
        8150.  4.929956E-13            0.
        8160.  4.908117E-13            0.
        8170.  4.886387E-13            0.
        8180.  4.864830E-13            0.
        8190.  4.843414E-13            0.
        8200.  4.822139E-13            0.
        8210.  4.801016E-13            0.
        8220.  4.780001E-13            0.
        8230.  4.759139E-13            0.
        8240.  4.738427E-13            0.
        8250.  4.717857E-13            0.
        8260.  4.697406E-13            0.
        8270.  4.677107E-13            0.
        8280.  4.656917E-13            0.
        8290.  4.636878E-13            0.
        8300.  4.616958E-13            0.
        8310.  4.597180E-13            0.
        8320.  4.577521E-13            0.
        8330.  4.557991E-13            0.
        8340.  4.538603E-13            0.
        8350.  4.519323E-13            0.
        8360.  4.500184E-13            0.
        8370.  4.481132E-13            0.
        8380.  4.462232E-13            0.
        8390.  4.443452E-13            0.
        8400.  4.424779E-13            0.
        8410.  4.406236E-13            0.
        8420.  4.387803E-13            0.
        8430.  4.369499E-13            0.
        8440.  4.351303E-13            0.
        8450.  4.333227E-13            0.
        8460.  4.315238E-13            0.
        8470.  4.297389E-13            0.
        8480.  4.279639E-13            0.
        8490.  4.262029E-13            0.
        8500.  4.244506E-13            0.
        8510.  4.227102E-13            0.
        8520.  4.209796E-13            0.
        8530.  4.192609E-13            0.
        8540.  4.175519E-13            0.
        8550.  4.158538E-13            0.
        8560.  4.141655E-13            0.
        8570.  4.124891E-13            0.
        8580.  4.108224E-13            0.
        8590.  4.091645E-13            0.
        8600.  4.075195E-13            0.
        8610.  4.058833E-13            0.
        8620.  4.042567E-13            0.
        8630.  4.026399E-13            0.
        8640.  4.010329E-13            0.
        8650.  3.994357E-13            0.
        8660.  3.978482E-13            0.
        8670.  3.962726E-13            0.
        8680.  3.947036E-13            0.
        8690.  3.931454E-13            0.
        8700.  3.915958E-13            0.
        8710.  3.900550E-13            0.
        8720.  3.885250E-13            0.
        8730.  3.870025E-13            0.
        8740.  3.854910E-13            0.
        8750.  3.839880E-13            0.
        8760.  3.824905E-13            0.
        8770.  3.810071E-13            0.
        8780.  3.795303E-13            0.
        8790.  3.780621E-13            0.
        8800.  3.766003E-13            0.
        8810.  3.751516E-13            0.
        8820.  3.737106E-13            0.
        8830.  3.722749E-13            0.
        8840.  3.708501E-13            0.
        8850.  3.694317E-13            0.
        8860.  3.680242E-13            0.
        8870.  3.666222E-13            0.
        8880.  3.652288E-13            0.
        8890.  3.638440E-13            0.
        8900.  3.624669E-13            0.
        8910.  3.610995E-13            0.
        8920.  3.597376E-13            0.
        8930.  3.583843E-13            0.
        8940.  3.570398E-13            0.
        8950.  3.557005E-13            0.
        8960.  3.543722E-13            0.
        8970.  3.530493E-13            0.
        8980.  3.517362E-13            0.
        8990.  3.504285E-13            0.
        9000.  3.491283E-13            0.
        9010.  3.478336E-13            0.
        9020.  3.465497E-13            0.
        9030.  3.452713E-13            0.
        9040.  3.440004E-13            0.
        9050.  3.427350E-13            0.
        9060.  3.414793E-13            0.
        9070.  3.402301E-13            0.
        9080.  3.389853E-13            0.
        9090.  3.377491E-13            0.
        9100.  3.365217E-13            0.
        9110.  3.353007E-13            0.
        9120.  3.340841E-13            0.
        9130.  3.328761E-13            0.
        9140.  3.316735E-13            0.
        9150.  3.304775E-13            0.
        9160.  3.292901E-13            0.
        9170.  3.281060E-13            0.
        9180.  3.269317E-13            0.
        9190.  3.257606E-13            0.
        9200.  3.245982E-13            0.
        9210.  3.234433E-13            0.
        9220.  3.222896E-13            0.
        9230.  3.211466E-13            0.
        9240.  3.200092E-13            0.
        9250.  3.188771E-13            0.
        9260.  3.177505E-13            0.
        9270.  3.166325E-13            0.
        9280.  3.155178E-13            0.
        9290.  3.144096E-13            0.
        9300.  3.133090E-13            0.
        9310.  3.122137E-13            0.
        9320.  3.111218E-13            0.
        9330.  3.100386E-13            0.
        9340.  3.089607E-13            0.
        9350.  3.078872E-13            0.
        9360.  3.068202E-13            0.
        9370.  3.057597E-13            0.
        9380.  3.047036E-13            0.
        9390.  3.036550E-13            0.
        9400.  3.026075E-13            0.
        9410.  3.015687E-13            0.
        9420.  3.005353E-13            0.
        9430.  2.995084E-13            0.
        9440.  2.984837E-13            0.
        9450.  2.974666E-13            0.
        9460.  2.964538E-13            0.
        9470.  2.954465E-13            0.
        9480.  2.944456E-13            0.
        9490.  2.934469E-13            0.
        9500.  2.924580E-13            0.
        9510.  2.914691E-13            0.
        9520.  2.904899E-13            0.
        9530.  2.895129E-13            0.
        9540.  2.885413E-13            0.
        9550.  2.875752E-13            0.
        9560.  2.866133E-13            0.
        9570.  2.856569E-13            0.
        9580.  2.847049E-13            0.
        9590.  2.837583E-13            0.
        9600.  2.828160E-13            0.
        9610.  2.818791E-13            0.
        9620.  2.809487E-13            0.
        9630.  2.800194E-13            0.
        9640.  2.790977E-13            0.
        9650.  2.781782E-13            0.
        9660.  2.772652E-13            0.
        9670.  2.763554E-13            0.
        9680.  2.754510E-13            0.
        9690.  2.745489E-13            0.
        9700.  2.736554E-13            0.
        9710.  2.727629E-13            0.
        9720.  2.718759E-13            0.
        9730.  2.709933E-13            0.
        9740.  2.701160E-13            0.
        9750.  2.692410E-13            0.
        9760.  2.683724E-13            0.
        9770.  2.675071E-13            0.
        9780.  2.666472E-13            0.
        9790.  2.657895E-13            0.
        9800.  2.649383E-13            0.
        9810.  2.640881E-13            0.
        9820.  2.632456E-13            0.
        9830.  2.624052E-13            0.
        9840.  2.615692E-13            0.
        9850.  2.607364E-13            0.
        9860.  2.599101E-13            0.
        9870.  2.590860E-13            0.
        9880.  2.582663E-13            0.
        9890.  2.574519E-13            0.
        9900.  2.566387E-13            0.
        9910.  2.558308E-13            0.
        9920.  2.550251E-13            0.
        9930.  2.542260E-13            0.
        9940.  2.534300E-13            0.
        9950.  2.526363E-13            0.
        9960.  2.518480E-13            0.
        9970.  2.510618E-13            0.
        9980.  2.502833E-13            0.
        9990.  2.495058E-13            0.
       11000.  2.495058E-13            0.
