        1100.   1.376035E-8         1130.
        1140.    0.03440088         1150.
        1160.    0.08944227         1170.
        1180.     0.1341634         1190.
        1200.     0.1651242         1210.
        1220.     0.1823246         1230.
        1240.     0.1892048         1250.
        1260.     0.1857647         1270.
        1280.     0.1376035         1290.
        1300.     0.1100828         1310.
        1320.    0.07912201         1330.
        1340.    0.04128105         1350.
        1360.     0.0275207         1370.
        1400.    0.02201656         1500.
        1600.   0.009907451         1700.
        1800.   0.004678519         1900.
        1990.   0.002315867         2000.
        2010.   0.002152105         2020.
        2030.   0.002008997         2040.
        2050.   0.001868642         2060.
        2070.   0.001748927         2080.
        2090.    0.00163334         2100.
        2110.   0.001521895         2120.
        2130.   0.001425558         2140.
        2150.   0.001336123         2160.
        2170.   0.001248058         2180.
        2190.    0.00116412         2200.
        2210.   0.001092566         2220.
        2230.   0.001023766         2240.
        2250.   9.577162E-4         2260.
        2270.   9.026749E-4         2280.
        2290.   8.421292E-4         2300.
        2310.   7.939680E-4         2320.
        2330.   7.430561E-4         2340.
        2350.   6.976469E-4         2360.
        2370.   6.591180E-4         2380.
        2390.   6.219650E-4         2400.
        2410.   5.875642E-4         2420.
        2430.   5.559154E-4         2440.
        2450.   5.283960E-4         2460.
        2470.   4.981233E-4         2480.
        2490.   4.719786E-4         2500.
        2510.   4.499621E-4         2520.
        2530.   4.293215E-4         2540.
        2550.   4.059289E-4         2560.
        2570.   3.880405E-4         2580.
        2590.   3.701520E-4         2600.
        2610.   3.563917E-4         2620.
        2630.   3.385046E-4         2640.
        2650.   3.261203E-4         2660.
        2670.   3.123599E-4         2680.
        2690.   3.027263E-4         2700.
        2710.   2.917180E-4         2720.
        2730.   2.793351E-4         2740.
        2750.   2.697028E-4         2760.
        2770.   2.586946E-4         2780.
        2790.   2.531891E-4         2800.
        2810.   2.421822E-4         2820.
        2830.   2.339260E-4         2840.
        2850.   2.284218E-4         2860.
        2870.   2.174135E-4         2880.
        2890.   2.105334E-4         2900.
        2910.   2.050292E-4         2920.
        2930.   1.967730E-4         2940.
        2950.   1.912689E-4         2960.
        2970.   1.871408E-4         2980.
        2990.   1.830113E-4         3000.
        3010.   1.761325E-4         3020.
        3030.   1.692523E-4         3040.
        3050.   1.623721E-4         3060.
        3070.   1.582440E-4         3080.
        3090.   1.513638E-4         3100.
        3110.   1.513638E-4         3120.
        3130.   1.472357E-4         3140.
        3150.   1.431076E-4         3160.
        3170.   1.376029E-4         3180.
        3190.   1.334753E-4         3200.
        3210.   1.334747E-4         3220.
        3230.   1.279710E-4         3240.
        3250.   1.197152E-4         3260.
        3270.   1.210904E-4         3280.
        3290.   1.197149E-4         3300.
        3310.   1.183387E-4         3320.
        3330.   1.100829E-4         3340.
        3350.   1.087068E-4         3360.
        3370.   1.059546E-4         3380.
        3390.   1.004507E-4         3400.
        3410.   1.004505E-4         3420.
        3430.   1.004504E-4         3440.
        3450.   9.632258E-5         3460.
        3470.   9.494642E-5         3480.
        3490.   9.219420E-5         3500.
        3510.   8.944242E-5         3520.
        3530.   8.806624E-5         3540.
        3550.   8.806569E-5         3560.
        3570.   8.531403E-5         3580.
        3590.   8.118620E-5         3600.
        3610.   7.843399E-5         3620.
        3630.   7.705823E-5         3640.
        3650.   7.843372E-5         3660.
        3670.   7.568206E-5         3680.
        3690.   7.568178E-5         3700.
        3710.   7.292986E-5         3720.
        3730.   7.017792E-5         3740.
        3750.   6.880175E-5         3760.
        3770.   6.880175E-5         3780.
        3790.   6.742571E-5         3800.
        3810.   6.742571E-5         3820.
        3830.   6.467351E-5         3840.
        3850.   6.604954E-5         3860.
        3870.   6.467337E-5         3880.
        3890.   6.192143E-5         3900.
        3910.   6.192143E-5         3920.
        3930.   6.054540E-5         3940.
        3950.   5.916950E-5         3960.
        3970.   5.779347E-5         3980.
        3990.   5.641757E-5         4000.
        4010.   5.641743E-5         4020.
        4030.   5.366550E-5         4040.
        4050.   5.504126E-5         4060.
        4070.   5.228947E-5         4080.
        4090.   5.228933E-5         4100.
        4110.   5.366509E-5         4120.
        4130.   5.091343E-5         4140.
        4150.   5.091316E-5         4160.
        4170.   5.091330E-5         4180.
        4190.   4.816136E-5         4200.
        4210.   4.816108E-5         4220.
        4230.   4.816123E-5         4240.
        4250.   4.816123E-5         4260.
        4270.   4.678519E-5         4280.
        4290.   4.678505E-5         4300.
        4310.   4.540915E-5         4320.
        4330.   4.540915E-5         4340.
        4350.   4.403298E-5         4360.
        4370.   4.540902E-5         4380.
        4390.   4.265695E-5         4400.
        4410.   4.265695E-5         4420.
        4430.   4.265708E-5         4440.
        4450.   4.128119E-5         4460.
        4470.   4.128105E-5         4480.
        4490.   4.128077E-5         4500.
        4510.   3.852912E-5         4520.
        4530.   3.852926E-5         4540.
        4550.   3.852884E-5         4560.
        4570.   3.852898E-5         4580.
        4590.   3.990502E-5         4600.
        4610.   3.852898E-5         4620.
        4630.   3.852898E-5         4640.
        4650.   3.715295E-5         4660.
        4670.   3.577677E-5         4680.
        4690.   3.852871E-5         4700.
        4710.   3.440101E-5         4720.
        4730.   3.715267E-5         4740.
        4750.   3.577677E-5         4760.
        4770.   3.440073E-5         4780.
        4790.   3.440073E-5         4800.
        4810.   3.440087E-5         4820.
        4830.   3.302484E-5         4840.
        4850.   3.440073E-5         4860.
        4870.   3.302484E-5         4880.
        4890.   3.164894E-5         4900.
        4910.   3.164894E-5         4920.
        4930.   3.164880E-5         4940.
        4950.   3.440060E-5         4960.
        4970.   3.027318E-5         4980.
        4990.   2.889687E-5         5000.
        5010.   3.302456E-5         5020.
        5030.   3.164839E-5         5040.
        5050.   3.027291E-5         5060.
        5070.   3.164880E-5         5080.
        5090.   3.027277E-5         5100.
        5110.   3.027277E-5         5120.
        5130.   3.027277E-5         5140.
        5150.   3.027263E-5         5160.
        5170.   3.027277E-5         5180.
        5190.   2.889687E-5         5200.
        5210.   2.889673E-5         5220.
        5230.   3.027277E-5         5240.
        5250.   2.889673E-5         5260.
        5270.   2.752084E-5         5280.
        5290.   2.752084E-5         5300.
        5310.   2.752056E-5         5320.
        5330.   2.889673E-5         5340.
        5350.   2.752084E-5         5360.
        5370.   2.752056E-5         5380.
        5390.   2.752070E-5         5400.
        5410.   2.614480E-5         5420.
        5430.   2.752070E-5         5440.
        5450.   2.752056E-5         5460.
        5470.   2.476891E-5         5480.
        5490.   2.752056E-5         5500.
        5510.   2.614453E-5         5520.
        5530.   2.752056E-5         5540.
        5550.   2.614480E-5         5560.
        5570.   2.614453E-5         5580.
        5590.   2.476877E-5         5600.
        5610.   2.339287E-5         5620.
        5630.   2.476863E-5         5640.
        5650.   2.614453E-5         5660.
        5670.   2.476863E-5         5680.
        5690.   2.201711E-5         5700.
        5710.   2.614466E-5         5720.
        5730.   2.201656E-5         5740.
        5750.   2.614453E-5         5760.
        5770.   2.614439E-5         5780.
        5790.   2.339273E-5         5800.
        5810.   2.614439E-5         5820.
        5830.   2.476863E-5         5840.
        5850.   2.339273E-5         5860.
        5870.   2.476863E-5         5880.
        5890.   2.614453E-5         5900.
        5910.   2.339273E-5         5920.
        5930.   2.614453E-5         5940.
        5950.   2.476877E-5         5960.
        5970.   2.614453E-5         5980.
        5990.   2.339273E-5         6000.
        6010.   2.614466E-5         6020.
        6030.   2.339259E-5         6040.
        6050.   2.476849E-5         6060.
        6070.   2.339273E-5         6080.
        6090.   2.614439E-5         6100.
        6110.   2.614453E-5         6120.
        6130.   2.339259E-5         6140.
        6150.   2.339259E-5         6160.
        6170.   2.476863E-5         6180.
        6190.   2.339259E-5         6200.
        6210.   2.339246E-5         6220.
        6230.   2.339259E-5         6240.
        6250.   2.201670E-5         6260.
        6270.   2.201670E-5         6280.
        6290.   2.339246E-5         6300.
        6310.   2.064080E-5         6320.
        6330.   2.339259E-5         6340.
        6350.   2.201656E-5         6360.
        6370.   2.201670E-5         6380.
        6390.   2.201670E-5         6400.
        6410.   2.201656E-5         6420.
        6430.   2.339259E-5         6440.
        6450.   2.339246E-5         6460.
        6470.   2.339259E-5         6480.
        6490.   2.201670E-5         6500.
        6510.   2.476849E-5         6520.
        6530.   2.339246E-5         6540.
        6550.   2.201656E-5         6560.
        6570.   2.339273E-5         6580.
        6590.   2.614453E-5         6600.
        6610.   2.339246E-5         6620.
        6630.   2.339259E-5         6640.
        6650.   2.339246E-5         6660.
        6670.   2.339259E-5         6680.
        6690.   2.339259E-5         6700.
        6710.   2.339259E-5         6720.
        6730.   2.339273E-5         6740.
        6750.   2.476849E-5         6760.
        6770.   2.339259E-5         6780.
        6790.   2.201670E-5         6800.
        6810.   2.339273E-5         6820.
        6830.   2.339259E-5         6840.
        6850.   2.476863E-5         6860.
        6870.   2.339259E-5         6880.
        6890.   2.201670E-5         6900.
        6910.   2.339259E-5         6920.
        6930.   2.339273E-5         6940.
        6950.   2.476877E-5         6960.
        6970.   2.476863E-5         6980.
        6990.   2.476863E-5         7000.
        7010.   2.476877E-5         7020.
        7030.   2.339259E-5         7040.
        7050.   2.614453E-5         7060.
        7070.   2.476863E-5         7080.
        7090.   2.476877E-5         7100.
        7110.   2.476877E-5         7120.
        7130.   2.614453E-5         7140.
        7150.   2.614453E-5         7160.
        7170.   2.614466E-5         7180.
        7190.   2.614453E-5         7200.
        7210.   2.614453E-5         7220.
        7230.   2.476877E-5         7240.
        7250.   2.614466E-5         7260.
        7270.   2.752056E-5         7280.
        7290.   2.614466E-5         7300.
        7310.   2.752084E-5         7320.
        7330.   2.889660E-5         7340.
        7350.   2.752070E-5         7360.
        7370.   2.752084E-5         7380.
        7390.   2.889673E-5         7400.
        7410.   2.889687E-5         7420.
        7430.   2.889687E-5         7440.
        7450.   2.889687E-5         7460.
        7470.   2.889687E-5         7480.
        7490.   3.027291E-5         7500.
        7510.   3.164880E-5         7520.
        7530.   3.164894E-5         7540.
        7550.   3.164880E-5         7560.
        7570.   3.302484E-5         7580.
        7590.   3.302484E-5         7600.
        7610.   3.440087E-5         7620.
        7630.   3.302511E-5         7640.
        7650.   3.577677E-5         7660.
        7670.   3.577677E-5         7680.
        7690.   3.715295E-5         7700.
        7710.   3.715295E-5         7720.
        7730.   3.715308E-5         7740.
        7750.   3.852912E-5         7760.
        7770.   3.990488E-5         7780.
        7790.   3.852912E-5         7800.
        7810.   3.990515E-5         7820.
        7830.   4.128119E-5         7840.
        7850.   4.265722E-5         7860.
        7870.   4.265722E-5         7880.
        7890.   4.678505E-5         7900.
        7910.   4.540929E-5         7920.
        7930.   4.816123E-5         7940.
        7950.   4.816136E-5         7960.
        7970.   4.816123E-5         7980.
        7990.   4.678547E-5         8000.
        8010.   5.504126E-5         8020.
        8030.   5.228947E-5         8040.
        8050.   5.504154E-5         8060.
        8070.   5.504154E-5         8080.
        8090.   5.916937E-5         8100.
        8110.   6.054540E-5         8120.
        8130.   6.054567E-5         8140.
        8150.   6.192130E-5         8160.
        8170.   6.192171E-5         8180.
        8190.   6.329775E-5         8200.
        8210.   6.329775E-5         8220.
        8230.   6.742586E-5         8240.
        8250.   6.742586E-5         8260.
        8270.   7.017792E-5         8280.
        8290.   7.155396E-5         8300.
        8310.   7.155368E-5         8320.
        8330.   7.430575E-5         8340.
        8350.   7.430602E-5         8360.
        8370.   7.843386E-5         8380.
        8390.   7.981017E-5         8400.
        8410.   7.981017E-5         8420.
        8430.   7.980989E-5         8440.
        8450.   8.118607E-5         8460.
        8470.   7.843413E-5         8480.
        8490.   7.843537E-5         8500.
        8510.   1.059547E-4         8520.
        8530.   8.806624E-5         8540.
        8550.   9.219434E-5         8560.
        8570.   9.769849E-5         8580.
        8590.   1.059547E-4         8600.
        8610.   1.128349E-4         8620.
        8630.   1.073307E-4         8640.
        8650.   1.197150E-4         8660.
        8670.   1.100828E-4         8680.
        8690.   8.806624E-5         8700.
        8710.   9.907452E-5         8720.
        8730.   8.669020E-5         8740.
        8750.   1.100828E-4         8760.
        8770.   9.219434E-5         8780.
        8790.   1.018266E-4         8800.
        8810.   1.004505E-4         8820.
        8830.   9.081831E-5         8840.
        8850.   1.045787E-4         8860.
        8870.   1.018266E-4         8880.
        8890.   1.018266E-4         8900.
        8910.   1.114588E-4         8920.
        8930.   9.907452E-5         8940.
        8950.   1.032026E-4         8960.
        8970.   1.004505E-4         8980.
        8990.   1.045787E-4         9000.
        9010.   1.018266E-4         9020.
        9030.   1.073307E-4         9040.
        9050.   1.004505E-4         9060.
        9070.   9.769849E-5         9080.
        9090.   9.632245E-5         9100.
        9110.   9.907452E-5         9120.
        9130.   9.357038E-5         9140.
        9150.   9.494642E-5         9160.
        9170.   9.769849E-5         9180.
        9190.   9.494642E-5         9200.
        9210.   9.219434E-5         9220.
        9230.   9.494642E-5         9240.
        9250.   9.219434E-5         9260.
        9270.   9.357038E-5         9280.
        9290.   1.018266E-4         9300.
        9310.   9.357038E-5         9320.
        9330.   8.944227E-5         9340.
        9350.   8.118607E-5         9360.
        9370.   8.669020E-5         9380.
        9390.   8.944227E-5         9400.
        9410.   8.531417E-5         9420.
        9430.   8.531417E-5         9440.
        9450.   8.669020E-5         9460.
        9470.   8.531417E-5         9480.
        9490.   8.669020E-5         9500.
        9510.   8.944227E-5         9520.
        9530.   8.669020E-5         9540.
        9550.   8.393813E-5         9560.
        9570.   9.081831E-5         9580.
        9590.   8.118607E-5         9600.
        9610.   8.531417E-5         9620.
        9630.   8.669020E-5         9640.
        9650.   8.256210E-5         9660.
        9670.   8.256210E-5         9680.
        9690.   7.430589E-5         9700.
        9710.   8.256210E-5         9720.
        9730.   7.705796E-5         9740.
        9750.   7.705796E-5         9760.
        9770.   7.981003E-5         9780.
        9790.   7.568192E-5         9800.
        9810.   7.430589E-5         9820.
        9830.   7.155382E-5         9840.
        9850.   7.568192E-5         9860.
        9870.   7.981003E-5         9880.
        9890.   7.430589E-5         9900.
        9910.   8.118607E-5         9920.
        9930.   7.705796E-5         9940.
        9950.   7.705796E-5         9960.
        9970.   8.393813E-5         9980.
        9990.   7.568192E-5        10000.
       10010.   7.292986E-5        10020.
       10030.   7.292986E-5        10040.
       10050.   7.155382E-5        10060.
       10070.   7.568192E-5        10080.
       10090.   7.155382E-5        10100.
       10110.   6.467364E-5        10120.
       10130.   6.054554E-5        10140.
       10150.   6.604968E-5        10160.
       10170.   7.017778E-5        10180.
       10190.   6.192157E-5        10200.
       10210.   6.604968E-5        10220.
       10230.   7.017778E-5        10240.
       10250.   6.880175E-5        10260.
       10270.   6.604968E-5        10280.
       10290.   6.742571E-5        10300.
       10310.   6.742571E-5        10320.
       10330.   6.604968E-5        10340.
       10350.   6.604968E-5        10360.
       10370.   6.880175E-5        10380.
       10390.   6.604968E-5        10400.
       10410.   6.742571E-5        10420.
       10430.   6.329761E-5        10440.
       10450.   6.054554E-5        10460.
       10470.   6.467364E-5        10480.
       10490.   6.054554E-5        10500.
       10510.   5.641743E-5        10520.
       10530.   6.054554E-5        10540.
       10550.   5.779347E-5        10560.
       10570.   5.779347E-5        10580.
       10590.   6.329761E-5        10600.
       10610.   6.054554E-5        10620.
       10630.   6.054554E-5        10640.
       10650.   5.916950E-5        10660.
       10670.   6.054554E-5        10680.
       10690.   5.916950E-5        10700.
       10710.   5.641743E-5        10720.
       10730.   5.641743E-5        10740.
       10750.   5.916950E-5        10760.
       10770.   5.641743E-5        10780.
       10790.   6.329761E-5        10800.
       10810.   5.779347E-5        10820.
       10830.   6.054554E-5        10840.
       10850.   6.329761E-5        10860.
       10870.   4.953726E-5        10880.
       10890.   6.054554E-5        10900.
       10910.   5.366536E-5        10920.
       10930.   5.366536E-5        10940.
       10950.   5.504140E-5        10960.
       10970.   5.504140E-5        10980.
       10990.   5.228933E-5        11000.
