         100.            0.            0.
        1860.   1.000000E-5            0.
        1870.   5.000000E-5            0.
        1880.   6.000000E-5            0.
        1890.   2.000000E-5            0.
        1900.   2.000000E-5            0.
        1910.   3.000000E-5            0.
        1920.   1.000000E-5            0.
        1930.   1.000000E-5            0.
        1940.   1.000000E-5            0.
        1950.   2.000000E-5            0.
        1960.            0.            0.
        1970.            0.            0.
        1980.            0.            0.
        1990.   1.000000E-5            0.
        2000.            0.            0.
        2010.            0.            0.
        2020.            0.            0.
        2030.            0.            0.
        2040.            0.            0.
        2050.            0.            0.
        2060.            0.            0.
        2070.            0.            0.
        2080.            0.            0.
        2090.            0.            0.
        2100.            0.            0.
        2110.            0.            0.
        2120.            0.            0.
        2130.            0.            0.
        2140.            0.            0.
        2150.            0.            0.
        2160.            0.            0.
        2170.            0.            0.
        2180.            0.            0.
        2190.            0.            0.
        2200.            0.            0.
        2210.            0.            0.
        2220.            0.            0.
        2230.            0.            0.
        2240.            0.            0.
        2250.            0.            0.
        2260.            0.            0.
        2270.            0.            0.
        2280.            0.            0.
        2290.            0.            0.
        2300.            0.            0.
        2310.            0.            0.
        2320.            0.            0.
        2330.            0.            0.
        2340.            0.            0.
        2350.            0.            0.
        2360.            0.            0.
        2370.            0.            0.
        2380.            0.            0.
        2390.            0.            0.
        2400.            0.            0.
        2410.            0.            0.
        2420.            0.            0.
        2430.            0.            0.
        2440.            0.            0.
        2450.            0.            0.
        2460.            0.            0.
        2470.            0.            0.
        2480.            0.            0.
        2490.            0.            0.
        2500.            0.            0.
        2510.            0.            0.
        2520.            0.            0.
        2530.            0.            0.
        2540.            0.            0.
        2550.            0.            0.
        2560.            0.            0.
        2570.            0.            0.
        2580.            0.            0.
        2590.            0.            0.
        2600.            0.            0.
        2610.            0.            0.
        2620.            0.            0.
        2630.            0.            0.
        2640.            0.            0.
        2650.            0.            0.
        2660.            0.            0.
        2670.            0.            0.
        2680.            0.            0.
        2690.            0.            0.
        2700.            0.            0.
        2710.            0.            0.
        2720.            0.            0.
        2730.            0.            0.
        2740.            0.            0.
        2750.            0.            0.
        2760.            0.            0.
        2770.            0.            0.
        2780.            0.            0.
        2790.            0.            0.
        2800.            0.            0.
        2810.            0.            0.
        2820.            0.            0.
        2830.            0.            0.
        2840.            0.            0.
        2850.            0.            0.
        2860.            0.            0.
        2870.            0.            0.
        2880.            0.            0.
        2890.            0.            0.
        2900.            0.            0.
        2910.            0.            0.
        2920.            0.            0.
        2930.            0.            0.
        2940.            0.            0.
        2950.            0.            0.
        2960.            0.            0.
        2970.            0.            0.
        2980.            0.            0.
        2990.            0.            0.
        3000.            0.            0.
        3010.            0.            0.
        3020.            0.            0.
        3030.            0.            0.
        3040.            0.            0.
        3050.            0.            0.
        3060.            0.            0.
        3070.            0.            0.
        3080.            0.            0.
        3090.            0.            0.
        3100.            0.            0.
        3110.            0.            0.
        3120.            0.            0.
        3130.            0.            0.
        3140.   1.000000E-5            0.
        3150.   3.000000E-5            0.
        3160.   8.000000E-5            0.
        3170.   1.700000E-4            0.
        3180.   3.900000E-4            0.
        3190.   7.400000E-4            0.
        3200.       0.00143            0.
        3210.       0.00242            0.
        3220.       0.00412            0.
        3230.       0.00629            0.
        3240.       0.00967            0.
        3250.       0.01352            0.
        3260.       0.01902            0.
        3270.       0.02485            0.
        3290.       0.03024            0.
        3292.       0.03172            0.
        3294.       0.03326            0.
        3296.       0.03476            0.
        3298.        0.0362            0.
        3300.       0.03776            0.
        3302.       0.03936            0.
        3304.        0.0409            0.
        3306.        0.0425            0.
        3308.        0.0442            0.
        3310.       0.04592            0.
        3312.       0.04758            0.
        3314.        0.0492            0.
        3316.       0.05092            0.
        3318.       0.05278            0.
        3320.       0.05464            0.
        3322.        0.0565            0.
        3324.       0.05836            0.
        3326.       0.06024            0.
        3328.        0.0623            0.
        3330.       0.06424            0.
        3332.        0.0661            0.
        3334.       0.06812            0.
        3336.        0.0703            0.
        3338.       0.07252            0.
        3340.       0.07466            0.
        3342.       0.07673            0.
        3344.       0.07897            0.
        3346.       0.08138            0.
        3348.        0.0838            0.
        3350.       0.08616            0.
        3352.       0.08841            0.
        3354.       0.09087            0.
        3356.        0.0933            0.
        3358.       0.09569            0.
        3360.       0.09827            0.
        3362.       0.10099            0.
        3364.       0.10362            0.
        3366.        0.1063            0.
        3368.       0.10918            0.
        3370.       0.11212            0.
        3372.       0.11506            0.
        3374.        0.1179            0.
        3376.       0.12072            0.
        3378.        0.1237            0.
        3380.       0.12682            0.
        3382.       0.13004            0.
        3384.       0.13326            0.
        3386.       0.13643            0.
        3388.       0.13973            0.
        3390.       0.14297            0.
        3392.       0.14621            0.
        3394.       0.14947            0.
        3396.        0.1521            0.
        3398.        0.1532            0.
        3400.       0.15995            0.
        3402.       0.16327            0.
        3404.       0.16679            0.
        3406.       0.17045            0.
        3408.       0.17417            0.
        3410.       0.17783            0.
        3412.       0.18151            0.
        3414.       0.18515            0.
        3416.       0.18887            0.
        3418.       0.19269            0.
        3420.       0.19645            0.
        3422.       0.20007            0.
        3424.       0.20379            0.
        3426.       0.20755            0.
        3428.       0.21135            0.
        3430.       0.21499            0.
        3432.       0.21861            0.
        3434.       0.22223            0.
        3436.       0.22585            0.
        3438.       0.22937            0.
        3440.       0.23291            0.
        3442.       0.23653            0.
        3444.       0.24015            0.
        3446.       0.24371            0.
        3448.       0.24723            0.
        3450.       0.25071            0.
        3452.       0.25409            0.
        3454.       0.25729            0.
        3456.       0.26049            0.
        3458.       0.26361            0.
        3460.       0.26655            0.
        3462.       0.26951            0.
        3464.       0.27249            0.
        3466.       0.27539            0.
        3468.       0.27829            0.
        3470.       0.28119            0.
        3472.       0.28413            0.
        3474.       0.28691            0.
        3476.       0.28951            0.
        3478.       0.29205            0.
        3480.       0.29455            0.
        3482.       0.29695            0.
        3484.       0.29939            0.
        3486.       0.30189            0.
        3488.       0.30437            0.
        3490.       0.30671            0.
        3492.       0.30893            0.
        3494.       0.31119            0.
        3496.       0.31343            0.
        3498.       0.31565            0.
        3500.       0.31793            0.
        3502.       0.32013            0.
        3504.       0.32215            0.
        3506.       0.32413            0.
        3508.       0.32615            0.
        3510.       0.32819            0.
        3512.       0.33019            0.
        3514.       0.33221            0.
        3516.       0.33415            0.
        3518.       0.33605            0.
        3520.       0.33821            0.
        3522.       0.34039            0.
        3524.       0.34251            0.
        3526.       0.34467            0.
        3528.       0.34679            0.
        3530.       0.34875            0.
        3532.       0.35075            0.
        3534.       0.35281            0.
        3536.       0.35489            0.
        3538.       0.35697            0.
        3540.       0.35915            0.
        3542.       0.36133            0.
        3544.       0.36355            0.
        3546.       0.36573            0.
        3548.       0.36779            0.
        3550.       0.36995            0.
        3552.       0.37217            0.
        3554.       0.37439            0.
        3556.       0.37669            0.
        3558.       0.37905            0.
        3560.       0.38143            0.
        3562.       0.38387            0.
        3564.       0.38623            0.
        3566.       0.38846            0.
        3568.       0.39084            0.
        3570.       0.39338            0.
        3572.       0.39598            0.
        3574.        0.3984            0.
        3576.        0.4011            0.
        3578.       0.40395            0.
        3580.       0.40657            0.
        3582.       0.40897            0.
        3584.       0.41138            0.
        3586.       0.41396            0.
        3588.       0.41653            0.
        3590.       0.41914            0.
        3592.        0.4218            0.
        3594.       0.42455            0.
        3596.       0.42704            0.
        3598.        0.4295            0.
        3600.         0.432            0.
        3602.       0.43456            0.
        3604.       0.43725            0.
        3606.       0.43982            0.
        3608.       0.44226            0.
        3610.        0.4449            0.
        3612.       0.44774            0.
        3614.       0.45049            0.
        3616.       0.45307            0.
        3618.        0.4554            0.
        3620.       0.45778            0.
        3622.       0.46028            0.
        3624.       0.46272            0.
        3626.       0.46506            0.
        3628.       0.46742            0.
        3630.       0.46986            0.
        3632.       0.47212            0.
        3634.       0.47426            0.
        3636.       0.47656            0.
        3638.        0.4788            0.
        3640.       0.48088            0.
        3642.       0.48278            0.
        3644.       0.48468            0.
        3646.       0.48662            0.
        3648.       0.48854            0.
        3650.       0.49044            0.
        3652.       0.49234            0.
        3654.       0.49408            0.
        3656.       0.49564            0.
        3658.       0.49726            0.
        3660.       0.49902            0.
        3662.       0.50074            0.
        3664.       0.50232            0.
        3666.       0.50382            0.
        3668.       0.50514            0.
        3670.       0.50646            0.
        3672.        0.5079            0.
        3674.       0.50934            0.
        3676.       0.51072            0.
        3678.       0.51212            0.
        3680.       0.51346            0.
        3682.        0.5147            0.
        3684.       0.51586            0.
        3686.       0.51686            0.
        3688.       0.51782            0.
        3690.       0.51894            0.
        3692.       0.51986            0.
        3694.       0.52066            0.
        3696.       0.52172            0.
        3698.       0.52282            0.
        3700.       0.52396            0.
        3702.       0.52502            0.
        3704.       0.52586            0.
        3706.        0.5267            0.
        3708.       0.52766            0.
        3710.       0.52868            0.
        3712.       0.52962            0.
        3714.        0.5306            0.
        3716.       0.53148            0.
        3718.       0.53222            0.
        3720.       0.53308            0.
        3722.       0.53396            0.
        3724.       0.53472            0.
        3726.        0.5356            0.
        3728.       0.53654            0.
        3730.       0.53736            0.
        3732.       0.53822            0.
        3734.       0.53908            0.
        3736.       0.53994            0.
        3738.       0.54082            0.
        3740.       0.54184            0.
        3742.       0.54282            0.
        3744.       0.54382            0.
        3746.       0.54486            0.
        3748.        0.5458            0.
        3750.       0.54668            0.
        3752.        0.5477            0.
        3754.       0.54888            0.
        3756.       0.54998            0.
        3758.       0.55102            0.
        3760.       0.55206            0.
        3762.       0.55308            0.
        3764.        0.5542            0.
        3766.        0.5553            0.
        3768.       0.55624            0.
        3770.       0.55728            0.
        3772.       0.55852            0.
        3774.       0.55972            0.
        3776.       0.56094            0.
        3778.        0.5621            0.
        3780.       0.56339            0.
        3782.       0.56466            0.
        3784.       0.56574            0.
        3786.       0.56696            0.
        3788.       0.56818            0.
        3790.       0.56936            0.
        3792.       0.57062            0.
        3794.       0.57212            0.
        3796.       0.57358            0.
        3798.       0.57488            0.
        3800.       0.57618            0.
        3802.       0.57742            0.
        3804.       0.57872            0.
        3806.       0.58014            0.
        3808.        0.5815            0.
        3810.       0.58272            0.
        3812.       0.58398            0.
        3814.       0.58516            0.
        3816.       0.58628            0.
        3818.       0.58766            0.
        3820.       0.58916            0.
        3822.       0.59058            0.
        3824.       0.59186            0.
        3826.       0.59322            0.
        3828.       0.59468            0.
        3830.       0.59602            0.
        3832.       0.59728            0.
        3834.       0.59858            0.
        3836.       0.59984            0.
        3838.       0.60112            0.
        3840.       0.60228            0.
        3842.       0.60332            0.
        3844.        0.6045            0.
        3846.       0.60586            0.
        3848.       0.60714            0.
        3850.       0.60826            0.
        3852.        0.6095            0.
        3854.       0.61062            0.
        3856.       0.61172            0.
        3858.        0.6131            0.
        3860.       0.61466            0.
        3862.       0.61598            0.
        3864.       0.61718            0.
        3866.       0.61834            0.
        3868.       0.61936            0.
        3870.        0.6205            0.
        3872.        0.6215            0.
        3874.       0.62254            0.
        3876.        0.6236            0.
        3878.       0.62456            0.
        3880.        0.6254            0.
        3882.       0.62644            0.
        3884.       0.62738            0.
        3886.       0.62836            0.
        3888.       0.62942            0.
        3890.       0.63032            0.
        3892.        0.6313            0.
        3894.       0.63218            0.
        3896.       0.63288            0.
        3898.       0.63364            0.
        3900.       0.63462            0.
        3902.       0.63542            0.
        3904.       0.63634            0.
        3906.       0.63718            0.
        3908.       0.63788            0.
        3910.        0.6385            0.
        3912.       0.63896            0.
        3914.       0.63958            0.
        3916.        0.6404            0.
        3918.       0.64118            0.
        3920.        0.6417            0.
        3922.       0.64212            0.
        3924.       0.64262            0.
        3926.       0.64316            0.
        3928.       0.64366            0.
        3930.       0.64412            0.
        3932.       0.64474            0.
        3934.       0.64536            0.
        3936.       0.64574            0.
        3938.       0.64602            0.
        3940.       0.64644            0.
        3942.       0.64678            0.
        3944.       0.64708            0.
        3946.        0.6473            0.
        3948.       0.64752            0.
        3950.       0.64784            0.
        3952.        0.6482            0.
        3954.       0.64856            0.
        3956.       0.64886            0.
        3958.        0.6491            0.
        3960.       0.64928            0.
        3962.       0.64958            0.
        3964.       0.64972            0.
        3966.       0.64974            0.
        3968.       0.64972            0.
        3970.       0.64966            0.
        3972.        0.6497            0.
        3974.       0.64984            0.
        3976.       0.64996            0.
        3978.       0.65012            0.
        3980.        0.6501            0.
        3982.       0.65008            0.
        3984.       0.65004            0.
        3986.       0.64992            0.
        3988.          0.65            0.
        3990.       0.64984            0.
        3992.        0.6495            0.
        3994.       0.64932            0.
        3996.       0.64924            0.
        3998.       0.64916            0.
        4000.        0.6491            0.
        4002.        0.6488            0.
        4004.       0.64862            0.
        4006.       0.64864            0.
        4008.       0.64848            0.
        4010.       0.64818            0.
        4012.       0.64804            0.
        4014.       0.64778            0.
        4016.        0.6476            0.
        4018.       0.64744            0.
        4020.        0.6471            0.
        4022.       0.64678            0.
        4024.        0.6464            0.
        4026.       0.64592            0.
        4028.       0.64546            0.
        4030.       0.64516            0.
        4032.       0.64486            0.
        4034.       0.64472            0.
        4036.       0.64456            0.
        4038.       0.64424            0.
        4040.       0.64384            0.
        4042.        0.6437            0.
        4044.       0.64362            0.
        4046.       0.64342            0.
        4048.       0.64318            0.
        4050.       0.64308            0.
        4052.       0.64294            0.
        4054.       0.64266            0.
        4056.       0.64242            0.
        4058.       0.64216            0.
        4060.       0.64184            0.
        4062.        0.6415            0.
        4064.       0.64128            0.
        4066.        0.6411            0.
        4068.       0.64092            0.
        4070.        0.6407            0.
        4072.       0.64064            0.
        4074.       0.64062            0.
        4076.       0.64046            0.
        4078.        0.6402            0.
        4080.       0.64004            0.
        4082.       0.63976            0.
        4084.       0.63932            0.
        4086.         0.639            0.
        4088.        0.6388            0.
        4090.       0.63862            0.
        4092.       0.63852            0.
        4094.        0.6385            0.
        4096.       0.63836            0.
        4098.       0.63812            0.
        4100.       0.63774            0.
        4102.        0.6374            0.
        4104.       0.63718            0.
        4106.       0.63706            0.
        4108.       0.63702            0.
        4110.       0.63682            0.
        4112.       0.63656            0.
        4114.        0.6362            0.
        4116.       0.63582            0.
        4118.       0.63554            0.
        4120.       0.63534            0.
        4122.       0.63504            0.
        4124.       0.63466            0.
        4126.       0.63426            0.
        4128.       0.63376            0.
        4130.       0.63348            0.
        4132.       0.63332            0.
        4134.       0.63292            0.
        4136.       0.63236            0.
        4138.       0.63204            0.
        4140.       0.63186            0.
        4142.       0.63156            0.
        4144.        0.6312            0.
        4146.       0.63082            0.
        4148.       0.63064            0.
        4150.       0.63024            0.
        4152.       0.62984            0.
        4154.       0.62938            0.
        4156.       0.62884            0.
        4158.        0.6284            0.
        4160.       0.62796            0.
        4162.       0.62748            0.
        4164.       0.62682            0.
        4166.        0.6263            0.
        4168.       0.62562            0.
        4170.       0.62488            0.
        4172.       0.62426            0.
        4174.        0.6238            0.
        4176.       0.62321            0.
        4178.       0.62251            0.
        4180.        0.6217            0.
        4182.       0.62076            0.
        4184.       0.62001            0.
        4186.        0.6191            0.
        4188.       0.61804            0.
        4190.       0.61698            0.
        4192.       0.61596            0.
        4194.       0.61494            0.
        4196.        0.6139            0.
        4198.       0.61254            0.
        4200.       0.61118            0.
        4202.       0.60982            0.
        4204.       0.60844            0.
        4206.       0.60692            0.
        4208.       0.60538            0.
        4210.       0.60384            0.
        4212.       0.60229            0.
        4214.       0.60058            0.
        4216.       0.59892            0.
        4218.       0.59725            0.
        4220.       0.59526            0.
        4222.        0.5933            0.
        4224.       0.59122            0.
        4226.       0.58926            0.
        4228.       0.58724            0.
        4230.       0.58521            0.
        4232.         0.583            0.
        4234.       0.58074            0.
        4236.       0.57832            0.
        4238.       0.57608            0.
        4240.         0.574            0.
        4242.       0.57192            0.
        4244.       0.56966            0.
        4246.       0.56734            0.
        4248.       0.56508            0.
        4250.        0.5627            0.
        4252.       0.56037            0.
        4254.       0.55798            0.
        4256.       0.55571            0.
        4258.       0.55344            0.
        4260.       0.55126            0.
        4262.       0.54914            0.
        4264.       0.54718            0.
        4266.       0.54518            0.
        4268.        0.5432            0.
        4270.        0.5412            0.
        4272.       0.53938            0.
        4274.       0.53759            0.
        4276.       0.53587            0.
        4278.       0.53415            0.
        4280.       0.53251            0.
        4282.       0.53083            0.
        4284.       0.52909            0.
        4286.       0.52739            0.
        4288.       0.52562            0.
        4290.       0.52402            0.
        4292.       0.52264            0.
        4294.       0.52136            0.
        4296.       0.52004            0.
        4298.       0.51883            0.
        4300.       0.51757            0.
        4302.       0.51635            0.
        4304.       0.51507            0.
        4306.        0.5139            0.
        4308.        0.5129            0.
        4310.       0.51195            0.
        4312.       0.51102            0.
        4314.       0.51022            0.
        4316.        0.5095            0.
        4318.       0.50876            0.
        4320.       0.50808            0.
        4322.       0.50748            0.
        4324.       0.50694            0.
        4326.       0.50642            0.
        4328.       0.50592            0.
        4330.        0.5056            0.
        4332.        0.5054            0.
        4334.       0.50514            0.
        4336.       0.50506            0.
        4338.       0.50502            0.
        4340.       0.50508            0.
        4342.       0.50514            0.
        4344.       0.50522            0.
        4346.       0.50532            0.
        4348.        0.5054            0.
        4350.       0.50564            0.
        4352.        0.5059            0.
        4354.        0.5062            0.
        4356.       0.50648            0.
        4358.       0.50678            0.
        4360.       0.50714            0.
        4362.       0.50754            0.
        4364.        0.5079            0.
        4366.       0.50812            0.
        4368.       0.50828            0.
        4370.       0.50842            0.
        4372.       0.50846            0.
        4374.       0.50826            0.
        4376.       0.50814            0.
        4378.       0.50802            0.
        4380.       0.50766            0.
        4382.       0.50706            0.
        4384.       0.50636            0.
        4386.       0.50546            0.
        4388.       0.50424            0.
        4390.       0.50288            0.
        4392.       0.50126            0.
        4394.       0.49936            0.
        4396.       0.49713            0.
        4398.       0.49465            0.
        4400.       0.49182            0.
        4402.       0.48866            0.
        4404.       0.48501            0.
        4406.       0.48108            0.
        4408.       0.47683            0.
        4410.         0.472            0.
        4412.       0.46685            0.
        4414.       0.46146            0.
        4416.       0.45556            0.
        4418.       0.44929            0.
        4420.       0.44265            0.
        4422.       0.43543            0.
        4424.       0.42784            0.
        4426.       0.41989            0.
        4428.        0.4117            0.
        4430.       0.40324            0.
        4432.        0.3944            0.
        4434.       0.38535            0.
        4436.       0.37606            0.
        4438.       0.36652            0.
        4440.       0.35676            0.
        4442.       0.34687            0.
        4444.       0.33695            0.
        4446.       0.32706            0.
        4448.       0.31711            0.
        4450.       0.30716            0.
        4452.       0.29717            0.
        4454.       0.28722            0.
        4456.       0.27742            0.
        4458.       0.26763            0.
        4460.        0.2579            0.
        4462.       0.24833            0.
        4464.       0.23899            0.
        4466.        0.2298            0.
        4468.       0.22081            0.
        4470.       0.21214            0.
        4472.       0.20368            0.
        4474.        0.1954            0.
        4476.       0.18736            0.
        4478.       0.17967            0.
        4480.       0.17221            0.
        4482.       0.16502            0.
        4484.       0.15807            0.
        4486.        0.1513            0.
        4488.       0.14474            0.
        4490.       0.13847            0.
        4492.       0.13248            0.
        4494.       0.12679            0.
        4496.       0.12126            0.
        4498.       0.11599            0.
        4500.       0.11096            0.
        4502.       0.10614            0.
        4504.       0.10153            0.
        4506.       0.09712            0.
        4508.       0.09299            0.
        4510.         0.089            0.
        4512.       0.08524            0.
        4514.       0.08162            0.
        4516.       0.07816            0.
        4518.       0.07487            0.
        4520.       0.07172            0.
        4522.       0.06867            0.
        4524.       0.06582            0.
        4526.        0.0631            0.
        4528.       0.06047            0.
        4530.       0.05793            0.
        4532.       0.05556            0.
        4534.       0.05332            0.
        4536.       0.05119            0.
        4538.       0.04911            0.
        4540.       0.04714            0.
        4542.       0.04524            0.
        4544.       0.04347            0.
        4546.       0.04179            0.
        4548.       0.04013            0.
        4550.       0.03854            0.
        4552.         0.037            0.
        4554.       0.03557            0.
        4556.       0.03423            0.
        4558.       0.03291            0.
        4580.       0.02474            0.
        4590.       0.02038            0.
        4600.       0.01726            0.
        4610.       0.01433            0.
        4620.       0.01221            0.
        4630.       0.01019            0.
        4640.       0.00871            0.
        4650.        0.0073            0.
        4660.       0.00625            0.
        4670.       0.00524            0.
        4680.       0.00449            0.
        4690.       0.00376            0.
        4700.       0.00322            0.
        4710.        0.0027            0.
        4720.       0.00232            0.
        4730.       0.00195            0.
        4740.       0.00168            0.
        4750.       0.00141            0.
        4760.       0.00121            0.
        4770.       0.00102            0.
        4780.   8.800000E-4            0.
        4790.   7.400000E-4            0.
        4800.   6.300000E-4            0.
        4810.   5.300000E-4            0.
        4820.   4.500000E-4            0.
        4830.   3.800000E-4            0.
        4840.   3.200000E-4            0.
        4850.   2.700000E-4            0.
        4860.   2.300000E-4            0.
        4870.   1.900000E-4            0.
        4880.   1.700000E-4            0.
        4890.   1.400000E-4            0.
        4900.   1.200000E-4            0.
        4910.   1.000000E-4            0.
        4920.   9.000000E-5            0.
        4930.   7.000000E-5            0.
        4940.   7.000000E-5            0.
        4950.   6.000000E-5            0.
        4960.   5.000000E-5            0.
        4970.   4.000000E-5            0.
        4980.   4.000000E-5            0.
        4990.   3.000000E-5            0.
        5000.   3.000000E-5            0.
        5010.   2.000000E-5            0.
        5020.   2.000000E-5            0.
        5030.   2.000000E-5            0.
        5040.   1.000000E-5            0.
        5050.   1.000000E-5            0.
        5060.   1.000000E-5            0.
        5070.   1.000000E-5            0.
        5080.   1.000000E-5            0.
        5090.   1.000000E-5            0.
        5100.            0.            0.
        5110.            0.            0.
        5120.            0.            0.
        5130.            0.            0.
        5140.            0.            0.
        5150.            0.            0.
        5160.            0.            0.
        5170.            0.            0.
        5180.            0.            0.
        5190.            0.            0.
        5200.            0.            0.
        5210.            0.            0.
        5220.            0.            0.
        5230.            0.            0.
        5240.            0.            0.
        5250.            0.            0.
        5260.            0.            0.
        5270.            0.            0.
        5280.            0.            0.
        5290.            0.            0.
        5300.            0.            0.
        5310.            0.            0.
        5320.            0.            0.
        5330.            0.            0.
        5340.            0.            0.
        5350.            0.            0.
        5360.            0.            0.
        5370.            0.            0.
        5380.            0.            0.
        5390.            0.            0.
        5400.            0.            0.
        5410.            0.            0.
        5420.            0.            0.
        5430.            0.            0.
        5440.            0.            0.
        5450.            0.            0.
        5460.            0.            0.
        5470.            0.            0.
        5480.            0.            0.
        5490.            0.            0.
        5500.            0.            0.
        5510.            0.            0.
        5520.            0.            0.
        5530.            0.            0.
        5540.            0.            0.
        5550.            0.            0.
        5560.            0.            0.
        5570.            0.            0.
        5580.            0.            0.
        5590.   1.000000E-5            0.
        5600.   1.000000E-5            0.
        5610.   1.000000E-5            0.
        5620.   1.000000E-5            0.
        5630.   1.000000E-5            0.
        5640.   1.000000E-5            0.
        5650.   1.000000E-5            0.
        5660.   1.000000E-5            0.
        5670.   1.000000E-5            0.
        5680.   1.000000E-5            0.
        5690.   1.000000E-5            0.
        5700.            0.            0.
        5710.            0.            0.
        5720.            0.            0.
        5730.            0.            0.
        5740.            0.            0.
        5750.            0.            0.
        5760.            0.            0.
        5770.            0.            0.
        5780.            0.            0.
        5790.            0.            0.
        5800.            0.            0.
        5810.            0.            0.
        5820.            0.            0.
        5830.            0.            0.
        5840.            0.            0.
        5850.            0.            0.
        5860.            0.            0.
        5870.            0.            0.
        5880.            0.            0.
        5890.            0.            0.
        5900.            0.            0.
        5910.            0.            0.
        5920.            0.            0.
        5930.            0.            0.
        5940.            0.            0.
        5950.            0.            0.
        5960.            0.            0.
        5970.            0.            0.
        5980.            0.            0.
        5990.            0.            0.
        6000.            0.            0.
        6010.            0.            0.
        6020.            0.            0.
        6030.            0.            0.
        6040.            0.            0.
        6050.            0.            0.
        6060.            0.            0.
        6070.            0.            0.
        6080.            0.            0.
        6090.            0.            0.
        6100.            0.            0.
        6110.            0.            0.
        6120.            0.            0.
        6130.            0.            0.
        6140.            0.            0.
        6150.            0.            0.
        6160.            0.            0.
        6170.            0.            0.
        6180.            0.            0.
        6190.            0.            0.
        6200.            0.            0.
        6210.            0.            0.
        6220.            0.            0.
        6230.            0.            0.
        6240.            0.            0.
        6250.            0.            0.
        6260.            0.            0.
        6270.            0.            0.
        6280.            0.            0.
        6290.            0.            0.
        6300.            0.            0.
        6310.            0.            0.
        6320.            0.            0.
        6330.            0.            0.
        6340.            0.            0.
        6350.            0.            0.
        6360.            0.            0.
        6370.            0.            0.
        6380.            0.            0.
        6390.            0.            0.
        6400.            0.            0.
        6410.            0.            0.
        6420.            0.            0.
        6430.            0.            0.
        6440.            0.            0.
        6450.            0.            0.
        6460.            0.            0.
        6470.            0.            0.
        6480.            0.            0.
        6490.            0.            0.
        6500.            0.            0.
        6510.            0.            0.
        6520.            0.            0.
        6530.            0.            0.
        6540.            0.            0.
        6550.            0.            0.
        6560.            0.            0.
        6570.            0.            0.
        6580.            0.            0.
        6590.            0.            0.
        6600.            0.            0.
        6610.            0.            0.
        6620.            0.            0.
        6630.            0.            0.
        6640.            0.            0.
        6650.            0.            0.
        6660.            0.            0.
        6670.            0.            0.
        6680.            0.            0.
        6690.            0.            0.
        6700.            0.            0.
        6710.            0.            0.
        6720.            0.            0.
        6730.            0.            0.
        6740.            0.            0.
        6750.            0.            0.
        6760.            0.            0.
        6770.            0.            0.
        6780.            0.            0.
        6790.            0.            0.
        6800.            0.            0.
        6810.            0.            0.
        6820.            0.            0.
        6830.            0.            0.
        6840.            0.            0.
        6850.            0.            0.
        6860.            0.            0.
        6870.            0.            0.
        6880.            0.            0.
        6890.            0.            0.
        6900.            0.            0.
        6910.            0.            0.
        6920.            0.            0.
        6930.   1.000000E-5            0.
        6940.   1.000000E-5            0.
        6950.   1.000000E-5            0.
        6960.   1.000000E-5            0.
        6970.   1.000000E-5            0.
        6980.   1.000000E-5            0.
        6990.   1.000000E-5            0.
        7000.   1.000000E-5            0.
        7010.   1.000000E-5            0.
        7020.   1.000000E-5            0.
        7030.   1.000000E-5            0.
        7040.   1.000000E-5            0.
        7050.   1.000000E-5            0.
        7060.   1.000000E-5            0.
        7070.   1.000000E-5            0.
        7080.   1.000000E-5            0.
        7090.   1.000000E-5            0.
        7100.   1.000000E-5            0.
        7110.            0.            0.
        7120.            0.            0.
        7130.            0.            0.
        7140.            0.            0.
        7150.            0.            0.
        7160.            0.            0.
        7170.            0.            0.
        7180.            0.            0.
        7190.            0.            0.
        7200.            0.            0.
        7210.            0.            0.
        7220.            0.            0.
        7230.            0.            0.
        7240.            0.            0.
        7250.            0.            0.
        7260.            0.            0.
        7270.            0.            0.
        7280.            0.            0.
        7290.            0.            0.
        7300.            0.            0.
        7310.            0.            0.
        7320.            0.            0.
        7330.            0.            0.
        7340.            0.            0.
        7350.            0.            0.
        7360.            0.            0.
        7370.            0.            0.
        7380.            0.            0.
        7390.            0.            0.
        7400.            0.            0.
        7410.            0.            0.
        7420.            0.            0.
        7430.            0.            0.
        7440.            0.            0.
        7450.            0.            0.
        7460.            0.            0.
        7470.            0.            0.
        7480.            0.            0.
        7490.            0.            0.
        7500.            0.            0.
        7510.            0.            0.
        7520.            0.            0.
        7530.            0.            0.
        7540.            0.            0.
        7550.            0.            0.
        7560.            0.            0.
        7570.            0.            0.
        7580.            0.            0.
        7590.            0.            0.
        7600.            0.            0.
        7610.            0.            0.
        7620.            0.            0.
        7630.            0.            0.
        7640.            0.            0.
        7650.            0.            0.
        7660.            0.            0.
        7670.            0.            0.
        7680.            0.            0.
        7690.            0.            0.
        7700.            0.            0.
        7710.            0.            0.
        7720.            0.            0.
        7730.            0.            0.
        7740.            0.            0.
        7750.            0.            0.
        7760.            0.            0.
        7770.            0.            0.
        7780.            0.            0.
        7790.            0.            0.
        7800.            0.            0.
        7810.            0.            0.
        7820.            0.            0.
        7830.            0.            0.
        7840.            0.            0.
        7850.            0.            0.
        7860.            0.            0.
        7870.            0.            0.
        7880.            0.            0.
        7890.            0.            0.
        7900.            0.            0.
        7910.            0.            0.
        7920.            0.            0.
        7930.            0.            0.
        7940.            0.            0.
        7950.            0.            0.
        7960.            0.            0.
        7970.            0.            0.
        7980.            0.            0.
        7990.            0.            0.
        8000.            0.            0.
        8010.            0.            0.
        8020.            0.            0.
        8030.            0.            0.
        8040.            0.            0.
        8050.            0.            0.
        8060.            0.            0.
        8070.            0.            0.
        8080.            0.            0.
        8090.            0.            0.
        8100.            0.            0.
        8110.            0.            0.
        8120.            0.            0.
        8130.            0.            0.
        8140.            0.            0.
        8150.            0.            0.
        8160.            0.            0.
        8170.            0.            0.
        8180.            0.            0.
        8190.            0.            0.
        8200.            0.            0.
        8210.            0.            0.
        8220.            0.            0.
        8230.            0.            0.
        8240.            0.            0.
        8250.            0.            0.
        8260.            0.            0.
        8270.            0.            0.
        8280.            0.            0.
        8290.            0.            0.
        8300.            0.            0.
        8310.            0.            0.
        8320.            0.            0.
        8330.            0.            0.
        8340.            0.            0.
        8350.            0.            0.
        8360.            0.            0.
        8370.            0.            0.
        8380.            0.            0.
        8390.            0.            0.
        8400.            0.            0.
        8410.            0.            0.
        8420.            0.            0.
        8430.            0.            0.
        8440.            0.            0.
        8450.            0.            0.
        8460.            0.            0.
        8470.            0.            0.
        8480.            0.            0.
        8490.            0.            0.
        8500.            0.            0.
        8510.            0.            0.
        8520.            0.            0.
        8530.            0.            0.
        8540.            0.            0.
        8550.            0.            0.
        8560.            0.            0.
        8570.            0.            0.
        8580.            0.            0.
        8590.            0.            0.
        8600.            0.            0.
        8610.            0.            0.
        8620.            0.            0.
        8630.            0.            0.
        8640.            0.            0.
        8650.            0.            0.
        8660.            0.            0.
        8670.            0.            0.
        8680.            0.            0.
        8690.            0.            0.
        8700.            0.            0.
        8710.            0.            0.
        8720.            0.            0.
        8730.            0.            0.
        8740.            0.            0.
        8750.            0.            0.
        8760.            0.            0.
        8770.            0.            0.
        8780.            0.            0.
        8790.            0.            0.
        8800.            0.            0.
        8810.            0.            0.
        8820.            0.            0.
        8830.            0.            0.
        8840.            0.            0.
        8850.            0.            0.
        8860.            0.            0.
        8870.            0.            0.
        8880.            0.            0.
        8890.            0.            0.
        8900.            0.            0.
        8910.            0.            0.
        8920.            0.            0.
        8930.            0.            0.
        8940.            0.            0.
        8950.            0.            0.
        8960.            0.            0.
        8970.            0.            0.
        8980.            0.            0.
        8990.            0.            0.
        9000.            0.            0.
        9010.            0.            0.
        9020.            0.            0.
        9030.            0.            0.
        9040.            0.            0.
        9050.            0.            0.
        9060.            0.            0.
        9070.            0.            0.
        9080.            0.            0.
        9090.            0.            0.
        9100.            0.            0.
        9110.            0.            0.
        9120.            0.            0.
        9130.            0.            0.
        9140.            0.            0.
        9150.            0.            0.
        9160.            0.            0.
        9170.            0.            0.
        9180.            0.            0.
        9190.            0.            0.
        9200.            0.            0.
        9210.            0.            0.
        9220.            0.            0.
        9230.            0.            0.
        9240.            0.            0.
        9250.            0.            0.
        9260.            0.            0.
        9270.            0.            0.
        9280.            0.            0.
        9290.            0.            0.
        9300.            0.            0.
        9310.            0.            0.
        9320.            0.            0.
        9330.            0.            0.
        9340.            0.            0.
        9350.            0.            0.
        9360.            0.            0.
        9370.            0.            0.
        9380.            0.            0.
        9390.            0.            0.
        9400.            0.            0.
        9410.            0.            0.
        9420.            0.            0.
        9430.            0.            0.
        9440.            0.            0.
        9450.            0.            0.
        9460.            0.            0.
        9470.            0.            0.
        9480.            0.            0.
        9490.            0.            0.
        9500.            0.            0.
        9510.            0.            0.
        9520.            0.            0.
        9530.            0.            0.
        9540.            0.            0.
        9550.            0.            0.
        9560.            0.            0.
        9570.            0.            0.
        9580.            0.            0.
        9590.            0.            0.
        9600.            0.            0.
        9610.            0.            0.
        9620.            0.            0.
        9630.            0.            0.
        9640.            0.            0.
        9650.            0.            0.
        9660.            0.            0.
        9670.            0.            0.
        9680.            0.            0.
        9690.            0.            0.
        9700.            0.            0.
        9710.            0.            0.
        9720.            0.            0.
        9730.            0.            0.
        9740.            0.            0.
        9750.            0.            0.
        9760.            0.            0.
        9770.            0.            0.
        9780.            0.            0.
        9790.            0.            0.
        9800.            0.            0.
        9810.            0.            0.
        9820.            0.            0.
        9830.            0.            0.
        9840.            0.            0.
        9850.            0.            0.
        9860.            0.            0.
        9870.            0.            0.
        9880.            0.            0.
        9890.            0.            0.
        9900.            0.            0.
        9910.            0.            0.
        9920.            0.            0.
        9930.            0.            0.
        9940.            0.            0.
        9950.            0.            0.
        9960.            0.            0.
        9970.            0.            0.
        9980.            0.            0.
        9990.            0.            0.
       10000.            0.            0.
       10010.            0.            0.
       10020.            0.            0.
       10030.            0.            0.
       10040.            0.            0.
       10050.            0.            0.
       10060.            0.            0.
       10070.            0.            0.
       10080.            0.            0.
       10090.            0.            0.
       10100.            0.            0.
       10110.            0.            0.
       10120.            0.            0.
       10130.            0.            0.
       10140.            0.            0.
       10150.            0.            0.
       10160.            0.            0.
       10170.            0.            0.
       10180.            0.            0.
       10190.            0.            0.
       10200.            0.            0.
       10210.            0.            0.
       10220.            0.            0.
       10230.            0.            0.
       10240.            0.            0.
       10250.            0.            0.
       10260.            0.            0.
       10270.            0.            0.
       10280.            0.            0.
       10290.            0.            0.
       10300.            0.            0.
       10310.            0.            0.
       10320.            0.            0.
       10330.            0.            0.
       10340.            0.            0.
       10350.            0.            0.
       10360.            0.            0.
       10370.            0.            0.
       10380.            0.            0.
       10390.            0.            0.
       10400.            0.            0.
       10410.            0.            0.
       10420.            0.            0.
       10430.            0.            0.
       10440.            0.            0.
       10450.            0.            0.
       10460.            0.            0.
       10470.            0.            0.
       10480.            0.            0.
       10490.            0.            0.
       10500.            0.            0.
       10510.            0.            0.
       10520.            0.            0.
       10530.            0.            0.
       10540.            0.            0.
       10550.            0.            0.
       10560.            0.            0.
       10570.            0.            0.
       10580.            0.            0.
       10590.            0.            0.
       10600.            0.            0.
       10610.            0.            0.
       10620.            0.            0.
       10630.            0.            0.
       10640.            0.            0.
       10650.            0.            0.
       10660.            0.            0.
       10670.            0.            0.
       10680.            0.            0.
       10690.            0.            0.
       10700.            0.            0.
       10710.            0.            0.
       10720.            0.            0.
       10730.            0.            0.
       10740.            0.            0.
       10750.            0.            0.
       10760.            0.            0.
       10770.            0.            0.
       10780.            0.            0.
       10790.            0.            0.
       10800.            0.            0.
       10810.            0.            0.
       10820.            0.            0.
       10830.            0.            0.
       10840.            0.            0.
       10850.            0.            0.
       10860.            0.            0.
       10870.            0.            0.
       10880.            0.            0.
       10890.            0.            0.
       10900.            0.            0.
       10910.            0.            0.
       10920.            0.            0.
       10930.            0.            0.
       10940.            0.            0.
       10950.            0.            0.
       10960.            0.            0.
       10970.            0.            0.
       10980.            0.            0.
       10990.            0.            0.
       11000.            0.            0.
       13000.            0.            0.
