        1216.        0.0884
        1354.        0.1062
        1487.        0.1208
        1545.        0.1356
        1648.        0.1414
        1750.        0.1538
        1879.        0.1519
        2000.        0.1427
        2138.        0.1402
        2296.        0.1409
        2537.        0.1477
        2700.         0.133
        2900.        0.1321
        3100.         0.113
        4000.         0.151
        4200.        0.1451
        4500.        0.1522
        5000.        0.2254
        5600.        0.3323
        6000.        0.3757
        6500.        0.3912
        7000.        0.3916
        7500.        0.3588
        8000.        0.2991
        8500.        0.2184
        9000.        0.1376
        9500.        0.0656
       10000.        0.0224
       10500.        0.0034
       11000.   7.000000E-4
