        1850.   1.262201E-6            0.
        1860.   1.270807E-6            0.
        1870.   4.532448E-6            0.
        1880.   3.797120E-6            0.
        1890.   8.262633E-7            0.
        1900.   9.049596E-7            0.
        1910.   5.274468E-7            0.
        1920.   6.558662E-7            0.
        1930.   1.842622E-6            0.
        1940.   8.080953E-7            0.
        1950.   6.954534E-7            0.
        1960.   1.351128E-6            0.
        1970.   5.576632E-7            0.
        1980.   4.166218E-7            0.
        1990.   4.503761E-7            0.
        2000.   4.654843E-7            0.
        2010.   4.143269E-7            0.
        2020.   4.142313E-7            0.
        2030.   4.148050E-7            0.
        2040.   4.145182E-7            0.
        2050.   5.530733E-7            0.
        2060.   4.801144E-7            0.
        2070.   4.218810E-7            0.
        2080.   4.226459E-7            0.
        2090.   4.147094E-7            0.
        2100.   4.147094E-7            0.
        2110.   4.145182E-7            0.
        2120.   4.273314E-7            0.
        2130.   4.144225E-7            0.
        2140.   4.144225E-7            0.
        2150.   4.143269E-7            0.
        2160.   4.147094E-7            0.
        2170.   4.143269E-7            0.
        2180.   4.144225E-7            0.
        2190.   4.143269E-7            0.
        2200.   4.142313E-7            0.
        2210.   4.141357E-7            0.
        2220.   4.140400E-7            0.
        2230.   4.142313E-7            0.
        2240.   4.139444E-7            0.
        2250.   4.141357E-7            0.
        2260.   4.141357E-7            0.
        2270.   4.141357E-7            0.
        2280.   4.139444E-7            0.
        2290.   4.142313E-7            0.
        2300.   4.140400E-7            0.
        2310.   4.138488E-7            0.
        2320.   4.138488E-7            0.
        2330.   4.139444E-7            0.
        2340.   4.138488E-7            0.
        2350.   4.137532E-7            0.
        2360.   4.138488E-7            0.
        2370.   4.135619E-7            0.
        2380.   4.138488E-7            0.
        2390.   4.137532E-7            0.
        2400.   4.136575E-7            0.
        2410.   4.133707E-7            0.
        2420.   4.136575E-7            0.
        2430.   4.134663E-7            0.
        2440.   4.134663E-7            0.
        2450.   4.133707E-7            0.
        2460.   4.134663E-7            0.
        2470.   4.132751E-7            0.
        2480.   4.131795E-7            0.
        2490.   4.133707E-7            0.
        2500.   4.129882E-7            0.
        2510.   4.131795E-7            0.
        2520.   4.130839E-7            0.
        2530.   4.131795E-7            0.
        2540.   4.130839E-7            0.
        2550.   4.133707E-7            0.
        2560.   4.131795E-7            0.
        2570.   4.130839E-7            0.
        2580.   4.131795E-7            0.
        2590.   4.133707E-7            0.
        2600.   4.133707E-7            0.
        2610.   4.130839E-7            0.
        2620.   4.132751E-7            0.
        2630.   4.128926E-7            0.
        2640.   4.131795E-7            0.
        2650.   4.132751E-7            0.
        2660.   4.134663E-7            0.
        2670.   4.132751E-7            0.
        2680.   4.135619E-7            0.
        2690.   4.133707E-7            0.
        2700.   4.130839E-7            0.
        2710.   4.131795E-7            0.
        2720.   4.133707E-7            0.
        2730.   4.134663E-7            0.
        2740.   4.131795E-7            0.
        2750.   4.133707E-7            0.
        2760.   4.128926E-7            0.
        2770.   4.131795E-7            0.
        2780.   4.132751E-7            0.
        2790.   4.133707E-7            0.
        2800.   4.132751E-7            0.
        2810.   4.135619E-7            0.
        2820.   4.132751E-7            0.
        2830.   4.130839E-7            0.
        2840.   4.129882E-7            0.
        2850.   4.131795E-7            0.
        2860.   4.131795E-7            0.
        2870.   4.130839E-7            0.
        2880.   4.133707E-7            0.
        2890.   4.129882E-7            0.
        2900.   4.130839E-7            0.
        2910.   4.130839E-7            0.
        2920.   4.130839E-7            0.
        2930.   4.130839E-7            0.
        2940.   4.132751E-7            0.
        2950.   4.132751E-7            0.
        2960.   4.129882E-7            0.
        2970.   4.129882E-7            0.
        2980.   4.131795E-7            0.
        2990.   4.131795E-7            0.
        3000.   4.128926E-7            0.
        3010.   4.132751E-7            0.
        3020.   4.128926E-7            0.
        3030.   4.130839E-7            0.
        3040.   4.130839E-7            0.
        3050.   4.130839E-7            0.
        3060.   4.130839E-7            0.
        3070.   4.130839E-7            0.
        3080.   4.132751E-7            0.
        3090.   4.129882E-7            0.
        3100.   4.130839E-7            0.
        3110.   4.130839E-7            0.
        3120.   4.130839E-7            0.
        3130.   4.127970E-7            0.
        3140.   4.131795E-7            0.
        3150.   4.130839E-7            0.
        3160.   4.129882E-7            0.
        3170.   4.128926E-7            0.
        3180.   4.129882E-7            0.
        3190.   4.130839E-7            0.
        3200.   4.131795E-7            0.
        3210.   4.133707E-7            0.
        3220.   4.129882E-7            0.
        3230.   4.131795E-7            0.
        3240.   4.132751E-7            0.
        3250.   4.131795E-7            0.
        3260.   4.129882E-7            0.
        3270.   4.133707E-7            0.
        3280.   4.133707E-7            0.
        3290.   4.133707E-7            0.
        3300.   4.132751E-7            0.
        3310.   4.133707E-7            0.
        3320.   4.132751E-7            0.
        3330.   4.131795E-7            0.
        3340.   4.134663E-7            0.
        3350.   4.132751E-7            0.
        3360.   4.134663E-7            0.
        3370.   4.135619E-7            0.
        3380.   4.134663E-7            0.
        3390.   4.131795E-7            0.
        3400.   4.134663E-7            0.
        3410.   4.138488E-7            0.
        3420.   4.138488E-7            0.
        3430.   4.136575E-7            0.
        3440.   4.137532E-7            0.
        3450.   4.133707E-7            0.
        3460.   4.135619E-7            0.
        3470.   4.136575E-7            0.
        3480.   4.136575E-7            0.
        3490.   4.134663E-7            0.
        3500.   4.136575E-7            0.
        3510.   4.135619E-7            0.
        3520.   4.133707E-7            0.
        3530.   4.133707E-7            0.
        3540.   4.135619E-7            0.
        3550.   4.136575E-7            0.
        3560.   4.133707E-7            0.
        3570.   4.135619E-7            0.
        3580.   4.131795E-7            0.
        3590.   4.131795E-7            0.
        3600.   4.130839E-7            0.
        3610.   4.132751E-7            0.
        3620.   4.131795E-7            0.
        3630.   4.133707E-7            0.
        3640.   4.132751E-7            0.
        3650.   4.130839E-7            0.
        3660.   4.132751E-7            0.
        3670.   4.133707E-7            0.
        3680.   4.132751E-7            0.
        3690.   4.132751E-7            0.
        3700.   4.136575E-7            0.
        3710.   4.132751E-7            0.
        3720.   4.132751E-7            0.
        3730.   4.132751E-7            0.
        3740.   4.132751E-7            0.
        3750.   4.132751E-7            0.
        3760.   4.135619E-7            0.
        3770.   4.136575E-7            0.
        3780.   4.133707E-7            0.
        3790.   4.135619E-7            0.
        3800.   4.135619E-7            0.
        3810.   4.134663E-7            0.
        3820.   4.132751E-7            0.
        3830.   4.135619E-7            0.
        3840.   4.133707E-7            0.
        3850.   4.134663E-7            0.
        3860.   4.135619E-7            0.
        3870.   4.133707E-7            0.
        3880.   4.134663E-7            0.
        3890.   4.135619E-7            0.
        3900.   4.136575E-7            0.
        3910.   4.132751E-7            0.
        3920.   4.133707E-7            0.
        3930.   4.134663E-7            0.
        3940.   4.136575E-7            0.
        3950.   4.134663E-7            0.
        3960.   4.137532E-7            0.
        3970.   4.133707E-7            0.
        3980.   4.134663E-7            0.
        3990.   4.135619E-7            0.
        4000.   4.137532E-7            0.
        4010.   4.136575E-7            0.
        4020.   4.135619E-7            0.
        4030.   4.137532E-7            0.
        4040.   4.134663E-7            0.
        4050.   4.134663E-7            0.
        4060.   4.133707E-7            0.
        4070.   4.134663E-7            0.
        4080.   4.131795E-7            0.
        4090.   4.135619E-7            0.
        4100.   4.132751E-7            0.
        4110.   4.130839E-7            0.
        4120.   4.130839E-7            0.
        4130.   4.132751E-7            0.
        4140.   4.132751E-7            0.
        4150.   4.130839E-7            0.
        4160.   4.132751E-7            0.
        4170.   4.128926E-7            0.
        4180.   4.131795E-7            0.
        4190.   4.131795E-7            0.
        4200.   4.132751E-7            0.
        4210.   4.132751E-7            0.
        4220.   4.135619E-7            0.
        4230.   4.133707E-7            0.
        4240.   4.284788E-7            0.
        4250.   5.657910E-7            0.
        4260.   5.935212E-7            0.
        4270.   5.233351E-7            0.
        4280.   4.186299E-7            0.
        4290.   4.136575E-7            0.
        4300.   4.134663E-7            0.
        4310.   4.136575E-7            0.
        4320.   4.136575E-7            0.
        4330.   4.136575E-7            0.
        4340.   4.134663E-7            0.
        4350.   4.136575E-7            0.
        4360.   4.135619E-7            0.
        4370.   4.133707E-7            0.
        4380.   4.133707E-7            0.
        4390.   4.161437E-7            0.
        4400.   8.480649E-7            0.
        4410.   1.428582E-6            0.
        4420.   1.888520E-6            0.
        4430.   2.172515E-6            0.
        4440.   2.000397E-6            0.
        4450.   1.536634E-6            0.
        4460.   1.166579E-6            0.
        4470.   8.899470E-7            0.
        4480.   4.982824E-7            0.
        4490.   4.327818E-7            0.
        4500.   4.411965E-7            0.
        4510.   4.133707E-7            0.
        4520.   4.170043E-7            0.
        4530.   4.134663E-7            0.
        4540.   4.132751E-7            0.
        4550.   4.135619E-7            0.
        4560.   4.131795E-7            0.
        4570.   4.134663E-7            0.
        4580.   4.135619E-7            0.
        4590.   4.135619E-7            0.
        4600.   4.132751E-7            0.
        4610.   4.136575E-7            0.
        4620.   4.135619E-7            0.
        4630.   4.134663E-7            0.
        4640.   4.136575E-7            0.
        4650.   4.138488E-7            0.
        4660.   4.138488E-7            0.
        4670.   4.136575E-7            0.
        4680.   4.140400E-7            0.
        4690.   4.136575E-7            0.
        4700.   4.139444E-7            0.
        4710.   4.140400E-7            0.
        4720.   4.139444E-7            0.
        4730.   4.138488E-7            0.
        4740.   4.140400E-7            0.
        4750.   4.139444E-7            0.
        4760.   4.137532E-7            0.
        4770.   4.139444E-7            0.
        4780.   4.142313E-7            0.
        4790.   4.142313E-7            0.
        4800.   4.138488E-7            0.
        4810.   4.140400E-7            0.
        4820.   4.135619E-7            0.
        4830.   4.135619E-7            0.
        4840.   4.135619E-7            0.
        4850.   4.136575E-7            0.
        4860.   4.137532E-7            0.
        4870.   4.138488E-7            0.
        4880.   4.138488E-7            0.
        4890.   4.134663E-7            0.
        4900.   4.135619E-7            0.
        4910.   4.136575E-7            0.
        4920.   4.136575E-7            0.
        4930.   4.134663E-7            0.
        4940.   4.138488E-7            0.
        4950.   4.135619E-7            0.
        4960.   4.137532E-7            0.
        4970.   4.137532E-7            0.
        4980.   4.138488E-7            0.
        4990.   4.137532E-7            0.
        5000.   4.137532E-7            0.
        5010.   4.505674E-7            0.
        5020.   4.434914E-7            0.
        5030.   4.444476E-7            0.
        5040.   4.336424E-7            0.
        5050.   4.315387E-7            0.
        5060.   4.329731E-7            0.
        5070.   4.298176E-7            0.
        5080.   4.206379E-7            0.
        5090.   4.145182E-7            0.
        5100.   4.169087E-7            0.
        5110.   4.171956E-7            0.
        5120.   4.202554E-7            0.
        5130.   4.819312E-7            0.
        5140.   6.615078E-7            0.
        5150.   8.901383E-7            0.
        5160.   8.815323E-7            0.
        5170.   7.690818E-7            0.
        5180.   5.384433E-7            0.
        5190.   4.470294E-7            0.
        5200.   4.134663E-7            0.
        5210.   4.133707E-7            0.
        5220.   4.131795E-7            0.
        5230.   4.132751E-7            0.
        5240.   4.174824E-7            0.
        5250.   4.165262E-7            0.
        5260.   4.130839E-7            0.
        5270.   4.133707E-7            0.
        5280.   4.130839E-7            0.
        5290.   4.131795E-7            0.
        5300.   4.132751E-7            0.
        5310.   4.132751E-7            0.
        5320.   4.131795E-7            0.
        5330.   4.134663E-7            0.
        5340.   4.135619E-7            0.
        5350.   4.132751E-7            0.
        5360.   4.133707E-7            0.
        5370.   4.134663E-7            0.
        5380.   4.134663E-7            0.
        5390.   4.131795E-7            0.
        5400.   4.135619E-7            0.
        5410.   4.132751E-7            0.
        5420.   4.135619E-7            0.
        5430.   4.135619E-7            0.
        5440.   4.134663E-7            0.
        5450.   4.132751E-7            0.
        5460.   4.136575E-7            0.
        5470.   4.135619E-7            0.
        5480.   4.134663E-7            0.
        5490.   4.135619E-7            0.
        5500.   4.136575E-7            0.
        5510.   4.135619E-7            0.
        5520.   4.134663E-7            0.
        5530.   4.136575E-7            0.
        5540.   4.132751E-7            0.
        5550.   4.133707E-7            0.
        5560.   4.134663E-7            0.
        5570.   4.133707E-7            0.
        5580.   4.132751E-7            0.
        5590.   4.134663E-7            0.
        5600.   4.133707E-7            0.
        5610.   4.130839E-7            0.
        5620.   4.131795E-7            0.
        5630.   4.133707E-7            0.
        5640.   4.133707E-7            0.
        5650.   4.131795E-7            0.
        5660.   4.136575E-7            0.
        5670.   4.131795E-7            0.
        5680.   4.132751E-7            0.
        5690.   4.132751E-7            0.
        5700.   4.136575E-7            0.
        5710.   4.133707E-7            0.
        5720.   4.134663E-7            0.
        5730.   4.133707E-7            0.
        5740.   4.135619E-7            0.
        5750.   4.134663E-7            0.
        5760.   4.137532E-7            0.
        5770.   4.137532E-7            0.
        5780.   4.136575E-7            0.
        5790.   4.136575E-7            0.
        5800.   4.137532E-7            0.
        5810.   4.137532E-7            0.
        5820.   4.136575E-7            0.
        5830.   4.138488E-7            0.
        5840.   4.135619E-7            0.
        5850.   4.136575E-7            0.
        5860.   4.137532E-7            0.
        5870.   4.137532E-7            0.
        5880.   4.135619E-7            0.
        5890.   4.137532E-7            0.
        5900.   4.137532E-7            0.
        5910.   4.135619E-7            0.
        5920.   4.135619E-7            0.
        5930.   4.137532E-7            0.
        5940.   4.136575E-7            0.
        5950.   4.135619E-7            0.
        5960.   4.137532E-7            0.
        5970.   4.133707E-7            0.
        5980.   4.134663E-7            0.
        5990.   4.135619E-7            0.
        6000.   4.136575E-7            0.
        6010.   4.134663E-7            0.
        6020.   4.138488E-7            0.
        6030.   4.137532E-7            0.
        6040.   4.134663E-7            0.
        6050.   4.135619E-7            0.
        6060.   4.137532E-7            0.
        6070.   4.137532E-7            0.
        6080.   4.136575E-7            0.
        6090.   4.139444E-7            0.
        6100.   4.136575E-7            0.
        6110.   4.138488E-7            0.
        6120.   4.137532E-7            0.
        6130.   4.136575E-7            0.
        6140.   4.134663E-7            0.
        6150.   4.137532E-7            0.
        6160.   4.136575E-7            0.
        6170.   4.133707E-7            0.
        6180.   4.133707E-7            0.
        6190.   4.134663E-7            0.
        6200.   4.134663E-7            0.
        6210.   4.132751E-7            0.
        6220.   4.136575E-7            0.
        6230.   4.133707E-7            0.
        6240.   4.134663E-7            0.
        6250.   4.145182E-7            0.
        6260.   4.134663E-7            0.
        6270.   4.134663E-7            0.
        6280.   4.137532E-7            0.
        6290.   4.189167E-7            0.
        6300.   4.271402E-7            0.
        6310.   4.146138E-7            0.
        6320.   4.187255E-7            0.
        6330.   4.351724E-7            0.
        6340.   4.954138E-7            0.
        6350.   4.341205E-7            0.
        6360.   5.285943E-7            0.
        6370.   5.338534E-7            0.
        6380.   5.400689E-7            0.
        6390.   5.006729E-7            0.
        6400.   5.588107E-7            0.
        6410.   7.122827E-7            0.
        6420.   8.756995E-7            0.
        6430.   9.638624E-7            0.
        6440.   1.103469E-6            0.
        6450.   1.316705E-6            0.
        6460.   1.482130E-6            0.
        6470.   1.904776E-6            0.
        6480.   2.865769E-6            0.
        6534.   7.099879E-6            0.
        6538.   2.606635E-5            0.
        6540.   1.262201E-4            0.
        6542.   1.806286E-4            0.
        6544.   2.197377E-4            0.
        6546.   3.949158E-4            0.
        6548.   5.650260E-4            0.
        6550.   9.047684E-4            0.
        6552.   0.001450574            0.
        6554.   0.002400094            0.
        6556.   0.003928121            0.
        6558.   0.006854132            0.
        6560.    0.01199091            0.
        6562.    0.02162953            0.
        6564.    0.04006531            0.
        6566.    0.07285384            0.
        6568.     0.1349216            0.
        6570.     0.2467985            0.
        6572.     0.4164306            0.
        6574.     0.6185739            0.
        6576.     0.7512962            0.
        6578.     0.7914572            0.
        6580.     0.7883973            0.
        6582.       0.78266            0.
        6584.     0.7823731            0.
        6586.     0.7880148            0.
        6588.     0.7927958            0.
        6590.      0.796047            0.
        6592.     0.7969076            0.
        6594.     0.7946126            0.
        6596.     0.7914572            0.
        6598.     0.7878236            0.
        6600.     0.7857199            0.
        6602.     0.7860067            0.
        6604.     0.7803651            0.
        6606.     0.7389611            0.
        6608.     0.6171396            0.
        6610.     0.4174824            0.
        6612.     0.2336027            0.
        6614.     0.1159886            0.
        6616.     0.0581951            0.
        6618.    0.02983383            0.
        6620.    0.01607393            0.
        6622.   0.009099319            0.
        6624.   0.005223789            0.
        6626.   0.003274072            0.
        6628.   0.001992747            0.
        6630.   0.001276544            0.
        6632.   8.189960E-4            0.
        6634.   5.501091E-4            0.
        6636.   3.999837E-4            0.
        6638.   2.440254E-4            0.
        6640.   1.912425E-4            0.
        6642.   9.571687E-5            0.
        6644.   2.993902E-5            0.
        6646.   7.099879E-6            0.
        6690.   1.558627E-6            0.
        6700.   9.772492E-7            0.
        6710.   5.640698E-7            0.
        6720.   4.170999E-7            0.
        6730.   4.128926E-7            0.
        6740.   4.129882E-7            0.
        6750.   4.127970E-7            0.
        6760.   4.128926E-7            0.
        6770.   4.130839E-7            0.
        6780.   4.132751E-7            0.
        6790.   4.131795E-7            0.
        6800.   4.130839E-7            0.
        6810.   4.131795E-7            0.
        6820.   4.128926E-7            0.
        6830.   4.131795E-7            0.
        6840.   4.132751E-7            0.
        6850.   4.188211E-7            0.
        6860.   4.189167E-7            0.
        6870.   4.135619E-7            0.
        6880.   4.136575E-7            0.
        6890.   4.135619E-7            0.
        6900.   4.136575E-7            0.
        6910.   4.138488E-7            0.
        6920.   4.882421E-7            0.
        6930.   4.207336E-7            0.
        6940.   4.172912E-7            0.
        6950.   4.195861E-7            0.
        6960.   4.516192E-7            0.
        6970.   4.782019E-7            0.
        6980.   5.773612E-7            0.
        6990.   4.186299E-7            0.
        7000.   4.332599E-7            0.
        7010.   4.420571E-7            0.
        7020.   5.151118E-7            0.
        7030.   4.791581E-7            0.
        7040.   4.733252E-7            0.
        7050.   4.205423E-7            0.
        7060.   4.135619E-7            0.
        7070.   4.440651E-7            0.
        7080.   4.601295E-7            0.
        7090.   5.055496E-7            0.
        7100.   4.420571E-7            0.
        7110.   4.869034E-7            0.
        7120.   4.283832E-7            0.
        7130.   5.172154E-7            0.
        7140.   7.051112E-7            0.
        7150.   6.328215E-7            0.
        7160.   5.360528E-7            0.
        7170.   4.227416E-7            0.
        7180.   4.232197E-7            0.
        7190.   4.662492E-7            0.
        7200.   4.140400E-7            0.
        7210.   4.137532E-7            0.
        7220.   4.138488E-7            0.
        7230.   4.234109E-7            0.
        7240.   4.138488E-7            0.
        7250.   4.137532E-7            0.
        7260.   4.139444E-7            0.
        7270.   4.140400E-7            0.
        7280.   4.138488E-7            0.
        7290.   4.140400E-7            0.
        7300.   4.140400E-7            0.
        7310.   4.140400E-7            0.
        7320.   4.137532E-7            0.
        7330.   4.143269E-7            0.
        7340.   4.139444E-7            0.
        7350.   4.140400E-7            0.
        7360.   4.142313E-7            0.
        7370.   4.143269E-7            0.
        7380.   4.143269E-7            0.
        7390.   4.143269E-7            0.
        7400.   4.144225E-7            0.
        7410.   4.142313E-7            0.
        7420.   4.144225E-7            0.
        7430.   4.145182E-7            0.
        7440.   4.145182E-7            0.
        7450.   4.144225E-7            0.
        7460.   4.147094E-7            0.
        7470.   4.143269E-7            0.
        7480.   4.143269E-7            0.
        7490.   4.143269E-7            0.
        7500.   4.144225E-7            0.
        7510.   4.143269E-7            0.
        7520.   4.140400E-7            0.
        7530.   4.142313E-7            0.
        7540.   4.139444E-7            0.
        7550.   4.141357E-7            0.
        7560.   4.139444E-7            0.
        7570.   4.138488E-7            0.
        7580.   4.135619E-7            0.
        7590.   4.138488E-7            0.
        7600.   4.135619E-7            0.
        7610.   4.134663E-7            0.
        7620.   4.132751E-7            0.
        7630.   4.134663E-7            0.
        7640.   4.133707E-7            0.
        7650.   4.132751E-7            0.
        7660.   4.134663E-7            0.
        7670.   4.131795E-7            0.
        7680.   4.135619E-7            0.
        7690.   4.134663E-7            0.
        7700.   4.132751E-7            0.
        7710.   4.131795E-7            0.
        7720.   4.135619E-7            0.
        7730.   4.135619E-7            0.
        7740.   4.134663E-7            0.
        7750.   4.134663E-7            0.
        7760.   4.134663E-7            0.
        7770.   4.133707E-7            0.
        7780.   4.132751E-7            0.
        7790.   4.134663E-7            0.
        7800.   4.132751E-7            0.
        7810.   4.134663E-7            0.
        7820.   4.133707E-7            0.
        7830.   4.132751E-7            0.
        7840.   4.132751E-7            0.
        7850.   4.137532E-7            0.
        7860.   4.135619E-7            0.
        7870.   4.131795E-7            0.
        7880.   4.133707E-7            0.
        7890.   4.134663E-7            0.
        7900.   4.135619E-7            0.
        7910.   4.133707E-7            0.
        7920.   4.135619E-7            0.
        7930.   4.132751E-7            0.
        7940.   4.136575E-7            0.
        7950.   4.134663E-7            0.
        7960.   4.135619E-7            0.
        7970.   4.133707E-7            0.
        7980.   4.135619E-7            0.
        7990.   4.134663E-7            0.
        8000.   6.798671E-6            0.
        8010.   5.424594E-6            0.
        8020.   5.523084E-7            0.
        8030.   4.473162E-6            0.
        8040.   4.510455E-7            0.
        8050.   1.498385E-6            0.
        8060.   3.799032E-6            0.
        8070.   1.496473E-6            0.
        8080.   1.559583E-6            0.
        8090.   2.269092E-6            0.
        8100.   5.303155E-6            0.
        8110.   1.703015E-6            0.
        8120.   6.814927E-6            0.
        8130.   2.735724E-6            0.
        8140.   5.384433E-6            0.
        8150.   8.134500E-6            0.
        8160.   9.772492E-7            0.
        8170.   8.670935E-6            0.
        8180.   9.102188E-6            0.
        8190.   6.108286E-6            0.
        8200.   7.681256E-6            0.
        8210.   3.524599E-6            0.
        8220.   1.887564E-6            0.
        8230.   3.830588E-6            0.
        8240.   1.859833E-6            0.
        8250.   4.138488E-6            0.
        8260.   2.290129E-6            0.
        8270.   2.856207E-6            0.
        8280.   6.486946E-6            0.
        8290.   7.997762E-6            0.
        8300.   7.565554E-7            0.
        8310.   8.519854E-7            0.
        8320.   2.910711E-6            0.
        8330.   5.355746E-6            0.
        8340.   1.774731E-6            0.
        8350.   3.623089E-6            0.
        8360.   3.604921E-6            0.
        8370.   1.169448E-6            0.
        8380.   4.109801E-6            0.
        8390.   1.837841E-6            0.
        8400.   5.834809E-7            0.
        8410.   6.356901E-7            0.
        8420.   1.756562E-6            0.
        8430.   2.422086E-6            0.
        8440.   1.852184E-6            0.
        8450.   6.622728E-7            0.
        8460.   5.271600E-6            0.
        8470.   8.973098E-6            0.
        8480.   5.856802E-7            0.
        8490.   3.369693E-6            0.
        8500.   1.554802E-6            0.
        8510.   8.692928E-7            0.
        8520.   1.005936E-6            0.
        8530.   1.035578E-6            0.
        8540.   7.837119E-7            0.
        8550.   6.509895E-6            0.
        8560.   2.007090E-6            0.
        8570.   5.351922E-7            0.
        8580.   6.670539E-6            0.
        8590.   2.007090E-6            0.
        8600.   2.583686E-6            0.
        8610.   5.173110E-6            0.
        8620.   3.673769E-6            0.
        8630.   1.287062E-6            0.
        8640.   9.753369E-7            0.
        8650.   3.096216E-6            0.
        8660.   2.524401E-6            0.
        8670.   2.496671E-6            0.
        8680.   6.973658E-7            0.
        8690.   2.328378E-6            0.
        8700.   6.777635E-6            0.
        8710.   3.507388E-6            0.
        8720.   2.334115E-6            0.
        8730.   1.244033E-6            0.
        8740.   9.600374E-6            0.
        8750.   1.921987E-6            0.
        8760.   2.356108E-6            0.
        8770.   1.006892E-5            0.
        8780.   4.721778E-6            0.
        8790.   1.717358E-6            0.
        8800.   1.122594E-6            0.
        8810.   9.131830E-6            0.
        8820.   8.996048E-7            0.
        8830.   3.942464E-6            0.
        8840.   2.299691E-6            0.
        8850.   5.367221E-7            0.
        8860.   1.234470E-6            0.
        8870.   1.209609E-6            0.
        8880.   6.687751E-6            0.
        8890.   1.637036E-6            0.
        8900.   1.631299E-6            0.
        8910.   8.426145E-7            0.
        8920.   5.435112E-7            0.
        8930.   3.602053E-6            0.
        8940.   9.243707E-7            0.
        8950.   1.040359E-6            0.
        8960.   3.948202E-6            0.
        8970.   6.893337E-6            0.
        8980.   4.237934E-6            0.
        8990.   1.771862E-6            0.
        9000.   4.349811E-6            0.
        9010.   3.115341E-6            0.
        9020.   1.773774E-6            0.
        9030.   1.774731E-6            0.
        9040.   1.122594E-5            0.
        9050.   5.154942E-7            0.
        9060.   4.598427E-6            0.
        9070.   1.613131E-6            0.
        9080.   5.721020E-6            0.
        9090.   9.511447E-7            0.
        9100.   9.093582E-6            0.
        9110.   5.416945E-6            0.
        9120.   5.932343E-6            0.
        9130.   8.942500E-6            0.
        9140.   4.435870E-6            0.
        9150.   8.391721E-7            0.
        9160.   4.685442E-6            0.
        9170.   1.066177E-6            0.
        9180.   6.555793E-6            0.
        9190.   2.192596E-6            0.
        9200.   1.032710E-6            0.
        9210.   9.705557E-7            0.
        9220.   2.957566E-6            0.
        9230.   7.053981E-7            0.
        9240.   1.261244E-6            0.
        9250.   2.563606E-6            0.
        9260.   4.542010E-6            0.
        9270.   4.694048E-6            0.
        9280.   5.452324E-6            0.
        9290.   5.083226E-7            0.
        9300.   5.150161E-6            0.
        9310.   1.462049E-6            0.
        9320.   3.688112E-6            0.
        9330.   1.764212E-6            0.
        9340.   4.504718E-6            0.
        9350.   1.113031E-6            0.
        9360.   1.695365E-6            0.
        9370.   1.701102E-6            0.
        9380.   1.727876E-6            0.
        9390.   2.017608E-6            0.
        9400.   9.043859E-7            0.
        9410.   4.509499E-7            0.
        9420.   6.405668E-6            0.
        9430.   4.572608E-6            0.
        9440.   1.046097E-6            0.
        9450.   1.716402E-6            0.
        9460.   9.954173E-7            0.
        9470.   6.354033E-7            0.
        9480.   1.442925E-6            0.
        9490.   5.058364E-6            0.
        9500.   1.707796E-6            0.
        9510.   5.543164E-6            0.
        9520.   1.183791E-6            0.
        9530.   2.553088E-6            0.
        9540.   7.254785E-6            0.
        9550.   6.890468E-6            0.
        9560.   7.147689E-7            0.
        9570.   1.578707E-6            0.
        9580.   2.656358E-6            0.
        9590.   6.949753E-6            0.
        9600.   4.738033E-6            0.
        9610.   1.116856E-6            0.
        9620.   1.635123E-6            0.
        9630.   2.938441E-6            0.
        9640.   4.207335E-6            0.
        9650.   5.715282E-6            0.
        9660.   3.351525E-6            0.
        9670.   1.377902E-6            0.
        9680.   1.974579E-6            0.
        9690.   2.204070E-6            0.
        9700.   6.701138E-7            0.
        9710.   3.482526E-6            0.
        9720.   4.747595E-6            0.
        9730.   1.676241E-6            0.
        9740.   6.534757E-6            0.
        9750.   4.800187E-6            0.
        9760.   2.309253E-6            0.
        9770.   1.005936E-5            0.
        9780.   1.626518E-6            0.
        9790.   1.744132E-6            0.
        9800.   6.854132E-7            0.
        9810.   1.780468E-6            0.
        9820.   8.755082E-7            0.
        9830.   2.304472E-6            0.
        9840.   1.317661E-6            0.
        9850.   2.100799E-6            0.
        9860.   2.428780E-6            0.
        9870.   3.243473E-6            0.
        9880.   3.018763E-6            0.
        9890.   3.486351E-6            0.
        9900.   3.531293E-6            0.
        9910.   2.212676E-6            0.
        9920.   4.175780E-6            0.
        9930.   1.651379E-6            0.
        9940.   8.628862E-7            0.
        9950.   2.925054E-6            0.
        9960.   1.698234E-6            0.
        9970.   2.673570E-6            0.
        9980.   1.376946E-6            0.
        9990.   3.478701E-6            0.
       10000.   1.462049E-6            0.
       10010.   1.689628E-6            0.
       10020.   3.210962E-6            0.
       10030.   4.315387E-6            0.
       10040.   1.063308E-6            0.
       10050.   1.071914E-6            0.
       10060.   6.687751E-6            0.
       10070.   6.317697E-6            0.
       10080.   4.606076E-6            0.
       10090.   8.768470E-7            0.
       10100.   6.925848E-7            0.
       10110.   9.239882E-7            0.
       10120.   1.063308E-6            0.
       10130.   2.163909E-6            0.
       10140.   6.516589E-6            0.
       10150.   3.806683E-6            0.
       10160.   1.159886E-6            0.
       10170.   2.199289E-6            0.
       10180.   1.445793E-6            0.
       10190.   4.509499E-7            0.
       10200.   5.794648E-6            0.
       10210.   9.676872E-6            0.
       10220.   1.332960E-6            0.
       10230.   2.058726E-6            0.
       10240.   1.736482E-6            0.
       10250.   2.026215E-6            0.
       10260.   1.329135E-6            0.
       10270.   5.360528E-7            0.
       10280.   2.971909E-6            0.
       10290.   2.280567E-6            0.
       10300.   5.359572E-7            0.
       10310.   8.973099E-7            0.
       10320.   4.743771E-6            0.
       10330.   1.915294E-6            0.
       10340.   1.400851E-6            0.
       10350.   1.233514E-5            0.
       10360.   7.929871E-7            0.
       10370.   4.908239E-6            0.
       10380.   7.166813E-7            0.
       10390.   2.279611E-6            0.
       10400.   1.038447E-6            0.
       10410.   6.343514E-7            0.
       10420.   5.127212E-7            0.
       10430.   8.134500E-6            0.
       10440.   5.861583E-6            0.
       10450.   1.065221E-5            0.
       10460.   5.205622E-6            0.
       10470.   1.531853E-6            0.
       10480.   1.998484E-6            0.
       10490.   3.214787E-6            0.
       10500.   1.000198E-5            0.
       10510.   9.302992E-6            0.
       10520.   2.055857E-6            0.
       10530.   4.271402E-6            0.
       10540.   1.212478E-6            0.
       10550.   1.197178E-5            0.
       10560.   1.352085E-5            0.
       10570.   1.176141E-5            0.
       10580.   1.587313E-5            0.
       10590.   2.216501E-5            0.
       10600.   2.032908E-5            0.
       10610.   1.679109E-5            0.
       10620.   1.096776E-5            0.
       10630.   7.845724E-6            0.
       10640.   6.152272E-6            0.
       10650.   1.134068E-5            0.
       10660.   4.688310E-6            0.
       10670.   4.701697E-6            0.
       10680.   3.226261E-6            0.
       10690.   3.981669E-6            0.
       10700.   8.227253E-7            0.
       10710.   2.069244E-6            0.
       10720.   3.153589E-6            0.
       10730.   1.686759E-5            0.
       10740.   1.691540E-5            0.
       10750.   1.400851E-5            0.
       10760.   2.766323E-6            0.
       10770.   1.686759E-5            0.
       10780.   1.189528E-5            0.
       10790.   4.634763E-6            0.
       10800.   8.866004E-6            0.
       10810.   4.537229E-6            0.
       10820.   1.732657E-6            0.
       10830.   7.922222E-6            0.
       10840.   1.049921E-5            0.
       10850.   6.059519E-6            0.
       10860.   1.318617E-5            0.
       10870.   1.975535E-5            0.
       10880.   6.107330E-6            0.
       10890.   4.329730E-6            0.
       10900.   9.368015E-6            0.
       10910.   1.135981E-5            0.
       10920.   9.037165E-6            0.
       10930.   1.397983E-5            0.
       10940.   1.053746E-5            0.
       10950.   1.190485E-5            0.
       10960.   1.116856E-5            0.
       10970.   2.238494E-5            0.
       10980.   1.524203E-5            0.
       10990.   1.635123E-5            0.
       11000.   1.918163E-5            0.
