         100.            0.            0.
        1910.            0.            0.
        1920.   1.000000E-5            0.
        1930.            0.            0.
        1940.            0.            0.
        1950.            0.            0.
        1960.            0.            0.
        1970.   1.000000E-5            0.
        1980.            0.            0.
        1990.            0.            0.
        2000.            0.            0.
        2010.            0.            0.
        2020.            0.            0.
        2030.            0.            0.
        2040.            0.            0.
        2050.            0.            0.
        2060.            0.            0.
        2070.            0.            0.
        2080.            0.            0.
        2090.            0.            0.
        2100.            0.            0.
        2110.            0.            0.
        2120.            0.            0.
        2130.            0.            0.
        2140.            0.            0.
        2150.            0.            0.
        2160.            0.            0.
        2170.            0.            0.
        2180.            0.            0.
        2190.            0.            0.
        2200.            0.            0.
        2210.            0.            0.
        2220.            0.            0.
        2230.            0.            0.
        2240.            0.            0.
        2250.            0.            0.
        2260.            0.            0.
        2270.            0.            0.
        2280.            0.            0.
        2290.            0.            0.
        2300.            0.            0.
        2310.            0.            0.
        2320.            0.            0.
        2330.            0.            0.
        2340.            0.            0.
        2350.            0.            0.
        2360.            0.            0.
        2370.            0.            0.
        2380.            0.            0.
        2390.            0.            0.
        2400.            0.            0.
        2410.            0.            0.
        2420.            0.            0.
        2430.            0.            0.
        2440.            0.            0.
        2450.            0.            0.
        2460.            0.            0.
        2470.            0.            0.
        2480.            0.            0.
        2490.            0.            0.
        2500.            0.            0.
        2510.            0.            0.
        2520.            0.            0.
        2530.            0.            0.
        2540.            0.            0.
        2550.            0.            0.
        2560.            0.            0.
        2570.            0.            0.
        2580.            0.            0.
        2590.            0.            0.
        2600.            0.            0.
        2610.            0.            0.
        2620.            0.            0.
        2630.            0.            0.
        2640.            0.            0.
        2650.            0.            0.
        2660.            0.            0.
        2670.            0.            0.
        2680.            0.            0.
        2690.            0.            0.
        2700.            0.            0.
        2710.            0.            0.
        2720.            0.            0.
        2730.            0.            0.
        2740.            0.            0.
        2750.            0.            0.
        2760.            0.            0.
        2770.            0.            0.
        2780.            0.            0.
        2790.            0.            0.
        2800.            0.            0.
        2810.            0.            0.
        2820.            0.            0.
        2830.            0.            0.
        2840.            0.            0.
        2850.            0.            0.
        2860.            0.            0.
        2870.            0.            0.
        2880.            0.            0.
        2890.            0.            0.
        2900.            0.            0.
        2910.            0.            0.
        2920.            0.            0.
        2930.            0.            0.
        2940.            0.            0.
        2950.            0.            0.
        2960.            0.            0.
        2970.            0.            0.
        2980.            0.            0.
        2990.            0.            0.
        3000.            0.            0.
        3010.            0.            0.
        3020.            0.            0.
        3030.            0.            0.
        3040.            0.            0.
        3050.            0.            0.
        3060.            0.            0.
        3070.            0.            0.
        3080.            0.            0.
        3090.            0.            0.
        3100.            0.            0.
        3110.            0.            0.
        3120.            0.            0.
        3130.            0.            0.
        3140.            0.            0.
        3150.            0.            0.
        3160.            0.            0.
        3170.            0.            0.
        3180.            0.            0.
        3190.            0.            0.
        3200.            0.            0.
        3210.            0.            0.
        3220.            0.            0.
        3230.            0.            0.
        3240.            0.            0.
        3250.            0.            0.
        3260.            0.            0.
        3270.            0.            0.
        3280.            0.            0.
        3290.            0.            0.
        3300.            0.            0.
        3310.            0.            0.
        3320.            0.            0.
        3330.            0.            0.
        3340.            0.            0.
        3350.            0.            0.
        3360.            0.            0.
        3370.            0.            0.
        3380.            0.            0.
        3390.            0.            0.
        3400.            0.            0.
        3410.            0.            0.
        3420.            0.            0.
        3430.            0.            0.
        3440.            0.            0.
        3450.            0.            0.
        3460.            0.            0.
        3470.            0.            0.
        3480.            0.            0.
        3490.            0.            0.
        3500.            0.            0.
        3510.            0.            0.
        3520.            0.            0.
        3530.            0.            0.
        3540.            0.            0.
        3550.            0.            0.
        3560.            0.            0.
        3570.            0.            0.
        3580.            0.            0.
        3590.            0.            0.
        3600.            0.            0.
        3610.            0.            0.
        3620.            0.            0.
        3630.            0.            0.
        3640.            0.            0.
        3650.            0.            0.
        3660.            0.            0.
        3670.            0.            0.
        3680.            0.            0.
        3690.            0.            0.
        3700.            0.            0.
        3710.            0.            0.
        3720.            0.            0.
        3730.            0.            0.
        3740.            0.            0.
        3750.            0.            0.
        3760.            0.            0.
        3770.            0.            0.
        3780.            0.            0.
        3790.            0.            0.
        3800.            0.            0.
        3810.            0.            0.
        3820.            0.            0.
        3830.            0.            0.
        3840.            0.            0.
        3850.            0.            0.
        3860.            0.            0.
        3870.            0.            0.
        3880.            0.            0.
        3890.            0.            0.
        3900.            0.            0.
        3910.            0.            0.
        3920.            0.            0.
        3930.            0.            0.
        3940.            0.            0.
        3950.            0.            0.
        3960.            0.            0.
        3970.            0.            0.
        3980.            0.            0.
        3990.            0.            0.
        4000.            0.            0.
        4010.            0.            0.
        4020.            0.            0.
        4030.            0.            0.
        4040.            0.            0.
        4050.            0.            0.
        4060.            0.            0.
        4070.            0.            0.
        4080.            0.            0.
        4090.            0.            0.
        4100.            0.            0.
        4110.            0.            0.
        4120.            0.            0.
        4130.            0.            0.
        4140.            0.            0.
        4150.            0.            0.
        4160.            0.            0.
        4170.            0.            0.
        4180.            0.            0.
        4190.            0.            0.
        4200.            0.            0.
        4210.            0.            0.
        4220.            0.            0.
        4230.   1.000000E-5            0.
        4240.            0.            0.
        4250.            0.            0.
        4260.   1.000000E-5            0.
        4270.   3.000000E-5            0.
        4280.   5.000000E-5            0.
        4290.   4.000000E-5            0.
        4300.   3.000000E-5            0.
        4310.   2.000000E-5            0.
        4320.   2.000000E-5            0.
        4330.   3.000000E-5            0.
        4340.   3.000000E-5            0.
        4350.   2.000000E-5            0.
        4360.   1.000000E-5            0.
        4370.   2.000000E-5            0.
        4380.   3.000000E-5            0.
        4390.   5.000000E-5            0.
        4400.   5.000000E-5            0.
        4410.   4.000000E-5            0.
        4420.   3.000000E-5            0.
        4430.   2.000000E-5            0.
        4440.   2.000000E-5            0.
        4450.   2.000000E-5            0.
        4460.   2.000000E-5            0.
        4470.   1.000000E-5            0.
        4480.   1.000000E-5            0.
        4490.   2.000000E-5            0.
        4500.   3.000000E-5            0.
        4510.   4.000000E-5            0.
        4520.   4.000000E-5            0.
        4530.   4.000000E-5            0.
        4540.   5.000000E-5            0.
        4550.   5.000000E-5            0.
        4560.   5.000000E-5            0.
        4570.   4.000000E-5            0.
        4580.   4.000000E-5            0.
        4590.   4.000000E-5            0.
        4600.   4.000000E-5            0.
        4610.   4.000000E-5            0.
        4620.   3.000000E-5            0.
        4630.   4.000000E-5            0.
        4640.   5.000000E-5            0.
        4650.   6.000000E-5            0.
        4660.   5.000000E-5            0.
        4670.   4.000000E-5            0.
        4680.   2.000000E-5            0.
        4690.   1.000000E-5            0.
        4700.   1.000000E-5            0.
        4710.   2.000000E-5            0.
        4720.   3.000000E-5            0.
        4730.   2.000000E-5            0.
        4740.   1.000000E-5            0.
        4750.            0.            0.
        4760.            0.            0.
        4770.            0.            0.
        4780.            0.            0.
        4790.            0.            0.
        4800.            0.            0.
        4810.            0.            0.
        4820.            0.            0.
        4830.            0.            0.
        4840.            0.            0.
        4850.            0.            0.
        4860.            0.            0.
        4870.            0.            0.
        4880.            0.            0.
        4890.            0.            0.
        4900.            0.            0.
        4910.            0.            0.
        4920.            0.            0.
        4930.            0.            0.
        4940.            0.            0.
        4950.            0.            0.
        4960.            0.            0.
        4970.            0.            0.
        4980.            0.            0.
        4990.            0.            0.
        5000.            0.            0.
        5010.            0.            0.
        5020.            0.            0.
        5030.            0.            0.
        5040.            0.            0.
        5050.            0.            0.
        5060.            0.            0.
        5070.            0.            0.
        5080.   1.000000E-5            0.
        5090.   1.000000E-5            0.
        5100.   1.000000E-5            0.
        5110.   1.000000E-5            0.
        5120.   1.000000E-5            0.
        5130.   1.000000E-5            0.
        5140.   1.000000E-5            0.
        5150.   2.000000E-5            0.
        5160.   1.000000E-5            0.
        5170.   1.000000E-5            0.
        5180.   1.000000E-5            0.
        5190.   1.000000E-5            0.
        5200.   1.000000E-5            0.
        5210.   1.000000E-5            0.
        5220.   1.000000E-5            0.
        5230.   1.000000E-5            0.
        5240.   1.000000E-5            0.
        5250.   1.000000E-5            0.
        5260.   1.000000E-5            0.
        5270.   1.000000E-5            0.
        5280.   1.000000E-5            0.
        5290.   1.000000E-5            0.
        5300.   1.000000E-5            0.
        5310.   1.000000E-5            0.
        5320.   1.000000E-5            0.
        5330.   1.000000E-5            0.
        5340.   1.000000E-5            0.
        5350.   1.000000E-5            0.
        5360.   1.000000E-5            0.
        5370.   1.000000E-5            0.
        5380.   1.000000E-5            0.
        5390.   1.000000E-5            0.
        5400.   1.000000E-5            0.
        5410.   1.000000E-5            0.
        5420.   1.000000E-5            0.
        5430.   1.000000E-5            0.
        5440.   1.000000E-5            0.
        5450.   1.000000E-5            0.
        5460.   1.000000E-5            0.
        5470.   1.000000E-5            0.
        5480.   1.000000E-5            0.
        5490.   1.000000E-5            0.
        5500.   1.000000E-5            0.
        5510.   1.000000E-5            0.
        5520.   1.000000E-5            0.
        5530.   1.000000E-5            0.
        5540.   1.000000E-5            0.
        5550.   1.000000E-5            0.
        5560.   1.000000E-5            0.
        5570.   1.000000E-5            0.
        5580.   1.000000E-5            0.
        5590.   1.000000E-5            0.
        5600.   1.000000E-5            0.
        5610.   1.000000E-5            0.
        5620.   1.000000E-5            0.
        5630.   1.000000E-5            0.
        5640.   1.000000E-5            0.
        5650.   1.000000E-5            0.
        5660.   1.000000E-5            0.
        5670.   1.000000E-5            0.
        5680.   1.000000E-5            0.
        5690.   1.000000E-5            0.
        5700.   1.000000E-5            0.
        5710.   1.000000E-5            0.
        5720.   1.000000E-5            0.
        5730.   1.000000E-5            0.
        5740.   1.000000E-5            0.
        5750.   1.000000E-5            0.
        5760.   1.000000E-5            0.
        5770.   1.000000E-5            0.
        5780.   1.000000E-5            0.
        5790.   1.000000E-5            0.
        5800.   1.000000E-5            0.
        5810.   1.000000E-5            0.
        5820.   1.000000E-5            0.
        5830.   1.000000E-5            0.
        5840.   1.000000E-5            0.
        5850.   1.000000E-5            0.
        5860.   1.000000E-5            0.
        5870.   1.000000E-5            0.
        5880.   1.000000E-5            0.
        5890.   1.000000E-5            0.
        5900.   1.000000E-5            0.
        5910.   1.000000E-5            0.
        5920.   1.000000E-5            0.
        5930.   1.000000E-5            0.
        5940.   1.000000E-5            0.
        5950.   1.000000E-5            0.
        5960.   1.000000E-5            0.
        5970.   1.000000E-5            0.
        5980.   1.000000E-5            0.
        5990.   1.000000E-5            0.
        6000.   1.000000E-5            0.
        6010.   1.000000E-5            0.
        6020.   1.000000E-5            0.
        6030.   1.000000E-5            0.
        6040.   1.000000E-5            0.
        6050.   1.000000E-5            0.
        6060.   1.000000E-5            0.
        6070.   1.000000E-5            0.
        6080.   1.000000E-5            0.
        6090.   1.000000E-5            0.
        6100.   2.000000E-5            0.
        6110.   2.000000E-5            0.
        6144.   1.000000E-4            0.
        6145.   2.000000E-4            0.
        6146.   2.000000E-4            0.
        6147.   3.000000E-4            0.
        6148.   5.000000E-4            0.
        6149.   6.000000E-4            0.
        6150.   8.000000E-4            0.
        6151.         0.001            0.
        6152.        0.0013            0.
        6153.        0.0017            0.
        6154.        0.0021            0.
        6155.        0.0028            0.
        6156.        0.0037            0.
        6157.        0.0047            0.
        6158.        0.0061            0.
        6159.         0.008            0.
        6160.        0.0101            0.
        6161.        0.0129            0.
        6162.        0.0165            0.
        6163.        0.0208            0.
        6164.        0.0267            0.
        6165.        0.0342            0.
        6166.        0.0439            0.
        6167.        0.0552            0.
        6168.        0.0686            0.
        6169.        0.0866            0.
        6170.        0.1074            0.
        6171.        0.1327            0.
        6172.        0.1609            0.
        6173.        0.1951            0.
        6174.        0.2339            0.
        6175.         0.278            0.
        6176.        0.3278            0.
        6177.        0.3796            0.
        6178.        0.4316            0.
        6179.        0.4904            0.
        6180.        0.5501            0.
        6181.        0.6042            0.
        6182.        0.6516            0.
        6183.        0.6932            0.
        6184.         0.728            0.
        6185.         0.754            0.
        6186.        0.7728            0.
        6187.        0.7884            0.
        6188.         0.798            0.
        6189.        0.8066            0.
        6190.        0.8122            0.
        6191.        0.8171            0.
        6192.        0.8211            0.
        6193.        0.8239            0.
        6194.        0.8261            0.
        6195.        0.8288            0.
        6196.        0.8304            0.
        6197.        0.8319            0.
        6198.        0.8343            0.
        6199.        0.8351            0.
        6200.        0.8356            0.
        6201.        0.8364            0.
        6202.        0.8366            0.
        6203.        0.8365            0.
        6204.        0.8358            0.
        6205.        0.8351            0.
        6206.        0.8342            0.
        6207.        0.8316            0.
        6208.        0.8284            0.
        6209.        0.8241            0.
        6210.        0.8168            0.
        6211.        0.8082            0.
        6212.        0.7968            0.
        6213.        0.7833            0.
        6214.        0.7652            0.
        6215.        0.7435            0.
        6216.        0.7155            0.
        6217.        0.6822            0.
        6218.        0.6404            0.
        6219.        0.5894            0.
        6220.        0.5328            0.
        6221.        0.4719            0.
        6222.        0.4059            0.
        6223.        0.3428            0.
        6224.        0.2797            0.
        6225.        0.2216            0.
        6226.        0.1736            0.
        6227.        0.1333            0.
        6228.        0.1015            0.
        6229.        0.0763            0.
        6230.        0.0574            0.
        6231.        0.0433            0.
        6232.        0.0327            0.
        6233.        0.0253            0.
        6234.        0.0196            0.
        6235.        0.0151            0.
        6236.        0.0118            0.
        6237.        0.0094            0.
        6238.        0.0074            0.
        6239.        0.0058            0.
        6240.        0.0046            0.
        6241.        0.0036            0.
        6242.        0.0029            0.
        6243.        0.0023            0.
        6244.        0.0018            0.
        6245.        0.0014            0.
        6246.        0.0011            0.
        6247.   9.000000E-4            0.
        6248.   7.000000E-4            0.
        6249.   5.000000E-4            0.
        6250.   4.000000E-4            0.
        6251.   3.000000E-4            0.
        6252.   2.000000E-4            0.
        6253.   1.000000E-4            0.
        6290.   2.000000E-5            0.
        6300.   2.000000E-5            0.
        6310.   1.000000E-5            0.
        6320.   1.000000E-5            0.
        6330.   1.000000E-5            0.
        6340.   1.000000E-5            0.
        6350.   1.000000E-5            0.
        6360.   1.000000E-5            0.
        6370.   1.000000E-5            0.
        6380.   1.000000E-5            0.
        6390.   1.000000E-5            0.
        6400.   1.000000E-5            0.
        6410.   1.000000E-5            0.
        6420.   1.000000E-5            0.
        6430.   1.000000E-5            0.
        6440.   1.000000E-5            0.
        6450.   1.000000E-5            0.
        6460.   1.000000E-5            0.
        6470.   1.000000E-5            0.
        6480.   1.000000E-5            0.
        6490.   1.000000E-5            0.
        6500.   1.000000E-5            0.
        6510.   1.000000E-5            0.
        6520.   1.000000E-5            0.
        6530.   1.000000E-5            0.
        6540.   1.000000E-5            0.
        6550.   1.000000E-5            0.
        6560.   1.000000E-5            0.
        6570.   1.000000E-5            0.
        6580.   1.000000E-5            0.
        6590.   1.000000E-5            0.
        6600.   1.000000E-5            0.
        6610.   1.000000E-5            0.
        6620.   1.000000E-5            0.
        6630.   1.000000E-5            0.
        6640.   1.000000E-5            0.
        6650.   1.000000E-5            0.
        6660.   1.000000E-5            0.
        6670.   1.000000E-5            0.
        6680.   1.000000E-5            0.
        6690.   1.000000E-5            0.
        6700.   1.000000E-5            0.
        6710.   1.000000E-5            0.
        6720.   1.000000E-5            0.
        6730.   1.000000E-5            0.
        6740.   1.000000E-5            0.
        6750.   1.000000E-5            0.
        6760.   1.000000E-5            0.
        6770.   1.000000E-5            0.
        6780.   1.000000E-5            0.
        6790.   1.000000E-5            0.
        6800.   1.000000E-5            0.
        6810.   1.000000E-5            0.
        6820.   1.000000E-5            0.
        6830.   1.000000E-5            0.
        6840.   1.000000E-5            0.
        6850.   1.000000E-5            0.
        6860.   1.000000E-5            0.
        6870.   1.000000E-5            0.
        6880.   1.000000E-5            0.
        6890.   1.000000E-5            0.
        6900.   1.000000E-5            0.
        6910.   1.000000E-5            0.
        6920.   1.000000E-5            0.
        6930.   1.000000E-5            0.
        6940.   1.000000E-5            0.
        6950.   1.000000E-5            0.
        6960.   1.000000E-5            0.
        6970.   1.000000E-5            0.
        6980.   1.000000E-5            0.
        6990.   1.000000E-5            0.
        7000.   1.000000E-5            0.
        7010.   1.000000E-5            0.
        7020.   1.000000E-5            0.
        7030.   1.000000E-5            0.
        7040.   1.000000E-5            0.
        7050.   1.000000E-5            0.
        7060.   1.000000E-5            0.
        7070.   1.000000E-5            0.
        7080.   1.000000E-5            0.
        7090.   1.000000E-5            0.
        7100.   1.000000E-5            0.
        7110.   1.000000E-5            0.
        7120.   1.000000E-5            0.
        7130.   1.000000E-5            0.
        7140.   1.000000E-5            0.
        7150.   1.000000E-5            0.
        7160.   1.000000E-5            0.
        7170.   1.000000E-5            0.
        7180.   1.000000E-5            0.
        7190.   1.000000E-5            0.
        7200.   1.000000E-5            0.
        7210.   1.000000E-5            0.
        7220.   1.000000E-5            0.
        7230.   1.000000E-5            0.
        7240.   1.000000E-5            0.
        7250.   1.000000E-5            0.
        7260.   1.000000E-5            0.
        7270.   1.000000E-5            0.
        7280.   1.000000E-5            0.
        7290.   1.000000E-5            0.
        7300.   1.000000E-5            0.
        7310.   1.000000E-5            0.
        7320.   1.000000E-5            0.
        7330.   1.000000E-5            0.
        7340.   1.000000E-5            0.
        7350.   1.000000E-5            0.
        7360.   1.000000E-5            0.
        7370.   1.000000E-5            0.
        7380.   1.000000E-5            0.
        7390.   1.000000E-5            0.
        7400.   1.000000E-5            0.
        7410.   1.000000E-5            0.
        7420.   1.000000E-5            0.
        7430.   1.000000E-5            0.
        7440.   1.000000E-5            0.
        7450.   1.000000E-5            0.
        7460.   1.000000E-5            0.
        7470.   1.000000E-5            0.
        7480.   1.000000E-5            0.
        7490.   1.000000E-5            0.
        7500.   1.000000E-5            0.
        7510.   1.000000E-5            0.
        7520.   1.000000E-5            0.
        7530.   1.000000E-5            0.
        7540.   1.000000E-5            0.
        7550.   1.000000E-5            0.
        7560.   1.000000E-5            0.
        7570.   1.000000E-5            0.
        7580.   1.000000E-5            0.
        7590.   1.000000E-5            0.
        7600.   1.000000E-5            0.
        7610.   1.000000E-5            0.
        7620.   1.000000E-5            0.
        7630.   1.000000E-5            0.
        7640.   1.000000E-5            0.
        7650.   1.000000E-5            0.
        7660.   1.000000E-5            0.
        7670.   1.000000E-5            0.
        7680.   1.000000E-5            0.
        7690.   1.000000E-5            0.
        7700.   1.000000E-5            0.
        7710.   1.000000E-5            0.
        7720.   1.000000E-5            0.
        7730.   1.000000E-5            0.
        7740.   1.000000E-5            0.
        7750.   1.000000E-5            0.
        7760.   1.000000E-5            0.
        7770.   1.000000E-5            0.
        7780.   1.000000E-5            0.
        7790.   1.000000E-5            0.
        7800.   1.000000E-5            0.
        7810.   1.000000E-5            0.
        7820.   1.000000E-5            0.
        7830.   1.000000E-5            0.
        7840.   1.000000E-5            0.
        7850.   1.000000E-5            0.
        7860.   1.000000E-5            0.
        7870.   1.000000E-5            0.
        7880.   1.000000E-5            0.
        7890.   1.000000E-5            0.
        7900.   1.000000E-5            0.
        7910.   1.000000E-5            0.
        7920.   1.000000E-5            0.
        7930.   1.000000E-5            0.
        7940.   1.000000E-5            0.
        7950.   1.000000E-5            0.
        7960.   1.000000E-5            0.
        7970.   1.000000E-5            0.
        7980.   1.000000E-5            0.
        7990.   1.000000E-5            0.
        8000.   5.500000E-4            0.
        8010.   4.700000E-4            0.
        8020.   4.300000E-4            0.
        8030.   5.100000E-4            0.
        8040.   5.100000E-4            0.
        8050.   5.500000E-4            0.
        8060.   5.200000E-4            0.
        8070.   4.700000E-4            0.
        8080.   4.400000E-4            0.
        8090.   5.000000E-4            0.
        8100.   4.500000E-4            0.
        8110.   5.100000E-4            0.
        8120.   5.000000E-4            0.
        8130.   5.200000E-4            0.
        8140.   5.800000E-4            0.
        8150.   4.900000E-4            0.
        8160.   5.400000E-4            0.
        8170.   5.200000E-4            0.
        8180.   4.900000E-4            0.
        8190.   5.200000E-4            0.
        8200.   5.700000E-4            0.
        8210.   5.200000E-4            0.
        8220.   5.200000E-4            0.
        8230.   4.800000E-4            0.
        8240.   4.900000E-4            0.
        8250.   4.400000E-4            0.
        8260.   5.400000E-4            0.
        8270.   4.900000E-4            0.
        8280.   4.700000E-4            0.
        8290.   5.100000E-4            0.
        8300.   4.500000E-4            0.
        8310.   5.400000E-4            0.
        8320.   4.800000E-4            0.
        8330.   4.800000E-4            0.
        8340.   4.900000E-4            0.
        8350.   4.700000E-4            0.
        8360.   5.500000E-4            0.
        8370.   4.300000E-4            0.
        8380.   5.300000E-4            0.
        8390.   5.200000E-4            0.
        8400.   5.000000E-4            0.
        8410.   4.800000E-4            0.
        8420.   6.200000E-4            0.
        8430.   5.100000E-4            0.
        8440.   5.600000E-4            0.
        8450.   5.100000E-4            0.
        8460.   5.000000E-4            0.
        8470.   5.000000E-4            0.
        8480.   5.100000E-4            0.
        8490.   5.100000E-4            0.
        8500.   5.200000E-4            0.
        8510.   4.800000E-4            0.
        8520.   5.200000E-4            0.
        8530.   5.100000E-4            0.
        8540.   5.400000E-4            0.
        8550.   4.800000E-4            0.
        8560.   4.400000E-4            0.
        8570.   4.500000E-4            0.
        8580.   5.200000E-4            0.
        8590.   4.600000E-4            0.
        8600.   4.500000E-4            0.
        8610.   5.500000E-4            0.
        8620.   4.800000E-4            0.
        8630.   5.000000E-4            0.
        8640.   4.600000E-4            0.
        8650.   5.300000E-4            0.
        8660.   5.100000E-4            0.
        8670.   5.200000E-4            0.
        8680.   5.100000E-4            0.
        8690.   4.900000E-4            0.
        8700.   4.500000E-4            0.
        8710.   5.000000E-4            0.
        8720.   4.900000E-4            0.
        8730.   4.700000E-4            0.
        8740.   4.700000E-4            0.
        8750.   4.400000E-4            0.
        8760.   5.100000E-4            0.
        8770.   4.900000E-4            0.
        8780.   5.300000E-4            0.
        8790.   5.300000E-4            0.
        8800.   5.000000E-4            0.
        8810.   4.900000E-4            0.
        8820.   4.900000E-4            0.
        8830.   5.100000E-4            0.
        8840.   5.000000E-4            0.
        8850.   4.800000E-4            0.
        8860.   4.900000E-4            0.
        8870.   4.800000E-4            0.
        8880.   5.900000E-4            0.
        8890.   4.800000E-4            0.
        8900.   5.000000E-4            0.
        8910.   4.800000E-4            0.
        8920.   5.300000E-4            0.
        8930.   5.500000E-4            0.
        8940.   5.500000E-4            0.
        8950.   5.600000E-4            0.
        8960.   5.500000E-4            0.
        8970.   5.300000E-4            0.
        8980.   4.500000E-4            0.
        8990.   5.300000E-4            0.
        9000.   4.700000E-4            0.
        9010.   5.100000E-4            0.
        9020.   4.800000E-4            0.
        9030.   5.000000E-4            0.
        9040.   5.400000E-4            0.
        9050.   4.600000E-4            0.
        9060.   5.200000E-4            0.
        9070.   5.400000E-4            0.
        9080.   5.100000E-4            0.
        9090.   5.400000E-4            0.
        9100.   4.600000E-4            0.
        9110.   4.900000E-4            0.
        9120.   5.100000E-4            0.
        9130.   4.900000E-4            0.
        9140.   5.300000E-4            0.
        9150.   5.100000E-4            0.
        9160.   4.300000E-4            0.
        9170.   5.200000E-4            0.
        9180.   5.500000E-4            0.
        9190.   5.300000E-4            0.
        9200.   5.200000E-4            0.
        9210.   4.900000E-4            0.
        9220.   4.900000E-4            0.
        9230.   5.400000E-4            0.
        9240.   5.300000E-4            0.
        9250.   4.700000E-4            0.
        9260.   5.300000E-4            0.
        9270.   5.000000E-4            0.
        9280.   5.400000E-4            0.
        9290.   5.000000E-4            0.
        9300.   5.200000E-4            0.
        9310.   5.300000E-4            0.
        9320.   5.500000E-4            0.
        9330.   5.200000E-4            0.
        9340.   5.000000E-4            0.
        9350.   5.700000E-4            0.
        9360.   5.000000E-4            0.
        9370.   4.600000E-4            0.
        9380.   5.500000E-4            0.
        9390.   4.800000E-4            0.
        9400.   4.900000E-4            0.
        9410.   5.500000E-4            0.
        9420.   5.000000E-4            0.
        9430.   5.500000E-4            0.
        9440.   5.600000E-4            0.
        9450.   4.200000E-4            0.
        9460.   4.500000E-4            0.
        9470.   5.300000E-4            0.
        9480.   5.300000E-4            0.
        9490.   5.000000E-4            0.
        9500.   4.900000E-4            0.
        9510.   5.400000E-4            0.
        9520.   4.900000E-4            0.
        9530.   4.900000E-4            0.
        9540.   4.700000E-4            0.
        9550.   5.100000E-4            0.
        9560.   5.200000E-4            0.
        9570.   4.600000E-4            0.
        9580.   5.400000E-4            0.
        9590.   4.800000E-4            0.
        9600.   4.700000E-4            0.
        9610.   5.000000E-4            0.
        9620.   4.800000E-4            0.
        9630.   4.200000E-4            0.
        9640.   4.800000E-4            0.
        9650.   5.000000E-4            0.
        9660.   5.000000E-4            0.
        9670.   4.800000E-4            0.
        9680.   4.800000E-4            0.
        9690.   4.800000E-4            0.
        9700.   5.200000E-4            0.
        9710.   4.800000E-4            0.
        9720.   5.500000E-4            0.
        9730.   4.900000E-4            0.
        9740.   4.400000E-4            0.
        9750.   5.000000E-4            0.
        9760.   4.900000E-4            0.
        9770.   5.800000E-4            0.
        9780.   4.800000E-4            0.
        9790.   4.700000E-4            0.
        9800.   4.500000E-4            0.
        9810.   4.800000E-4            0.
        9820.   5.300000E-4            0.
        9830.   4.800000E-4            0.
        9840.   5.700000E-4            0.
        9850.   5.500000E-4            0.
        9860.   5.400000E-4            0.
        9870.   5.100000E-4            0.
        9880.   4.800000E-4            0.
        9890.   4.800000E-4            0.
        9900.   5.300000E-4            0.
        9910.   5.300000E-4            0.
        9920.   5.600000E-4            0.
        9930.   5.500000E-4            0.
        9940.   5.500000E-4            0.
        9950.   5.100000E-4            0.
        9960.   4.600000E-4            0.
        9970.   4.900000E-4            0.
        9980.   5.200000E-4            0.
        9990.   4.800000E-4            0.
       10000.   5.300000E-4            0.
       10010.   4.900000E-4            0.
       10020.   5.400000E-4            0.
       10030.   5.200000E-4            0.
       10040.   5.200000E-4            0.
       10050.   5.200000E-4            0.
       10060.   4.900000E-4            0.
       10070.   5.100000E-4            0.
       10080.   5.600000E-4            0.
       10090.   5.200000E-4            0.
       10100.   5.100000E-4            0.
       10110.   5.100000E-4            0.
       10120.   5.200000E-4            0.
       10130.   5.100000E-4            0.
       10140.   4.900000E-4            0.
       10150.   4.600000E-4            0.
       10160.   5.200000E-4            0.
       10170.   5.100000E-4            0.
       10180.   5.000000E-4            0.
       10190.   5.100000E-4            0.
       10200.   4.500000E-4            0.
       10210.   5.000000E-4            0.
       10220.   5.100000E-4            0.
       10230.   4.400000E-4            0.
       10240.   5.100000E-4            0.
       10250.   4.900000E-4            0.
       10260.   4.800000E-4            0.
       10270.   5.100000E-4            0.
       10280.   5.000000E-4            0.
       10290.   4.800000E-4            0.
       10300.   5.200000E-4            0.
       10310.   5.000000E-4            0.
       10320.   5.600000E-4            0.
       10330.   5.500000E-4            0.
       10340.   5.200000E-4            0.
       10350.   4.800000E-4            0.
       10360.   4.900000E-4            0.
       10370.   5.100000E-4            0.
       10380.   5.300000E-4            0.
       10390.   5.100000E-4            0.
       10400.   5.100000E-4            0.
       10410.   5.100000E-4            0.
       10420.   4.300000E-4            0.
       10430.   5.100000E-4            0.
       10440.   5.200000E-4            0.
       10450.   5.000000E-4            0.
       10460.   5.100000E-4            0.
       10470.   4.600000E-4            0.
       10480.   5.200000E-4            0.
       10490.   4.600000E-4            0.
       10500.   5.400000E-4            0.
       10510.   5.400000E-4            0.
       10520.   5.300000E-4            0.
       10530.   5.300000E-4            0.
       10540.   5.100000E-4            0.
       10550.   5.200000E-4            0.
       10560.   5.600000E-4            0.
       10570.   5.400000E-4            0.
       10580.   5.100000E-4            0.
       10590.   5.500000E-4            0.
       10600.   4.700000E-4            0.
       10610.   5.100000E-4            0.
       10620.   5.700000E-4            0.
       10630.   5.100000E-4            0.
       10640.   4.300000E-4            0.
       10650.   5.500000E-4            0.
       10660.   5.600000E-4            0.
       10670.   5.000000E-4            0.
       10680.   5.500000E-4            0.
       10690.   5.200000E-4            0.
       10700.   5.100000E-4            0.
       10710.   5.200000E-4            0.
       10720.   4.700000E-4            0.
       10730.   5.100000E-4            0.
       10740.   4.900000E-4            0.
       10750.   5.300000E-4            0.
       10760.   5.400000E-4            0.
       10770.   5.000000E-4            0.
       10780.   5.400000E-4            0.
       10790.   5.200000E-4            0.
       10800.   5.000000E-4            0.
       10810.   4.900000E-4            0.
       10820.   4.900000E-4            0.
       10830.   5.300000E-4            0.
       10840.   5.100000E-4            0.
       10850.   5.200000E-4            0.
       10860.   5.300000E-4            0.
       10870.   5.100000E-4            0.
       10880.   5.000000E-4            0.
       10890.   5.200000E-4            0.
       10900.   5.000000E-4            0.
       10910.   5.500000E-4            0.
       10920.   5.400000E-4            0.
       10930.   4.900000E-4            0.
       10940.   4.900000E-4            0.
       10950.   4.900000E-4            0.
       10960.   5.600000E-4            0.
       10970.   5.000000E-4            0.
       10980.   4.900000E-4            0.
       10990.   5.100000E-4            0.
       11000.   5.400000E-4            0.
       11010.   5.300000E-4            0.
       11020.   5.500000E-4            0.
       11030.   5.200000E-4            0.
       11040.   4.800000E-4            0.
       11050.   4.500000E-4            0.
       11060.   4.600000E-4            0.
       11070.   4.500000E-4            0.
       11080.   5.300000E-4            0.
       11090.   5.500000E-4            0.
       11100.   5.000000E-4            0.
       13000.            0.            0.
