        2220.   1.060174E-9            0.
        2230.   9.647530E-7            0.
        2240.   6.361044E-6            0.
        2250.   1.378226E-5            0.
        2260.   4.558748E-5            0.
        2270.   1.144988E-4            0.
        2280.   2.979088E-4            0.
        2290.   6.212619E-4            0.
        2300.   0.001312495            0.
        2310.    0.00237903            0.
        2320.    0.00432657            0.
        2330.   0.006876288            0.
        2340.    0.01100779            0.
        2350.    0.01554427            0.
        2360.    0.02258701            0.
        2370.    0.03124863            0.
        2380.    0.04208997            0.
        2390.    0.05451096            0.
        2400.    0.06946472            0.
        2410.    0.08553695            0.
        2420.     0.1036892            0.
        2430.     0.1227681            0.
        2440.     0.1438253            0.
        2450.     0.1648348            0.
        2460.      0.187144            0.
        2470.     0.2083337            0.
        2480.     0.2314391            0.
        2490.     0.2526289            0.
        2500.     0.2752668            0.
        2510.     0.2951885            0.
        2520.     0.3167641            0.
        2530.     0.3348527            0.
        2540.     0.3542974            0.
        2550.      0.370182            0.
        2560.      0.387571            0.
        2570.     0.4010151            0.
        2580.     0.4154811            0.
        2590.     0.4264878            0.
        2600.     0.4376017            0.
        2610.     0.4468506            0.
        2620.     0.4559702            0.
        2630.     0.4639013            0.
        2640.     0.4710703            0.
        2650.     0.4767761            0.
        2660.     0.4811462            0.
        2670.     0.4847518            0.
        2680.     0.4881867            0.
        2690.     0.4916228            0.
        2700.     0.4969448            0.
        2710.     0.5009947            0.
        2720.     0.5045569            0.
        2730.     0.5062532            0.
        2740.     0.5072921            0.
        2750.     0.5077375            0.
        2760.     0.5080979            0.
        2770.     0.5077364            0.
        2780.     0.5071426            0.
        2790.     0.5058059            0.
        2800.     0.5048093            0.
        2810.      0.503325            0.
        2820.     0.5015239            0.
        2830.     0.4996568            0.
        2840.     0.4980878            0.
        2850.     0.4970477            0.
        2860.      0.495097            0.
        2870.     0.4940156            0.
        2880.      0.492066            0.
        2890.     0.4905605            0.
        2900.     0.4879716            0.
        2910.     0.4851526            0.
        2920.     0.4832867            0.
        2930.     0.4806574            0.
        2940.     0.4777737            0.
        2950.     0.4754626            0.
        2960.     0.4728333            0.
        2970.     0.4704161            0.
        2980.      0.467066            0.
        2990.     0.4645205            0.
        3000.     0.4613612            0.
        3010.     0.4582432            0.
        3020.     0.4552121            0.
        3030.     0.4523709            0.
        3040.     0.4489349            0.
        3050.     0.4456049            0.
        3060.     0.4418508            0.
        3070.     0.4383098            0.
        3080.     0.4343458            0.
        3090.     0.4303574            0.
        3100.      0.426139            0.
        3110.     0.4220457            0.
        3120.     0.4173798            0.
        3130.     0.4123101            0.
        3140.     0.4071164            0.
        3150.     0.4023434            0.
        3160.     0.3964679            0.
        3170.     0.3911872            0.
        3180.     0.3852047            0.
        3190.     0.3795423            0.
        3200.     0.3729448            0.
        3210.      0.367134            0.
        3220.      0.360263            0.
        3230.     0.3540504            0.
        3240.     0.3469239            0.
        3250.     0.3405395            0.
        3260.     0.3330081            0.
        3270.     0.3260088            0.
        3280.     0.3181614            0.
        3290.      0.311372            0.
        3300.     0.3037208            0.
        3310.       0.29659            0.
        3320.      0.288468            0.
        3330.     0.2812546            0.
        3340.     0.2730679            0.
        3350.     0.2661959            0.
        3360.     0.2583485            0.
        3370.     0.2511192            0.
        3380.     0.2432505            0.
        3390.     0.2368884            0.
        3400.     0.2270119            0.
        3410.     0.2199733            0.
        3420.     0.2133505            0.
        3430.      0.206295            0.
        3440.      0.199758            0.
        3450.     0.1928722            0.
        3460.     0.1866319            0.
        3470.     0.1801076            0.
        3480.      0.174229            0.
        3490.     0.1679357            0.
        3500.     0.1623137            0.
        3510.     0.1562962            0.
        3520.     0.1509688            0.
        3530.     0.1452088            0.
        3540.     0.1401148            0.
        3550.     0.1346284            0.
        3560.     0.1298745            0.
        3570.     0.1247708            0.
        3580.     0.1201241            0.
        3590.     0.1152749            0.
        3600.     0.1108603            0.
        3610.     0.1061594            0.
        3620.     0.1019781            0.
        3630.    0.09755296            0.
        3640.    0.09358474            0.
        3650.    0.08939175            0.
        3660.     0.0855942            0.
        3670.    0.08159205            0.
        3680.    0.07796413            0.
        3690.    0.07419521            0.
        3700.    0.07082175            0.
        3710.    0.06730197            0.
        3720.    0.06397513            0.
        3730.    0.06056244            0.
        3740.    0.05734163            0.
        3750.    0.05405509            0.
        3760.    0.05094242            0.
        3770.    0.04771949            0.
        3780.    0.04466937            0.
        3790.    0.04157472            0.
        3800.    0.03860835            0.
        3810.    0.03559852            0.
        3830.    0.02595836            0.
        3840.    0.02371821            0.
        3850.    0.02126603            0.
        3860.    0.01921247            0.
        3870.    0.01697445            0.
        3880.    0.01511808            0.
        3890.    0.01311223            0.
        3900.    0.01150819            0.
        3910.   0.009809789            0.
        3920.   0.008455948            0.
        3930.   0.007059698            0.
        3940.   0.005988922            0.
        3950.   0.004913906            0.
        3960.   0.004097572            0.
        3970.   0.003297141            0.
        3980.   0.002709804            0.
        3990.   0.002144732            0.
        4000.   0.001736565            0.
        4010.   0.001351722            0.
        4020.   0.001080317            0.
        4030.   8.311763E-4            0.
        4040.   6.573078E-4            0.
        4050.   5.014623E-4            0.
        4060.   3.943847E-4            0.
        4070.   3.000292E-4            0.
        4080.   2.364188E-4            0.
        4090.   1.802296E-4            0.
        4100.   1.420633E-4            0.
        4110.   1.091979E-4            0.
        4120.   8.587409E-5            0.
        4130.   6.573078E-5            0.
        4140.   5.300869E-5            0.
        4150.   4.134678E-5            0.
        4160.   3.286539E-5            0.
        4170.   2.756452E-5            0.
        4180.   2.120348E-5            0.
        4190.   1.802296E-5            0.
        4200.   1.378226E-5            0.
        4210.   1.166191E-5            0.
        4220.   9.541565E-6            0.
        4230.   7.421218E-6            0.
        4240.   6.361044E-6            0.
        4250.   5.300869E-6            0.
        4260.   4.240696E-6            0.
        4270.   4.240696E-6            0.
        4280.   3.180522E-6            0.
        4290.   3.180522E-6            0.
        4300.   3.180522E-6            0.
        4310.   2.120348E-6            0.
        4320.   2.120348E-6            0.
        4330.   2.120348E-6            0.
        4340.   2.120348E-6            0.
        4350.   2.120348E-6            0.
        4360.   2.120348E-6            0.
        4370.   2.120348E-6            0.
        4380.   2.120348E-6            0.
        4390.   2.120348E-6            0.
        4400.   2.120348E-6            0.
        4410.   2.120348E-6            0.
        4420.   2.120348E-6            0.
        4430.   2.120348E-6            0.
        4440.   2.120348E-6            0.
        4450.   2.120348E-6            0.
        4460.   2.120348E-6            0.
        4470.   2.120348E-6            0.
        4480.   2.120348E-6            0.
        4490.   2.120348E-6            0.
        4500.   2.120348E-6            0.
        4510.   2.120348E-6            0.
        4520.   2.120348E-6            0.
        4530.   2.120348E-6            0.
        4540.   2.120348E-6            0.
        4550.   2.120348E-6            0.
        4560.   2.120348E-6            0.
        4570.   2.120348E-6            0.
        4580.   2.120348E-6            0.
        4590.   2.120348E-6            0.
        4600.   2.120348E-6            0.
        4610.   2.120348E-6            0.
        4620.   2.120348E-6            0.
        4630.   2.120348E-6            0.
        4640.   1.060174E-6            0.
        4650.   1.060174E-6            0.
        4660.   1.060174E-6            0.
        4670.   1.060174E-6            0.
        4680.   1.060174E-6            0.
        4690.   1.060174E-6            0.
        4700.   1.060174E-6            0.
        4710.   1.060174E-6            0.
        4720.   1.060174E-6            0.
        4730.   1.060174E-6            0.
        4740.   1.060174E-6            0.
        4750.   1.060174E-6            0.
        4760.   1.060174E-6            0.
        4770.   1.060174E-6            0.
        4780.   1.060174E-6            0.
        4790.   1.060174E-6            0.
        4800.   1.060174E-6            0.
        4810.   1.060174E-6            0.
        4820.            0.            0.
        4830.   1.060174E-6            0.
        4840.            0.            0.
        4850.            0.            0.
        4860.            0.            0.
        4870.            0.            0.
        4880.            0.            0.
        4890.            0.            0.
        4900.            0.            0.
        4910.            0.            0.
        4920.            0.            0.
        4930.            0.            0.
        4940.            0.            0.
        4950.            0.            0.
        4960.            0.            0.
        4970.            0.            0.
        4980.            0.            0.
        4990.            0.            0.
        5000.            0.            0.
        5010.            0.            0.
        5020.            0.            0.
        5030.            0.            0.
        5040.            0.            0.
        5050.            0.            0.
        5060.            0.            0.
        5070.            0.            0.
        5080.            0.            0.
        5090.            0.            0.
        5100.            0.            0.
        5110.   3.364706E-7            0.
        5120.   3.320974E-7            0.
        5130.   3.277252E-7            0.
        5140.   3.233520E-7            0.
        5150.   3.189798E-7            0.
        5160.   3.146066E-7            0.
        5170.   3.102345E-7            0.
        5180.   3.058612E-7            0.
        5190.   3.014891E-7            0.
        5200.   2.971159E-7            0.
        5210.   2.964427E-7            0.
        5220.   2.957684E-7            0.
        5230.   2.950952E-7            0.
        5240.   2.944209E-7            0.
        5250.   2.937477E-7            0.
        5260.   2.930745E-7            0.
        5270.   2.924002E-7            0.
        5280.   2.917270E-7            0.
        5290.   2.910527E-7            0.
        5300.   2.903795E-7            0.
        5310.   2.868258E-7            0.
        5320.   2.832721E-7            0.
        5330.   2.797184E-7            0.
        5340.   2.761647E-7            0.
        5350.   2.726110E-7            0.
        5360.   2.690573E-7            0.
        5370.   2.655036E-7            0.
        5380.   2.619499E-7            0.
        5390.   2.583962E-7            0.
        5400.   2.548425E-7            0.
        5410.   2.519376E-7            0.
        5420.   2.490338E-7            0.
        5430.   2.461289E-7            0.
        5440.   2.432240E-7            0.
        5450.   2.403192E-7            0.
        5460.   2.374143E-7            0.
        5470.   2.345094E-7            0.
        5480.   2.316056E-7            0.
        5490.   2.287007E-7            0.
        5500.   2.257958E-7            0.
        5510.   2.230595E-7            0.
        5520.   2.203222E-7            0.
        5530.   2.175859E-7            0.
        5540.   2.148495E-7            0.
        5550.   2.121132E-7            0.
        5560.   2.093759E-7            0.
        5570.   2.066396E-7            0.
        5580.   2.039033E-7            0.
        5590.   2.011669E-7            0.
        5600.   1.984296E-7            0.
        5610.   1.956933E-7            0.
        5620.   1.929569E-7            0.
        5630.   1.902207E-7            0.
        5640.   1.874833E-7            0.
        5650.   1.847470E-7            0.
        5660.   1.820107E-7            0.
        5670.   1.792733E-7            0.
        5680.   1.765370E-7            0.
        5690.   1.738007E-7            0.
        5700.   1.710644E-7            0.
        5710.   1.683270E-7            0.
        5720.   1.655907E-7            0.
        5730.   1.628544E-7            0.
        5740.   1.601181E-7            0.
        5750.   1.573807E-7            0.
        5760.   1.546444E-7            0.
        5770.   1.519081E-7            0.
        5780.   1.491718E-7            0.
        5790.   1.464344E-7            0.
        5800.   1.436981E-7            0.
        5810.   1.431648E-7            0.
        5820.   1.426316E-7            0.
        5830.   1.420983E-7            0.
        5840.   1.415661E-7            0.
        5850.   1.410328E-7            0.
        5860.   1.404996E-7            0.
        5870.   1.399663E-7            0.
        5880.   1.394330E-7            0.
        5890.   1.388997E-7            0.
        5900.   1.383665E-7            0.
        5910.   1.382064E-7            0.
        5920.   1.380463E-7            0.
        5930.   1.378862E-7            0.
        5940.   1.377261E-7            0.
        5950.   1.375661E-7            0.
        5960.   1.374060E-7            0.
        5970.   1.372459E-7            0.
        5980.   1.370858E-7            0.
        5990.   1.369268E-7            0.
        6000.   1.367667E-7            0.
        6010.   1.358009E-7            0.
        6020.   1.348350E-7            0.
        6030.   1.338692E-7            0.
        6040.   1.329034E-7            0.
        6050.   1.319376E-7            0.
        6060.   1.309718E-7            0.
        6070.   1.300049E-7            0.
        6080.   1.290391E-7            0.
        6090.   1.280733E-7            0.
        6100.   1.271074E-7            0.
        6110.   1.266590E-7            0.
        6120.   1.262095E-7            0.
        6130.   1.257610E-7            0.
        6140.   1.253115E-7            0.
        6150.   1.248630E-7            0.
        6160.   1.244135E-7            0.
        6170.   1.239651E-7            0.
        6180.   1.235156E-7            0.
        6190.   1.230671E-7            0.
        6200.   1.226176E-7            0.
        6210.   1.226674E-7            0.
        6220.   1.227162E-7            0.
        6230.   1.227660E-7            0.
        6240.   1.228148E-7            0.
        6250.   1.228646E-7            0.
        6260.   1.229134E-7            0.
        6270.   1.229632E-7            0.
        6280.   1.230120E-7            0.
        6290.   1.230618E-7            0.
        6300.   1.231106E-7            0.
        6310.   1.226961E-7            0.
        6320.   1.222805E-7            0.
        6330.   1.218659E-7            0.
        6340.   1.214503E-7            0.
        6350.   1.210358E-7            0.
        6360.   1.206202E-7            0.
        6370.   1.202057E-7            0.
        6380.   1.197901E-7            0.
        6390.   1.193756E-7            0.
        6400.   1.189600E-7            0.
        6410.   1.224087E-7            0.
        6420.   1.258564E-7            0.
        6430.   1.293041E-7            0.
        6440.   1.327518E-7            0.
        6450.   1.362006E-7            0.
        6460.   1.396482E-7            0.
        6470.   1.430959E-7            0.
        6480.   1.465436E-7            0.
        6490.   1.499923E-7            0.
        6500.   1.534400E-7            0.
        6510.   2.156585E-7            0.
        6520.   2.778758E-7            0.
        6530.   3.400932E-7            0.
        6540.   4.023116E-7            0.
        6550.   4.645290E-7            0.
        6560.   5.267474E-7            0.
        6570.   5.889658E-7            0.
        6580.   6.511832E-7            0.
        6590.   1.060174E-6            0.
        6600.   1.060174E-6            0.
        6610.   1.060174E-6            0.
        6620.   1.060174E-6            0.
        6630.   2.120348E-6            0.
        6640.   2.120348E-6            0.
        6650.   3.180522E-6            0.
        6660.   4.240696E-6            0.
        6670.   5.300869E-6            0.
        6680.   7.421218E-6            0.
        6690.   9.541565E-6            0.
        6700.   1.166191E-5            0.
        6710.   1.484244E-5            0.
        6720.   1.802296E-5            0.
        6730.   2.120348E-5            0.
        6740.   2.650435E-5            0.
        6750.   3.074505E-5            0.
        6760.   3.710609E-5            0.
        6770.   4.240695E-5            0.
        6780.   4.982818E-5            0.
        6790.   5.618922E-5            0.
        6800.   6.467061E-5            0.
        6810.   7.209183E-5            0.
        6820.   8.163338E-5            0.
        6830.   9.011479E-5            0.
        6840.   1.007165E-4            0.
        6850.   1.102581E-4            0.
        6860.   1.208598E-4            0.
        6870.   1.304014E-4            0.
        6880.   1.420633E-4            0.
        6890.   1.526650E-4            0.
        6900.   1.643269E-4            0.
        6910.   1.728084E-4            0.
        6920.   1.844703E-4            0.
        6930.   1.940118E-4            0.
        6940.   2.046136E-4            0.
        6950.   2.130950E-4            0.
        6960.   2.226365E-4            0.
        6970.   2.311179E-4            0.
        6980.   2.385391E-4            0.
        6990.   2.449002E-4            0.
        7000.   2.523214E-4            0.
        7010.   2.586824E-4            0.
        7020.   2.639833E-4            0.
        7030.   2.692842E-4            0.
        7040.   2.756452E-4            0.
        7050.   2.798859E-4            0.
        7060.   2.841266E-4            0.
        7070.   2.883673E-4            0.
        7080.   2.926080E-4            0.
        7090.   2.957885E-4            0.
        7100.   2.989690E-4            0.
        7110.   3.021496E-4            0.
        7120.   3.032097E-4            0.
        7130.   3.063903E-4            0.
        7140.   3.063903E-4            0.
        7150.   3.085106E-4            0.
        7160.   3.085106E-4            0.
        7170.   3.085106E-4            0.
        7180.   3.074504E-4            0.
        7190.   3.074504E-4            0.
        7200.   3.063903E-4            0.
        7210.   3.053301E-4            0.
        7220.   3.042699E-4            0.
        7230.   3.021496E-4            0.
        7240.   3.010894E-4            0.
        7250.   2.989690E-4            0.
        7260.   2.968487E-4            0.
        7270.   2.936682E-4            0.
        7280.   2.904876E-4            0.
        7290.   2.883673E-4            0.
        7300.   2.862469E-4            0.
        7310.   2.820063E-4            0.
        7320.   2.798859E-4            0.
        7330.   2.788258E-4            0.
        7340.   2.745851E-4            0.
        7350.   2.714045E-4            0.
        7360.   2.692842E-4            0.
        7370.   2.639833E-4            0.
        7380.   2.618630E-4            0.
        7390.   2.576223E-4            0.
        7400.   2.555019E-4            0.
        7410.   2.523214E-4            0.
        7420.   2.502011E-4            0.
        7430.   2.459604E-4            0.
        7440.   2.427798E-4            0.
        7450.   2.395993E-4            0.
        7460.   2.374790E-4            0.
        7470.   2.342984E-4            0.
        7480.   2.311179E-4            0.
        7490.   2.279374E-4            0.
        7500.   2.247569E-4            0.
        7510.   2.215764E-4            0.
        7520.   2.183958E-4            0.
        7530.   2.162755E-4            0.
        7540.   2.130950E-4            0.
        7550.   2.120348E-4            0.
        7560.   2.077941E-4            0.
        7570.   2.046136E-4            0.
        7580.   2.014331E-4            0.
        7590.   2.014331E-4            0.
        7600.   1.982525E-4            0.
        7610.   1.961322E-4            0.
        7620.   1.929517E-4            0.
        7630.   1.908313E-4            0.
        7640.   1.876508E-4            0.
        7650.   1.865906E-4            0.
        7660.   1.834101E-4            0.
        7670.   1.823499E-4            0.
        7680.   1.791694E-4            0.
        7690.   1.781092E-4            0.
        7700.   1.759889E-4            0.
        7710.   1.738685E-4            0.
        7720.   1.717482E-4            0.
        7730.   1.706880E-4            0.
        7740.   1.685677E-4            0.
        7750.   1.664473E-4            0.
        7760.   1.653871E-4            0.
        7770.   1.632668E-4            0.
        7780.   1.622066E-4            0.
        7790.   1.611464E-4            0.
        7800.   1.579659E-4            0.
        7810.   1.569057E-4            0.
        7820.   1.558456E-4            0.
        7830.   1.537252E-4            0.
        7840.   1.537252E-4            0.
        7850.   1.516049E-4            0.
        7860.   1.505447E-4            0.
        7870.   1.494845E-4            0.
        7880.   1.484244E-4            0.
        7890.   1.473642E-4            0.
        7900.   1.463040E-4            0.
        7910.   1.441837E-4            0.
        7920.   1.431235E-4            0.
        7930.   1.431235E-4            0.
        7940.   1.420633E-4            0.
        7950.   1.410031E-4            0.
        7960.   1.399430E-4            0.
        7970.   1.399430E-4            0.
        7980.   1.388828E-4            0.
        7990.   1.378226E-4            0.
        8000.   1.271096E-4            0.
        8010.   1.268127E-4            0.
        8020.   1.265148E-4            0.
        8030.   1.262179E-4            0.
        8040.   1.259211E-4            0.
        8050.   1.256242E-4            0.
        8060.   1.253263E-4            0.
        8070.   1.250295E-4            0.
        8080.   1.247326E-4            0.
        8090.   1.244358E-4            0.
        8100.   1.241389E-4            0.
        8110.   1.241623E-4            0.
        8120.   1.241867E-4            0.
        8130.   1.242100E-4            0.
        8140.   1.242344E-4            0.
        8150.   1.242587E-4            0.
        8160.   1.242821E-4            0.
        8170.   1.243064E-4            0.
        8180.   1.243298E-4            0.
        8190.   1.243542E-4            0.
        8200.   1.243785E-4            0.
        8210.   1.245280E-4            0.
        8220.   1.246786E-4            0.
        8230.   1.248281E-4            0.
        8240.   1.249786E-4            0.
        8250.   1.251281E-4            0.
        8260.   1.252786E-4            0.
        8270.   1.254281E-4            0.
        8280.   1.255786E-4            0.
        8290.   1.257282E-4            0.
        8300.   1.258787E-4            0.
        8310.   1.260282E-4            0.
        8320.   1.261787E-4            0.
        8330.   1.263282E-4            0.
        8340.   1.264788E-4            0.
        8350.   1.266282E-4            0.
        8360.   1.267788E-4            0.
        8370.   1.269283E-4            0.
        8380.   1.270788E-4            0.
        8390.   1.272283E-4            0.
        8400.   1.273788E-4            0.
        8410.   1.274477E-4            0.
        8420.   1.275177E-4            0.
        8430.   1.275866E-4            0.
        8440.   1.276555E-4            0.
        8450.   1.277245E-4            0.
        8460.   1.277944E-4            0.
        8470.   1.278633E-4            0.
        8480.   1.279322E-4            0.
        8490.   1.280022E-4            0.
        8500.   1.280711E-4            0.
        8510.   1.280118E-4            0.
        8520.   1.279535E-4            0.
        8530.   1.278941E-4            0.
        8540.   1.278358E-4            0.
        8550.   1.277764E-4            0.
        8560.   1.277170E-4            0.
        8570.   1.276587E-4            0.
        8580.   1.275994E-4            0.
        8590.   1.275410E-4            0.
        8600.   1.274817E-4            0.
        8610.   1.275750E-4            0.
        8620.   1.276693E-4            0.
        8630.   1.277626E-4            0.
        8640.   1.278570E-4            0.
        8650.   1.279503E-4            0.
        8660.   1.280436E-4            0.
        8670.   1.281379E-4            0.
        8680.   1.282312E-4            0.
        8690.   1.283256E-4            0.
        8700.   1.284189E-4            0.
        8710.   1.283584E-4            0.
        8720.   1.282991E-4            0.
        8730.   1.282387E-4            0.
        8740.   1.281793E-4            0.
        8750.   1.281199E-4            0.
        8760.   1.280595E-4            0.
        8770.   1.280001E-4            0.
        8780.   1.279397E-4            0.
        8790.   1.278803E-4            0.
        8800.   1.278199E-4            0.
        8810.   1.279238E-4            0.
        8820.   1.280277E-4            0.
        8830.   1.281315E-4            0.
        8840.   1.282355E-4            0.
        8850.   1.283394E-4            0.
        8860.   1.284443E-4            0.
        8870.   1.285482E-4            0.
        8880.   1.286521E-4            0.
        8890.   1.287560E-4            0.
        8900.   1.288599E-4            0.
        8910.   1.287305E-4            0.
        8920.   1.286012E-4            0.
        8930.   1.284719E-4            0.
        8940.   1.283425E-4            0.
        8950.   1.282142E-4            0.
        8960.   1.280849E-4            0.
        8970.   1.279556E-4            0.
        8980.   1.278262E-4            0.
        8990.   1.276969E-4            0.
        9000.   1.275675E-4            0.
        9010.   1.276979E-4            0.
        9020.   1.278294E-4            0.
        9030.   1.279598E-4            0.
        9040.   1.280913E-4            0.
        9050.   1.282217E-4            0.
        9060.   1.283521E-4            0.
        9070.   1.284835E-4            0.
        9080.   1.286139E-4            0.
        9090.   1.287454E-4            0.
        9100.   1.288758E-4            0.
        9110.   1.287698E-4            0.
        9120.   1.286638E-4            0.
        9130.   1.285578E-4            0.
        9140.   1.284517E-4            0.
        9150.   1.283468E-4            0.
        9160.   1.282408E-4            0.
        9170.   1.281347E-4            0.
        9180.   1.280287E-4            0.
        9190.   1.279227E-4            0.
        9200.   1.278167E-4            0.
        9210.   1.279641E-4            0.
        9220.   1.281114E-4            0.
        9230.   1.282588E-4            0.
        9240.   1.284061E-4            0.
        9250.   1.285524E-4            0.
        9260.   1.286998E-4            0.
        9270.   1.288472E-4            0.
        9280.   1.289946E-4            0.
        9290.   1.291419E-4            0.
        9300.   1.292893E-4            0.
        9310.   1.293465E-4            0.
        9320.   1.294038E-4            0.
        9330.   1.294610E-4            0.
        9340.   1.295183E-4            0.
        9350.   1.295766E-4            0.
        9360.   1.296338E-4            0.
        9370.   1.296911E-4            0.
        9380.   1.297483E-4            0.
        9390.   1.298056E-4            0.
        9400.   1.298628E-4            0.
        9410.   1.299264E-4            0.
        9420.   1.299900E-4            0.
        9430.   1.300537E-4            0.
        9440.   1.301173E-4            0.
        9450.   1.301809E-4            0.
        9460.   1.302455E-4            0.
        9470.   1.303092E-4            0.
        9480.   1.303728E-4            0.
        9490.   1.304364E-4            0.
        9500.   1.305000E-4            0.
        9510.   1.307301E-4            0.
        9520.   1.309601E-4            0.
        9530.   1.311902E-4            0.
        9540.   1.314202E-4            0.
        9550.   1.316503E-4            0.
        9560.   1.318793E-4            0.
        9570.   1.321093E-4            0.
        9580.   1.323394E-4            0.
        9590.   1.325694E-4            0.
        9600.   1.327995E-4            0.
        9610.   1.327529E-4            0.
        9620.   1.327062E-4            0.
        9630.   1.326585E-4            0.
        9640.   1.326119E-4            0.
        9650.   1.325652E-4            0.
        9660.   1.325186E-4            0.
        9670.   1.324719E-4            0.
        9680.   1.324242E-4            0.
        9690.   1.323776E-4            0.
        9700.   1.323309E-4            0.
        9710.   1.325885E-4            0.
        9720.   1.328462E-4            0.
        9730.   1.331048E-4            0.
        9740.   1.333625E-4            0.
        9750.   1.336201E-4            0.
        9760.   1.338777E-4            0.
        9770.   1.341353E-4            0.
        9780.   1.343940E-4            0.
        9790.   1.346516E-4            0.
        9800.   1.349093E-4            0.
        9810.   1.350280E-4            0.
        9820.   1.351478E-4            0.
        9830.   1.352665E-4            0.
        9840.   1.353863E-4            0.
        9850.   1.355051E-4            0.
        9860.   1.356238E-4            0.
        9870.   1.357436E-4            0.
        9880.   1.358624E-4            0.
        9890.   1.359822E-4            0.
        9900.   1.361009E-4            0.
        9910.   1.361115E-4            0.
        9920.   1.361210E-4            0.
        9930.   1.361306E-4            0.
        9940.   1.361412E-4            0.
        9950.   1.361518E-4            0.
        9960.   1.361613E-4            0.
        9970.   1.361709E-4            0.
        9980.   1.361815E-4            0.
        9990.   1.361910E-4            0.
       10000.   1.362016E-4            0.
       10010.   1.364529E-4            0.
       10020.   1.367041E-4            0.
       10030.   1.369554E-4            0.
       10040.   1.372066E-4            0.
       10050.   1.374579E-4            0.
       10060.   1.377092E-4            0.
       10070.   1.379605E-4            0.
       10080.   1.382117E-4            0.
       10090.   1.384630E-4            0.
       10100.   1.387142E-4            0.
       10110.   1.653871E-4            0.
       10120.   1.547854E-4            0.
       10130.   1.431235E-4            0.
       10140.   1.579659E-4            0.
       10150.   1.706880E-4            0.
       10160.   1.388828E-4            0.
       10170.   1.166191E-4            0.
       10180.   1.441837E-4            0.
       10190.   1.261607E-4            0.
       10200.   1.770490E-4            0.
       10210.   1.494845E-4            0.
       10220.   1.314616E-4            0.
       10230.   1.463040E-4            0.
       10240.   1.717482E-4            0.
       10250.   1.675075E-4            0.
       10260.   1.590261E-4            0.
       10270.   1.696278E-4            0.
       10280.   1.611464E-4            0.
       10290.   1.526650E-4            0.
       10300.   1.357023E-4            0.
       10310.   1.378226E-4            0.
       10320.   1.505447E-4            0.
       10330.   1.357023E-4            0.
       10340.   1.611464E-4            0.
       10350.   1.463040E-4            0.
       10360.   1.420633E-4            0.
       10370.   1.505447E-4            0.
       10380.   1.346421E-4            0.
       10390.   1.685677E-4            0.
       10400.   1.516049E-4            0.
       10410.   1.399430E-4            0.
       10420.   1.335819E-4            0.
       10430.   1.473642E-4            0.
       10440.   1.007165E-4            0.
       10450.   1.410031E-4            0.
       10460.   1.622066E-4            0.
       10470.   1.579659E-4            0.
       10480.   1.431235E-4            0.
       10490.   1.600863E-4            0.
       10500.   1.410031E-4            0.
       10510.   1.420633E-4            0.
       10520.   1.791694E-4            0.
       10530.   1.547854E-4            0.
       10540.   1.293412E-4            0.
       10550.   1.346421E-4            0.
       10560.   1.272209E-4            0.
       10570.   1.282811E-4            0.
       10580.   1.240404E-4            0.
       10590.   1.357023E-4            0.
       10600.   1.378226E-4            0.
       10610.   1.102581E-4            0.
       10620.   1.113183E-4            0.
       10630.   1.038970E-4            0.
       10640.   1.166191E-4            0.
       10650.   1.346421E-4            0.
       10660.   1.293412E-4            0.
       10670.   1.229802E-4            0.
       10680.   1.282811E-4            0.
       10690.   1.293412E-4            0.
       10700.   1.420633E-4            0.
       10710.   1.399430E-4            0.
       10720.   1.410031E-4            0.
       10730.   1.346421E-4            0.
       10740.   1.357023E-4            0.
       10750.   1.113183E-4            0.
       10760.   1.187395E-4            0.
       10770.   1.123784E-4            0.
       10780.   9.965635E-5            0.
       10790.   9.117496E-5            0.
       10800.   1.049572E-4            0.
       10810.   1.251005E-4            0.
       10820.   1.144988E-4            0.
       10830.   1.463040E-4            0.
       10840.   1.229802E-4            0.
       10850.   1.325217E-4            0.
       10860.   1.229802E-4            0.
       10870.   1.304014E-4            0.
       10880.   1.123784E-4            0.
       10890.   1.314616E-4            0.
       10900.   1.028369E-4            0.
       10910.   1.028369E-4            0.
       10920.   9.859618E-5            0.
       10930.   1.017767E-4            0.
       10940.   1.240404E-4            0.
       10950.   1.113183E-4            0.
       10960.   8.375374E-5            0.
       10970.   1.060174E-4            0.
       10980.   8.057322E-5            0.
       10990.   9.329530E-5            0.
       11000.   8.587409E-5            0.
