        1210.  4.992759E-20            0.
        1228.  4.992759E-20            0.
        1260.  4.992759E-20            0.
        1290.  4.992759E-20            0.
        1320.  4.992759E-20            0.
        1350.  4.992759E-20            0.
        1380.  4.992759E-20            0.
        1410.  4.992759E-20            0.
        1440.  4.992759E-20            0.
        1470.  4.992759E-20            0.
        1500.  4.992759E-20            0.
        1531.  4.992759E-20            0.
        1890.   1.388895E-7            0.
        1910.   5.991311E-5            0.
        1930.   5.065381E-4            0.
        1950.   6.526897E-4            0.
        1970.   7.697926E-4            0.
        1990.   8.769100E-4            0.
        2010.   0.001082975            0.
        2030.   0.001243651            0.
        2050.   0.001612207            0.
        2070.    0.00201072            0.
        2090.   0.002480947            0.
        2110.   0.003134545            0.
        2130.   0.003912508            0.
        2150.   0.004887457            0.
        2170.   0.006225517            0.
        2190.   0.007940303            0.
        2210.    0.01023425            0.
        2230.    0.01340873            0.
        2250.    0.01769615            0.
        2270.    0.02359759            0.
        2290.    0.03162504            0.
        2310.    0.04278522            0.
        2330.     0.0571689            0.
        2350.    0.07506659            0.
        2370.    0.09520102            0.
        2390.     0.1152574            0.
        2410.     0.1321765            0.
        2430.     0.1442853            0.
        2450.     0.1512543            0.
        2470.     0.1541029            0.
        2490.     0.1544242            0.
        2510.     0.1530589            0.
        2530.     0.1510055            0.
        2550.     0.1482641            0.
        2570.     0.1450878            0.
        2590.     0.1413813            0.
        2610.     0.1368942            0.
        2630.     0.1318624            0.
        2650.      0.126029            0.
        2670.     0.1197953            0.
        2690.     0.1126357            0.
        2710.     0.1052219            0.
        2730.    0.09744413            0.
        2750.    0.08933679            0.
        2770.    0.08092082            0.
        2790.    0.07224794            0.
        2810.    0.06361592            0.
        2830.    0.05499842            0.
        2850.     0.0467994            0.
        2870.    0.03915412            0.
        2890.    0.03216426            0.
        2910.    0.02612575            0.
        2930.    0.02098774            0.
        2950.    0.01678838            0.
        2970.    0.01335699            0.
        2990.    0.01063276            0.
        3000.   0.007803228            0.
        3010.   0.007025266            0.
        3020.   0.006226424            0.
        3030.   0.005622754            0.
        3040.   0.005008191            0.
        3050.   0.004528886            0.
        3060.   0.004040504            0.
        3070.   0.003659239            0.
        3080.   0.003274342            0.
        3090.   0.002980223            0.
        3100.    0.00267158            0.
        3110.   0.002441005            0.
        3120.   0.002194998            0.
        3130.   0.002012536            0.
        3140.   0.001816457            0.
        3150.   0.001665766            0.
        3160.   0.001511444            0.
        3170.   0.001392526            0.
        3180.   0.001271792            0.
        3190.   0.001173752            0.
        3200.   0.001073897            0.
        3210.   9.949206E-4            0.
        3220.   9.150365E-4            0.
        3230.   8.505845E-4            0.
        3240.   7.825015E-4            0.
        3250.   7.280350E-4            0.
        3260.   6.735686E-4            0.
        3270.   6.299954E-4            0.
        3280.   5.846067E-4            0.
        3290.   5.482957E-4            0.
        3300.   5.074458E-4            0.
        3310.   4.756737E-4            0.
        3320.   4.448094E-4            0.
        3330.   4.175762E-4            0.
        3340.   3.894352E-4            0.
        3350.   3.694642E-4            0.
        3360.   3.449543E-4            0.
        3370.   3.258910E-4            0.
        3380.   3.050122E-4            0.
        3390.   2.904878E-4            0.
        3400.   2.723323E-4            0.
        3410.   2.578079E-4            0.
        3420.   2.460068E-4            0.
        3430.   2.323902E-4            0.
        3440.   2.196814E-4            0.
        3450.   2.078803E-4            0.
        3460.   1.988026E-4            0.
        3470.   1.879093E-4            0.
        3480.   1.788315E-4            0.
        3490.   1.706616E-4            0.
        3500.   1.624916E-4            0.
        3510.   1.543216E-4            0.
        3520.   1.479672E-4            0.
        3530.   1.407050E-4            0.
        3540.   1.352584E-4            0.
        3550.   1.279962E-4            0.
        3560.   1.234573E-4            0.
        3570.   1.171029E-4            0.
        3580.   1.125640E-4            0.
        3590.   1.080251E-4            0.
        3600.   1.034863E-4            0.
        3610.   9.985518E-5            0.
        3620.   9.531630E-5            0.
        3630.   9.168521E-5            0.
        3640.   8.805410E-5            0.
        3650.   8.442302E-5            0.
        3660.   8.169969E-5            0.
        3670.   7.806860E-5            0.
        3680.   7.534527E-5            0.
        3690.   7.262194E-5            0.
        3700.   6.989862E-5            0.
        3710.   6.717530E-5            0.
        3720.   6.535975E-5            0.
        3730.   6.263643E-5            0.
        3740.   6.082088E-5            0.
        3750.   5.809756E-5            0.
        3760.   5.628201E-5            0.
        3770.   5.355869E-5            0.
        3780.   5.265091E-5            0.
        3790.   5.083536E-5            0.
        3800.   4.901981E-5            0.
        3810.   4.720426E-5            0.
        3820.   4.629649E-5            0.
        3830.   4.448094E-5            0.
        3840.   4.266539E-5            0.
        3850.   4.175762E-5            0.
        3860.   4.084985E-5            0.
        3870.   3.903430E-5            0.
        3880.   3.812652E-5            0.
        3890.   3.631097E-5            0.
        3900.   3.540320E-5            0.
        3910.   3.449542E-5            0.
        3920.   3.358765E-5            0.
        3930.   3.267988E-5            0.
        3940.   3.177210E-5            0.
        3950.   2.995655E-5            0.
        3960.   2.904878E-5            0.
        3970.   2.814100E-5            0.
        3980.   2.814100E-5            0.
        3990.   2.723323E-5            0.
        4000.   2.632546E-5            0.
        4010.   2.541768E-5            0.
        4020.   2.450991E-5            0.
        4030.   2.360213E-5            0.
        4040.   2.360213E-5            0.
        4050.   2.269436E-5            0.
        4060.   2.178659E-5            0.
        4070.   2.087881E-5            0.
        4080.   2.087881E-5            0.
        4090.   1.997104E-5            0.
        4100.   1.997104E-5            0.
        4110.   1.906326E-5            0.
        4120.   1.815549E-5            0.
        4130.   1.815549E-5            0.
        4140.   1.724771E-5            0.
        4150.   1.724771E-5            0.
        4160.   1.633994E-5            0.
        4170.   1.633994E-5            0.
        4180.   1.543216E-5            0.
        4190.   1.543216E-5            0.
        4200.   1.452439E-5            0.
        4210.   1.452439E-5            0.
        4220.   1.452439E-5            0.
        4230.   1.361662E-5            0.
        4240.   1.361662E-5            0.
        4250.   1.270884E-5            0.
        4260.   1.270884E-5            0.
        4270.   1.270884E-5            0.
        4280.   1.180107E-5            0.
        4290.   1.180107E-5            0.
        4300.   1.180107E-5            0.
        4310.   1.089329E-5            0.
        4320.   1.089329E-5            0.
        4330.   1.089329E-5            0.
        4340.   9.985518E-6            0.
        4350.   9.985518E-6            0.
        4360.   9.985518E-6            0.
        4370.   9.077743E-6            0.
        4380.   9.077743E-6            0.
        4390.   9.077743E-6            0.
        4400.   9.077743E-6            0.
        4410.   9.077743E-6            0.
        4420.   8.169969E-6            0.
        4430.   8.169969E-6            0.
        4440.   8.169969E-6            0.
        4450.   8.169969E-6            0.
        4460.   7.262195E-6            0.
        4470.   7.262195E-6            0.
        4480.   7.262195E-6            0.
        4490.   7.262195E-6            0.
        4500.   7.262195E-6            0.
        4510.   6.354420E-6            0.
        4520.   6.354420E-6            0.
        4530.   6.354420E-6            0.
        4540.   6.354420E-6            0.
        4550.   6.354420E-6            0.
        4560.   6.354420E-6            0.
        4570.   5.446646E-6            0.
        4580.   5.446646E-6            0.
        4590.   5.446646E-6            0.
        4600.   5.446646E-6            0.
        4610.   5.446646E-6            0.
        4620.   5.446646E-6            0.
        4630.   5.446646E-6            0.
        4640.   4.538872E-6            0.
        4650.   4.538872E-6            0.
        4660.   4.538872E-6            0.
        4670.   4.538872E-6            0.
        4680.   4.538872E-6            0.
        4690.   4.538872E-6            0.
        4700.   4.538872E-6            0.
        4710.   4.538872E-6            0.
        4720.   4.538872E-6            0.
        4730.   3.631097E-6            0.
        4740.   3.631097E-6            0.
        4750.   3.631097E-6            0.
        4760.   3.631097E-6            0.
        4770.   3.631097E-6            0.
        4780.   3.631097E-6            0.
        4790.   3.631097E-6            0.
        4800.   3.631097E-6            0.
        4810.   3.631097E-6            0.
        4820.   3.631097E-6            0.
        4830.   3.631097E-6            0.
        4840.   2.723323E-6            0.
        4850.   2.723323E-6            0.
        4860.   2.723323E-6            0.
        4870.   2.723323E-6            0.
        4880.   2.723323E-6            0.
        4890.   2.723323E-6            0.
        4900.   2.723323E-6            0.
        4910.   2.723323E-6            0.
        4920.   2.723323E-6            0.
        4930.   2.723323E-6            0.
        4940.   2.723323E-6            0.
        4950.   2.723323E-6            0.
        4960.   2.723323E-6            0.
        4970.   2.723323E-6            0.
        4980.   2.723323E-6            0.
        4990.   2.723323E-6            0.
        5000.   1.815549E-6            0.
        5010.   1.815549E-6            0.
        5020.   1.815549E-6            0.
        5030.   1.815549E-6            0.
        5040.   1.815549E-6            0.
        5050.   1.815549E-6            0.
        5060.   1.815549E-6            0.
        5070.   1.815549E-6            0.
        5080.   1.815549E-6            0.
        5090.   1.815549E-6            0.
        5100.   1.815549E-6            0.
        5110.   1.815549E-6            0.
        5120.   1.815549E-6            0.
        5130.   1.815549E-6            0.
        5140.   1.815549E-6            0.
        5150.   1.815549E-6            0.
        5160.   1.815549E-6            0.
        5170.   1.815549E-6            0.
        5180.   1.815549E-6            0.
        5190.   1.815549E-6            0.
        5200.   1.815549E-6            0.
        5210.   1.815549E-6            0.
        5220.   1.815549E-6            0.
        5230.   1.815549E-6            0.
        5240.   1.815549E-6            0.
        5250.   1.815549E-6            0.
        5260.   1.815549E-6            0.
        5270.   1.815549E-6            0.
        5280.   9.077743E-7            0.
        5290.   9.077743E-7            0.
        5300.   9.077743E-7            0.
        5310.   9.077743E-7            0.
        5320.   9.077743E-7            0.
        5330.   9.077743E-7            0.
        5340.   9.077743E-7            0.
        5350.   9.077743E-7            0.
        5360.   9.077743E-7            0.
        5370.   9.077743E-7            0.
        5380.   9.077743E-7            0.
        5390.   9.077743E-7            0.
        5400.   9.077743E-7            0.
        5410.   9.077743E-7            0.
        5420.   9.077743E-7            0.
        5430.   9.077743E-7            0.
        5440.   9.077743E-7            0.
        5450.   9.077743E-7            0.
        5460.   9.077743E-7            0.
        5470.   9.077743E-7            0.
        5480.   9.077743E-7            0.
        5490.   9.077743E-7            0.
        5500.   9.077743E-7            0.
        5510.   9.077743E-7            0.
        5520.   9.077743E-7            0.
        5530.   9.077743E-7            0.
        5540.   9.077743E-7            0.
        5550.   9.077743E-7            0.
        5560.   9.077743E-7            0.
        5570.   9.077743E-7            0.
        5580.   9.077743E-7            0.
        5590.   9.077743E-7            0.
        5600.   9.077743E-7            0.
        5610.   9.077743E-7            0.
        5620.   9.077743E-7            0.
        5630.   9.077743E-7            0.
        5640.   9.077743E-7            0.
        5650.   9.077743E-7            0.
        5660.   9.077743E-7            0.
        5670.   9.077743E-7            0.
        5680.   9.077743E-7            0.
        5690.   9.077743E-7            0.
        5700.   9.077743E-7            0.
        5710.   9.077743E-7            0.
        5720.   9.077743E-7            0.
        5730.   9.077743E-7            0.
        5740.   9.077743E-7            0.
        5750.   9.077743E-7            0.
        5760.   9.077743E-7            0.
        5770.   9.077743E-7            0.
        5780.   9.077743E-7            0.
        5790.   9.077743E-7            0.
        5800.   9.077743E-7            0.
        5810.   9.077743E-7            0.
        5820.   9.077743E-7            0.
        5830.   9.077743E-7            0.
        5840.   9.077743E-7            0.
        5850.   9.077743E-7            0.
        5860.   9.077743E-7            0.
        5870.   9.077743E-7            0.
        5880.            0.            0.
        5890.            0.            0.
        5900.            0.            0.
        5910.            0.            0.
        5920.            0.            0.
        5930.            0.            0.
        5940.            0.            0.
        5950.            0.            0.
        5960.            0.            0.
        5970.            0.            0.
        5980.            0.            0.
        5990.            0.            0.
        6000.            0.            0.
        6010.            0.            0.
        6020.            0.            0.
        6030.            0.            0.
        6040.            0.            0.
        6050.            0.            0.
        6060.            0.            0.
        6070.            0.            0.
        6080.            0.            0.
        6090.            0.            0.
        6100.            0.            0.
        6110.            0.            0.
        6120.            0.            0.
        6130.            0.            0.
        6140.            0.            0.
        6150.            0.            0.
        6160.            0.            0.
        6170.            0.            0.
        6180.            0.            0.
        6190.            0.            0.
        6200.            0.            0.
        6210.            0.            0.
        6220.            0.            0.
        6230.            0.            0.
        6240.            0.            0.
        6250.            0.            0.
        6260.            0.            0.
        6270.            0.            0.
        6280.            0.            0.
        6290.            0.            0.
        6300.            0.            0.
        6310.            0.            0.
        6320.            0.            0.
        6330.            0.            0.
        6340.            0.            0.
        6350.            0.            0.
        6360.            0.            0.
        6370.            0.            0.
        6380.            0.            0.
        6390.            0.            0.
        6400.            0.            0.
        6410.            0.            0.
        6420.            0.            0.
        6430.            0.            0.
        6440.            0.            0.
        6450.            0.            0.
        6460.            0.            0.
        6470.            0.            0.
        6480.            0.            0.
        6490.            0.            0.
        6500.            0.            0.
        6510.            0.            0.
        6520.            0.            0.
        6530.            0.            0.
        6540.            0.            0.
        6550.            0.            0.
        6560.            0.            0.
        6570.            0.            0.
        6580.            0.            0.
        6590.            0.            0.
        6600.            0.            0.
        6610.            0.            0.
        6620.            0.            0.
        6630.            0.            0.
        6640.            0.            0.
        6650.            0.            0.
        6660.            0.            0.
        6670.            0.            0.
        6680.            0.            0.
        6690.            0.            0.
        6700.            0.            0.
        6710.            0.            0.
        6720.            0.            0.
        6730.            0.            0.
        6740.            0.            0.
        6750.            0.            0.
        6760.            0.            0.
        6770.            0.            0.
        6780.            0.            0.
        6790.            0.            0.
        6800.            0.            0.
        6810.            0.            0.
        6820.            0.            0.
        6830.            0.            0.
        6840.            0.            0.
        6850.            0.            0.
        6860.            0.            0.
        6870.            0.            0.
        6880.            0.            0.
        6890.            0.            0.
        6900.            0.            0.
        6910.            0.            0.
        6920.            0.            0.
        6930.            0.            0.
        6940.            0.            0.
        6950.            0.            0.
        6960.            0.            0.
        6970.            0.            0.
        6980.            0.            0.
        6990.            0.            0.
        7000.            0.            0.
        7010.            0.            0.
        7020.            0.            0.
        7030.            0.            0.
        7040.            0.            0.
        7050.            0.            0.
        7060.            0.            0.
        7070.            0.            0.
        7080.            0.            0.
        7090.            0.            0.
        7100.            0.            0.
        7110.            0.            0.
        7120.            0.            0.
        7130.            0.            0.
        7140.            0.            0.
        7150.            0.            0.
        7160.            0.            0.
        7170.            0.            0.
        7180.            0.            0.
        7190.            0.            0.
        7200.            0.            0.
        7210.            0.            0.
        7220.            0.            0.
        7230.            0.            0.
        7240.            0.            0.
        7250.            0.            0.
        7260.            0.            0.
        7270.            0.            0.
        7280.            0.            0.
        7290.            0.            0.
        7300.            0.            0.
        7310.            0.            0.
        7320.            0.            0.
        7330.            0.            0.
        7340.            0.            0.
        7350.            0.            0.
        7360.            0.            0.
        7370.            0.            0.
        7380.            0.            0.
        7390.            0.            0.
        7400.            0.            0.
        7410.            0.            0.
        7420.            0.            0.
        7430.            0.            0.
        7440.            0.            0.
        7450.            0.            0.
        7460.            0.            0.
        7470.            0.            0.
        7480.            0.            0.
        7490.            0.            0.
        7500.            0.            0.
        7510.            0.            0.
        7520.            0.            0.
        7530.            0.            0.
        7540.            0.            0.
        7550.            0.            0.
        7560.            0.            0.
        7570.            0.            0.
        7580.            0.            0.
        7590.            0.            0.
        7600.            0.            0.
        7610.            0.            0.
        7620.            0.            0.
        7630.            0.            0.
        7640.            0.            0.
        7650.            0.            0.
        7660.            0.            0.
        7670.            0.            0.
        7680.            0.            0.
        7690.            0.            0.
        7700.            0.            0.
        7710.            0.            0.
        7720.            0.            0.
        7730.            0.            0.
        7740.            0.            0.
        7750.            0.            0.
        7760.            0.            0.
        7770.            0.            0.
        7780.            0.            0.
        7790.            0.            0.
        7800.            0.            0.
        7810.            0.            0.
        7820.            0.            0.
        7830.            0.            0.
        7840.            0.            0.
        7850.            0.            0.
        7860.            0.            0.
        7870.            0.            0.
        7880.            0.            0.
        7890.            0.            0.
        7900.            0.            0.
        7910.            0.            0.
        7920.            0.            0.
        7930.            0.            0.
        7940.            0.            0.
        7950.            0.            0.
        7960.            0.            0.
        7970.            0.            0.
        7980.            0.            0.
        7990.            0.            0.
        8000.   4.245797E-7            0.
        8010.   4.293182E-7            0.
        8020.   4.340559E-7            0.
        8030.   4.387936E-7            0.
        8040.   4.435322E-7            0.
        8050.   4.482699E-7            0.
        8060.   4.530075E-7            0.
        8070.   4.577461E-7            0.
        8080.   4.624838E-7            0.
        8090.   4.672215E-7            0.
        8100.   4.719600E-7            0.
        8110.   4.744628E-7            0.
        8120.   4.769646E-7            0.
        8130.   4.794673E-7            0.
        8140.   4.819701E-7            0.
        8150.   4.844728E-7            0.
        8160.   4.869755E-7            0.
        8170.   4.894783E-7            0.
        8180.   4.919810E-7            0.
        8190.   4.944837E-7            0.
        8200.   4.969865E-7            0.
        8210.   5.036414E-7            0.
        8220.   5.102954E-7            0.
        8230.   5.169503E-7            0.
        8240.   5.236052E-7            0.
        8250.   5.302591E-7            0.
        8260.   5.369141E-7            0.
        8270.   5.435689E-7            0.
        8280.   5.502238E-7            0.
        8290.   5.568778E-7            0.
        8300.   5.635327E-7            0.
        8310.   5.693461E-7            0.
        8320.   5.751594E-7            0.
        8330.   5.809728E-7            0.
        8340.   5.867863E-7            0.
        8350.   5.925996E-7            0.
        8360.   5.984121E-7            0.
        8370.   6.042255E-7            0.
        8380.   6.100389E-7            0.
        8390.   6.158523E-7            0.
        8400.   6.216657E-7            0.
        8410.   6.274945E-7            0.
        8420.   6.333233E-7            0.
        8430.   6.391521E-7            0.
        8440.   6.449809E-7            0.
        8450.   6.508097E-7            0.
        8460.   6.566386E-7            0.
        8470.   6.624674E-7            0.
        8480.   6.682962E-7            0.
        8490.   6.741250E-7            0.
        8500.   6.799538E-7            0.
        8510.   6.848250E-7            0.
        8520.   6.896961E-7            0.
        8530.   6.945663E-7            0.
        8540.   6.994374E-7            0.
        8550.   7.043085E-7            0.
        8560.   7.091796E-7            0.
        8570.   7.140508E-7            0.
        8580.   7.189219E-7            0.
        8590.   7.237930E-7            0.
        8600.   7.286632E-7            0.
        8610.   7.295973E-7            0.
        8620.   7.305314E-7            0.
        8630.   7.314655E-7            0.
        8640.   7.323995E-7            0.
        8650.   7.333337E-7            0.
        8660.   7.342678E-7            0.
        8670.   7.352019E-7            0.
        8680.   7.361360E-7            0.
        8690.   7.370701E-7            0.
        8700.   7.380033E-7            0.
        8710.   7.370419E-7            0.
        8720.   7.360797E-7            0.
        8730.   7.351184E-7            0.
        8740.   7.341561E-7            0.
        8750.   7.331939E-7            0.
        8760.   7.322325E-7            0.
        8770.   7.312703E-7            0.
        8780.   7.303090E-7            0.
        8790.   7.293468E-7            0.
        8800.   7.283854E-7            0.
        8810.   7.332475E-7            0.
        8820.   7.381095E-7            0.
        8830.   7.429725E-7            0.
        8840.   7.478345E-7            0.
        8850.   7.526974E-7            0.
        8860.   7.575595E-7            0.
        8870.   7.624224E-7            0.
        8880.   7.672845E-7            0.
        8890.   7.721474E-7            0.
        8900.   7.770095E-7            0.
        8910.   7.713077E-7            0.
        8920.   7.656060E-7            0.
        8930.   7.599052E-7            0.
        8940.   7.542034E-7            0.
        8950.   7.485017E-7            0.
        8960.   7.428000E-7            0.
        8970.   7.370983E-7            0.
        8980.   7.313965E-7            0.
        8990.   7.256948E-7            0.
        9000.   7.199930E-7            0.
        9010.   7.172307E-7            0.
        9020.   7.144683E-7            0.
        9030.   7.117060E-7            0.
        9040.   7.089436E-7            0.
        9050.   7.061822E-7            0.
        9060.   7.034198E-7            0.
        9070.   7.006574E-7            0.
        9080.   6.978951E-7            0.
        9090.   6.951327E-7            0.
        9100.   6.923703E-7            0.
        9110.   6.876772E-7            0.
        9120.   6.829840E-7            0.
        9130.   6.782908E-7            0.
        9140.   6.735967E-7            0.
        9150.   6.689035E-7            0.
        9160.   6.642103E-7            0.
        9170.   6.595162E-7            0.
        9180.   6.548230E-7            0.
        9190.   6.501298E-7            0.
        9200.   6.454366E-7            0.
        9210.   6.475817E-7            0.
        9220.   6.497277E-7            0.
        9230.   6.518728E-7            0.
        9240.   6.540187E-7            0.
        9250.   6.561638E-7            0.
        9260.   6.583098E-7            0.
        9270.   6.604548E-7            0.
        9280.   6.626008E-7            0.
        9290.   6.647468E-7            0.
        9300.   6.668919E-7            0.
        9310.   6.640487E-7            0.
        9320.   6.612055E-7            0.
        9330.   6.583624E-7            0.
        9340.   6.555193E-7            0.
        9350.   6.526761E-7            0.
        9360.   6.498329E-7            0.
        9370.   6.469898E-7            0.
        9380.   6.441467E-7            0.
        9390.   6.413035E-7            0.
        9400.   6.384604E-7            0.
        9410.   6.356590E-7            0.
        9420.   6.328576E-7            0.
        9430.   6.300553E-7            0.
        9440.   6.272539E-7            0.
        9450.   6.244516E-7            0.
        9460.   6.216502E-7            0.
        9470.   6.188488E-7            0.
        9480.   6.160465E-7            0.
        9490.   6.132451E-7            0.
        9500.   6.104437E-7            0.
        9510.   6.120587E-7            0.
        9520.   6.136736E-7            0.
        9530.   6.152885E-7            0.
        9540.   6.169035E-7            0.
        9550.   6.185184E-7            0.
        9560.   6.201333E-7            0.
        9570.   6.217492E-7            0.
        9580.   6.233641E-7            0.
        9590.   6.249791E-7            0.
        9600.   6.265939E-7            0.
        9610.   6.156326E-7            0.
        9620.   6.046721E-7            0.
        9630.   5.937108E-7            0.
        9640.   5.827503E-7            0.
        9650.   5.717889E-7            0.
        9660.   5.608284E-7            0.
        9670.   5.498670E-7            0.
        9680.   5.389066E-7            0.
        9690.   5.279452E-7            0.
        9700.   5.169848E-7            0.
        9710.   5.089001E-7            0.
        9720.   5.008155E-7            0.
        9730.   4.927309E-7            0.
        9740.   4.846471E-7            0.
        9750.   4.765624E-7            0.
        9760.   4.684778E-7            0.
        9770.   4.603932E-7            0.
        9780.   4.523095E-7            0.
        9790.   4.442248E-7            0.
        9800.   4.361402E-7            0.
        9810.   4.353985E-7            0.
        9820.   4.346569E-7            0.
        9830.   4.339152E-7            0.
        9840.   4.331736E-7            0.
        9850.   4.324319E-7            0.
        9860.   4.316903E-7            0.
        9870.   4.309486E-7            0.
        9880.   4.302070E-7            0.
        9890.   4.294653E-7            0.
        9900.   4.287237E-7            0.
        9910.   4.222131E-7            0.
        9920.   4.157035E-7            0.
        9930.   4.091938E-7            0.
        9940.   4.026832E-7            0.
        9950.   3.961736E-7            0.
        9960.   3.896630E-7            0.
        9970.   3.831534E-7            0.
        9980.   3.766438E-7            0.
        9990.   3.701332E-7            0.
       10000.   3.636235E-7            0.
       10010.   3.634057E-7            0.
       10020.   3.631887E-7            0.
       10030.   3.629709E-7            0.
       10040.   3.627539E-7            0.
       10050.   3.625360E-7            0.
       10060.   3.623182E-7            0.
       10070.   3.621012E-7            0.
       10080.   3.618833E-7            0.
       10090.   3.616655E-7            0.
       10100.   3.614485E-7            0.
       10110.            0.            0.
       10120.            0.            0.
       10130.   9.077743E-7            0.
       10140.            0.            0.
       10150.   9.077743E-7            0.
       10160.   1.815549E-6            0.
       10170.   9.077743E-7            0.
       10180.            0.            0.
       10190.   1.815549E-6            0.
       10200.   9.077743E-7            0.
       10210.   1.815549E-6            0.
       10220.            0.            0.
       10230.            0.            0.
       10240.   9.077743E-7            0.
       10250.   9.077743E-7            0.
       10260.   9.077743E-7            0.
       10270.   9.077743E-7            0.
       10280.   1.815549E-6            0.
       10290.   2.723323E-6            0.
       10300.            0.            0.
       10310.            0.            0.
       10320.   2.723323E-6            0.
       10330.   1.815549E-6            0.
       10340.            0.            0.
       10350.            0.            0.
       10360.   9.077743E-7            0.
       10370.            0.            0.
       10380.            0.            0.
       10390.   1.815549E-6            0.
       10400.            0.            0.
       10410.            0.            0.
       10420.   2.723323E-6            0.
       10430.            0.            0.
       10440.            0.            0.
       10450.   9.077743E-7            0.
       10460.   2.723323E-6            0.
       10470.            0.            0.
       10480.            0.            0.
       10490.            0.            0.
       10500.            0.            0.
       10510.   9.077743E-7            0.
       10520.   3.631097E-6            0.
       10530.   9.077743E-7            0.
       10540.   4.538872E-6            0.
       10550.   1.815549E-6            0.
       10560.   1.089329E-5            0.
       10570.   4.538872E-6            0.
       10580.            0.            0.
       10590.            0.            0.
       10600.   9.077743E-7            0.
       10610.   9.077743E-7            0.
       10620.   9.077743E-7            0.
       10630.   1.815549E-6            0.
       10640.   2.723323E-6            0.
       10650.   7.262195E-6            0.
       10660.            0.            0.
       10670.            0.            0.
       10680.            0.            0.
       10690.            0.            0.
       10700.   2.723323E-6            0.
       10710.   9.077743E-7            0.
       10720.   9.077743E-7            0.
       10730.   9.077743E-7            0.
       10740.            0.            0.
       10750.   3.631097E-6            0.
       10760.   2.723323E-6            0.
       10770.   9.077743E-7            0.
       10780.            0.            0.
       10790.   2.723323E-6            0.
       10800.   2.723323E-6            0.
       10810.   9.077743E-7            0.
       10820.            0.            0.
       10830.   9.077743E-7            0.
       10840.            0.            0.
       10850.            0.            0.
       10860.   9.077743E-7            0.
       10870.   7.262195E-6            0.
       10880.   2.723323E-6            0.
       10890.   3.631097E-6            0.
       10900.   2.723323E-6            0.
       10910.   1.815549E-6            0.
       10920.   9.077743E-7            0.
       10930.   1.815549E-6            0.
       10940.   9.077743E-7            0.
       10950.   2.723323E-6            0.
       10960.   9.077743E-7            0.
       10970.   2.723323E-6            0.
       10980.   9.077743E-7            0.
       10990.   9.077743E-7            0.
       11000.   1.815549E-6            0.
