        1850.   3.153238E-7         1860.
        1870.   4.257171E-6         1880.
        1890.   4.073680E-6         1900.
        1910.   3.153238E-7         1920.
        1930.   4.884428E-6         1940.
        1950.   1.020165E-5         1960.
        1970.   6.053180E-7         1980.
        1990.   1.986480E-5         2000.
        2010.   2.483100E-6         2020.
        2030.   1.809971E-5         2040.
        2050.   6.520880E-6         2060.
        2070.   3.063487E-6         2080.
        2090.   5.724094E-6         2100.
        2110.   2.592795E-6         2120.
        2130.   1.914680E-6         2140.
        2150.   1.509805E-5         2160.
        2170.   3.466368E-7         2180.
        2190.   3.153238E-7         2200.
        2210.   4.780716E-7         2220.
        2230.   7.609854E-7         2240.
        2250.   1.677339E-6         2260.
        2270.   4.466588E-7         2280.
        2290.   3.153238E-7         2300.
        2310.   2.243765E-6         2320.
        2330.   9.363980E-7         2340.
        2350.   2.208862E-6         2360.
        2370.   7.338608E-7         2380.
        2390.   3.410523E-7         2400.
        2410.   3.153238E-7         2420.
        2430.   4.360882E-6         2440.
        2450.   3.153238E-7         2460.
        2470.   1.307367E-6         2480.
        2490.   3.546146E-7         2500.
        2510.   8.727748E-7         2520.
        2530.   3.738612E-7         2540.
        2550.   4.907364E-7         2560.
        2570.   2.282657E-6         2580.
        2590.   1.628475E-6         2600.
        2610.   3.470357E-7         2620.
        2630.   3.680772E-7         2640.
        2650.   4.373846E-7         2660.
        2670.   1.037118E-6         2680.
        2690.   3.153238E-7         2700.
        2710.   3.153238E-7         2720.
        2730.   8.745698E-7         2740.
        2750.   4.520439E-7         2760.
        2770.   1.394126E-6         2780.
        2790.   9.769852E-7         2800.
        2810.   3.153238E-7         2820.
        2830.   7.314674E-7         2840.
        2850.   3.854290E-7         2860.
        2870.   7.703594E-7         2880.
        2890.   1.960552E-6         2900.
        2910.   3.153238E-7         2920.
        2930.   2.291632E-6         2940.
        2950.   2.141051E-6         2960.
        2970.   4.690965E-7         2980.
        2990.   3.153238E-7         3000.
        3010.   3.153238E-7         3020.
        3030.   4.286090E-7         3040.
        3050.   1.338281E-6         3060.
        3070.   1.064043E-6         3080.
        3090.   6.429135E-6         3100.
        3110.   1.188697E-6         3120.
        3130.   4.362877E-7         3140.
        3150.   2.290635E-6         3160.
        3170.   1.078005E-6         3180.
        3190.   4.728860E-7         3200.
        3210.   4.968195E-7         3220.
        3230.   8.638995E-7         3240.
        3250.   3.964982E-7         3260.
        3270.   1.807976E-6         3280.
        3290.   1.218614E-6         3300.
        3310.   4.156450E-7         3320.
        3330.   1.384154E-6         3340.
        3350.   8.413621E-7         3360.
        3370.   3.032573E-6         3380.
        3390.   3.661825E-7         3400.
        3410.   4.310024E-6         3420.
        3430.   4.902378E-7         3440.
        3450.   4.733846E-7         3460.
        3470.   3.470357E-7         3480.
        3490.   1.348254E-6         3500.
        3510.   5.848748E-6         3520.
        3530.   5.141712E-7         3540.
        3550.   6.602653E-7         3560.
        3570.   6.268581E-7         3580.
        3590.   2.910911E-6         3600.
        3610.   3.316784E-7         3620.
        3630.   2.542934E-6         3640.
        3650.   3.431465E-7         3660.
        3670.   3.971963E-7         3680.
        3690.   2.561881E-6         3700.
        3710.   2.011411E-6         3720.
        3730.   5.834787E-7         3740.
        3750.   1.519777E-6         3760.
        3770.   3.153238E-7         3780.
        3790.   3.592019E-7         3800.
        3810.   3.749581E-7         3820.
        3830.   7.365534E-7         3840.
        3850.   3.153238E-7         3860.
        3870.   3.723653E-7         3880.
        3890.   3.304817E-7         3900.
        3910.   9.551459E-7         3920.
        3930.   3.153238E-7         3940.
        3950.   3.564097E-7         3960.
        3970.   3.178169E-7         3980.
        3990.   3.153238E-7         4000.
        4010.   3.872240E-7         4020.
        4030.   5.529635E-7         4040.
        4050.   3.153238E-7         4060.
        4070.   5.035009E-7         4080.
        4090.   1.212630E-6         4100.
        4110.   3.153238E-7         4120.
        4130.   6.605645E-7         4140.
        4150.   3.153238E-7         4160.
        4170.   3.153238E-7         4180.
        4190.   4.136506E-7         4200.
        4210.   4.191353E-7         4220.
        4230.   5.459829E-7         4240.
        4250.   5.985368E-7         4260.
        4270.   3.153238E-7         4280.
        4290.   3.153238E-7         4300.
        4310.   3.153238E-7         4320.
        4330.   3.153238E-7         4340.
        4350.   3.153238E-7         4360.
        4370.   3.153238E-7         4380.
        4390.   6.517889E-7         4400.
        4410.   2.945814E-5         4420.
        4430.   4.514456E-5         4440.
        4450.   2.952795E-5         4460.
        4470.   7.569965E-6         4480.
        4490.   3.434457E-7         4500.
        4510.   3.153238E-7         4520.
        4530.   1.628475E-6         4540.
        4550.   8.347804E-7         4560.
        4570.   3.153238E-7         4580.
        4590.   3.721659E-7         4600.
        4610.   7.353567E-7         4620.
        4630.   8.326862E-7         4640.
        4650.   3.153238E-7         4660.
        4670.   3.153238E-7         4680.
        4690.   3.153238E-7         4700.
        4710.   6.530853E-7         4720.
        4730.   6.077113E-7         4740.
        4750.   3.153238E-7         4760.
        4770.   3.153238E-7         4780.
        4790.   3.153238E-7         4800.
        4810.   3.153238E-7         4820.
        4830.   3.193127E-7         4840.
        4850.   3.153238E-7         4860.
        4870.   3.838335E-7         4880.
        4890.   4.874456E-7         4900.
        4910.   6.491961E-7         4920.
        4930.   7.464259E-7         4940.
        4950.   3.353681E-7         4960.
        4970.   6.078110E-7         4980.
        4990.   6.073124E-7         5000.
        5010.   3.704706E-7         5020.
        5030.   1.003212E-6         5040.
        5050.   3.153238E-7         5060.
        5070.   4.747807E-7         5080.
        5090.   4.021825E-7         5100.
        5110.   5.520660E-7         5120.
        5130.   3.153238E-7         5140.
        5150.   1.298392E-6         5160.
        5170.   3.313792E-7         5180.
        5190.   3.153238E-7         5200.
        5210.   3.153238E-7         5220.
        5230.   5.741048E-7         5240.
        5250.   4.827585E-7         5260.
        5270.   4.548361E-7         5280.
        5290.   3.153238E-7         5300.
        5310.   4.405758E-7         5320.
        5330.   7.012514E-7         5340.
        5350.   3.877226E-7         5360.
        5370.   7.015506E-7         5380.
        5390.   3.153238E-7         5400.
        5410.   3.153238E-7         5420.
        5430.   9.450739E-7         5440.
        5450.   5.306255E-7         5460.
        5470.   3.153238E-7         5480.
        5490.   3.153238E-7         5500.
        5510.   1.480885E-6         5520.
        5530.   3.153238E-7         5540.
        5550.   3.153238E-7         5560.
        5570.   7.213954E-7         5580.
        5590.   6.094066E-7         5600.
        5610.   4.025813E-7         5620.
        5630.   4.123542E-7         5640.
        5650.   4.799663E-7         5660.
        5670.   9.733951E-7         5680.
        5690.   3.153238E-7         5700.
        5710.   7.547029E-7         5720.
        5730.   3.153238E-7         5740.
        5750.   3.153238E-7         5760.
        5770.   3.153238E-7         5780.
        5790.   3.257947E-7         5800.
        5810.   5.202543E-7         5820.
        5830.   1.010193E-6         5840.
        5850.   3.153238E-7         5860.
        5870.   8.816502E-7         5880.
        5890.   6.527861E-7         5900.
        5910.   5.495729E-7         5920.
        5930.   5.774953E-7         5940.
        5950.   3.153238E-7         5960.
        5970.   8.990019E-7         5980.
        5990.   3.153238E-7         6000.
        6010.   1.543710E-6         6020.
        6030.   3.153238E-7         6040.
        6050.   1.280442E-6         6060.
        6070.   3.605980E-7         6080.
        6090.   4.901380E-7         6100.
        6110.   1.241550E-6         6120.
        6130.   7.556004E-7         6140.
        6150.   9.283204E-7         6160.
        6170.   3.153238E-7         6180.
        6190.   1.090969E-6         6200.
        6210.   3.153238E-7         6220.
        6230.   2.280663E-6         6240.
        6250.   5.250411E-7         6260.
        6270.   6.606642E-7         6280.
        6290.   3.153238E-7         6300.
        6310.   3.253958E-7         6320.
        6330.   2.113128E-6         6340.
        6350.   1.304376E-6         6360.
        6370.   3.788473E-7         6380.
        6390.   2.052297E-6         6400.
        6410.   3.773514E-7         6420.
        6430.   4.339940E-7         6440.
        6450.   4.805646E-7         6460.
        6470.   7.760436E-7         6480.
        6490.   8.008746E-7         6500.
        6510.   5.819828E-7         6520.
        6530.   5.937501E-7         6540.
        6550.   1.226592E-6         6560.
        6570.   3.540163E-7         6580.
        6590.   7.906031E-7         6600.
        6610.   5.816837E-7         6620.
        6630.   9.937387E-7         6640.
        6650.   4.666034E-7         6660.
        6670.   7.557999E-7         6680.
        6690.   4.697946E-7         6700.
        6710.   7.164093E-7         6720.
        6730.   1.404098E-6         6740.
        6750.   7.455284E-6         6760.
        6770.   1.498835E-5         6780.
        6790.   3.255953E-5         6800.
        6810.   7.901045E-5         6820.
        6830.   1.856840E-4         6840.
        6850.   4.246201E-4         6860.
        6870.   9.398884E-4         6880.
        6890.   0.001942602         6920.
        6922.   0.004080661         6924.
        6926.   0.004720882         6928.
        6930.   0.005416948         6932.
        6934.   0.006232681         6936.
        6938.   0.007128193         6940.
        6942.   0.008184258         6944.
        6946.   0.009318108         6948.
        6950.    0.01063046         6952.
        6954.    0.01214625         6956.
        6958.    0.01383157         6960.
        6962.     0.0157263         6964.
        6966.    0.01793018         6968.
        6970.    0.02040331         6972.
        6974.    0.02316563         6976.
        6978.    0.02631687         6980.
        6982.     0.0299069         6984.
        6986.    0.03397559         6988.
        6990.     0.0384731         6992.
        6994.     0.0435789         6996.
        6998.    0.04927308         7000.
        7002.     0.0558548         7004.
        7006.    0.06327418         7008.
        7010.    0.07167085         7012.
        7014.    0.08092514         7016.
        7018.    0.09154562         7020.
        7022.     0.1035124         7024.
        7026.     0.1167755         7028.
        7030.     0.1319334         7032.
        7034.     0.1486868         7036.
        7038.      0.167335         7040.
        7042.     0.1881771         7044.
        7046.     0.2109139         7048.
        7050.     0.2355455         7052.
        7054.     0.2625704         7056.
        7058.     0.2919886         7060.
        7062.     0.3233016         7064.
        7066.     0.3563099         7068.
        7070.     0.3911132         7072.
        7074.     0.4278112         7076.
        7078.     0.4655065         7080.
        7082.     0.5037004         7084.
        7086.     0.5425923         7088.
        7090.     0.5806865         7092.
        7094.     0.6175839         7096.
        7098.      0.653185         7100.
        7102.     0.6868913         7104.
        7106.     0.7181046         7108.
        7110.      0.746725         7112.
        7114.     0.7718552         7116.
        7118.     0.7947915         7120.
        7122.     0.8154342         7124.
        7126.     0.8330851         7128.
        7130.     0.8483427         7132.
        7134.     0.8613067         7136.
        7138.     0.8721765         7140.
        7142.     0.8810518         7144.
        7146.     0.8883316         7148.
        7150.     0.8946141         7152.
        7154.     0.8996003         7156.
        7158.     0.9039881         7160.
        7162.     0.9074784         7164.
        7166.     0.9102706         7168.
        7170.     0.9129631         7172.
        7174.     0.9152567         7176.
        7178.     0.9176501         7180.
        7182.     0.9193454         7184.
        7186.     0.9213399         7188.
        7190.     0.9230351         7192.
        7194.     0.9249299         7196.
        7198.     0.9272235         7200.
        7202.     0.9295171         7204.
        7206.     0.9318108         7208.
        7210.     0.9339049         7212.
        7214.     0.9359991         7216.
        7218.     0.9380933         7220.
        7222.      0.940387         7224.
        7226.       0.94288         7228.
        7230.     0.9453731         7232.
        7234.      0.947567         7236.
        7238.     0.9499604         7240.
        7242.      0.952254         7244.
        7246.     0.9543481         7248.
        7250.     0.9559437         7252.
        7254.     0.9579382         7256.
        7258.     0.9596335         7260.
        7262.     0.9613287         7264.
        7266.     0.9629243         7268.
        7270.     0.9638218         7272.
        7274.     0.9652179         7276.
        7278.     0.9657165         7280.
        7282.     0.9665143         7284.
        7286.     0.9670129         7288.
        7290.     0.9675115         7292.
        7294.     0.9671127         7296.
        7298.     0.9667138         7300.
        7302.     0.9663149         7304.
        7306.     0.9660157         7308.
        7310.     0.9651182         7312.
        7314.     0.9641209         7316.
        7318.     0.9631237         7320.
        7322.     0.9620268         7324.
        7326.     0.9604312         7328.
        7330.     0.9592345         7332.
        7334.     0.9578384         7336.
        7338.      0.955844         7340.
        7342.     0.9537498         7344.
        7346.      0.952254         7348.
        7350.     0.9507581         7352.
        7354.     0.9490628         7356.
        7358.     0.9470683         7360.
        7362.     0.9450739         7364.
        7366.     0.9431792         7368.
        7370.     0.9409853         7372.
        7374.     0.9394894         7376.
        7378.     0.9379936         7380.
        7382.     0.9361985         7384.
        7386.     0.9347028         7388.
        7390.     0.9331071         7392.
        7394.     0.9314119         7396.
        7398.     0.9300157         7400.
        7402.     0.9286197         7404.
        7406.     0.9275227         7408.
        7410.      0.926326         7412.
        7414.     0.9252291         7416.
        7418.     0.9239327         7420.
        7422.     0.9233343         7424.
        7426.     0.9226362         7428.
        7430.     0.9219382         7432.
        7434.     0.9214396         7436.
        7438.     0.9212402         7440.
        7442.     0.9210407         7444.
        7446.     0.9206418         7448.
        7450.     0.9207416         7452.
        7454.     0.9208412         7456.
        7458.     0.9208412         7460.
        7462.     0.9209409         7464.
        7466.     0.9212402         7468.
        7470.     0.9217387         7472.
        7474.     0.9223371         7476.
        7478.     0.9228357         7480.
        7482.     0.9237332         7484.
        7486.     0.9243315         7488.
        7490.     0.9255282         7492.
        7494.      0.926326         7496.
        7498.     0.9268246         7500.
        7502.     0.9277221         7504.
        7506.     0.9291182         7508.
        7510.     0.9301155         7512.
        7514.     0.9315116         7516.
        7518.     0.9327083         7520.
        7522.     0.9338052         7524.
        7526.     0.9354008         7528.
        7530.     0.9367969         7532.
        7534.     0.9379936         7536.
        7538.     0.9388911         7540.
        7542.     0.9397886         7544.
        7546.     0.9409853         7548.
        7550.     0.9426805         7552.
        7554.     0.9438772         7556.
        7558.     0.9454728         7560.
        7562.      0.946869         7564.
        7566.     0.9479659         7568.
        7570.     0.9494617         7572.
        7574.     0.9512567         7576.
        7578.     0.9518551         7580.
        7582.      0.952952         7584.
        7586.     0.9538495         7588.
        7590.     0.9551459         7592.
        7594.     0.9563426         7596.
        7598.     0.9571404         7600.
        7602.     0.9583371         7604.
        7606.     0.9592345         7608.
        7610.     0.9604312         7612.
        7614.     0.9614285         7616.
        7618.     0.9623259         7620.
        7622.     0.9634229         7624.
        7626.     0.9644202         7628.
        7630.     0.9651182         7632.
        7634.     0.9657165         7636.
        7638.     0.9667138         7640.
        7642.     0.9675115         7644.
        7646.     0.9681099         7648.
        7650.     0.9685088         7652.
        7654.     0.9687083         7656.
        7658.     0.9694063         7660.
        7662.     0.9704036         7664.
        7666.     0.9709021         7668.
        7670.     0.9714007         7672.
        7674.     0.9716999         7676.
        7678.      0.972398         7680.
        7682.     0.9727969         7684.
        7686.     0.9729964         7688.
        7690.     0.9733952         7692.
        7694.     0.9738938         7696.
        7698.     0.9742927         7700.
        7702.     0.9746916         7704.
        7706.     0.9745919         7708.
        7710.     0.9745919         7712.
        7714.     0.9750905         7716.
        7718.      0.974891         7720.
        7722.     0.9753897         7724.
        7726.     0.9753897         7728.
        7730.     0.9754894         7732.
        7734.     0.9757886         7736.
        7738.     0.9761875         7740.
        7742.     0.9758883         7744.
        7746.     0.9761875         7748.
        7750.     0.9763869         7752.
        7754.     0.9761875         7756.
        7758.      0.975988         7760.
        7762.      0.975988         7764.
        7766.     0.9758883         7768.
        7770.     0.9757886         7772.
        7774.     0.9760877         7776.
        7778.     0.9763869         7780.
        7782.     0.9761875         7784.
        7786.     0.9754894         7788.
        7790.     0.9753897         7792.
        7794.     0.9752899         7796.
        7798.     0.9752899         7800.
        7802.     0.9749908         7804.
        7806.     0.9746916         7808.
        7810.     0.9744921         7812.
        7814.     0.9742927         7816.
        7818.     0.9739935         7820.
        7822.     0.9738938         7824.
        7826.     0.9735947         7828.
        7830.     0.9734949         7832.
        7834.     0.9732955         7836.
        7838.     0.9729964         7840.
        7842.      0.972398         7844.
        7846.      0.971999         7848.
        7850.     0.9715005         7852.
        7854.     0.9711016         7856.
        7858.     0.9711016         7860.
        7862.     0.9714007         7864.
        7866.     0.9711016         7868.
        7870.     0.9705033         7872.
        7874.     0.9700046         7876.
        7878.     0.9698052         7880.
        7882.     0.9687083         7884.
        7886.     0.9683093         7888.
        7890.     0.9681099         7892.
        7894.     0.9683093         7896.
        7898.     0.9680102         7900.
        7902.     0.9678107         7904.
        7906.     0.9673122         7908.
        7910.      0.966614         7912.
        7914.      0.965916         7916.
        7918.      0.965916         7920.
        7922.     0.9654174         7924.
        7926.     0.9650185         7928.
        7930.      0.964819         7932.
        7934.     0.9643204         7936.
        7938.     0.9638218         7940.
        7942.     0.9631237         7944.
        7946.     0.9627249         7948.
        7950.     0.9624257         7952.
        7954.     0.9623259         7956.
        7958.     0.9624257         7960.
        7962.     0.9623259         7964.
        7966.     0.9619271         7968.
        7970.     0.9617276         7972.
        7974.     0.9614285         7976.
        7978.     0.9607304         7980.
        7982.     0.9603315         7984.
        7986.     0.9595337         7988.
        7990.     0.9598328         7992.
        7994.     0.9600323         7996.
        7998.     0.9598328         8000.
        8002.     0.9577387         8004.
        8006.     0.9580379         8008.
        8010.     0.9564423         8012.
        8014.     0.9565421         8016.
        8018.     0.9568412         8020.
        8022.     0.9561431         8024.
        8026.     0.9557443         8028.
        8030.     0.9570407         8032.
        8034.     0.9574395         8036.
        8038.     0.9567415         8040.
        8042.     0.9567415         8044.
        8046.      0.957639         8048.
        8050.     0.9580379         8052.
        8054.     0.9588357         8056.
        8058.     0.9585365         8060.
        8062.     0.9577387         8064.
        8066.     0.9585365         8068.
        8070.      0.959434         8072.
        8074.     0.9597332         8076.
        8078.      0.959434         8080.
        8082.     0.9584367         8084.
        8086.     0.9592345         8088.
        8090.     0.9613287         8092.
        8094.     0.9616279         8096.
        8098.     0.9613287         8100.
        8102.     0.9610296         8104.
        8106.     0.9615282         8108.
        8110.     0.9626251         8112.
        8114.     0.9627249         8116.
        8118.     0.9623259         8120.
        8122.     0.9623259         8124.
        8126.      0.963024         8128.
        8130.     0.9635226         8132.
        8134.     0.9647194         8136.
        8138.     0.9654174         8140.
        8142.     0.9660157         8144.
        8146.     0.9658163         8148.
        8150.     0.9660157         8152.
        8154.     0.9665143         8156.
        8158.     0.9675115         8160.
        8162.     0.9686085         8164.
        8166.     0.9700046         8168.
        8170.     0.9700046         8172.
        8174.     0.9696057         8176.
        8178.     0.9696057         8180.
        8182.     0.9701044         8184.
        8186.     0.9716999         8188.
        8190.     0.9716999         8192.
        8194.     0.9718994         8196.
        8198.     0.9704036         8200.
        8202.      0.971999         8204.
        8206.     0.9731957         8208.
        8210.     0.9737941         8212.
        8214.     0.9743925         8216.
        8218.     0.9744921         8220.
        8222.     0.9742927         8224.
        8226.      0.974891         8228.
        8230.     0.9749908         8232.
        8234.     0.9758883         8236.
        8238.     0.9768855         8240.
        8242.     0.9767858         8244.
        8246.     0.9764866         8248.
        8250.     0.9770849         8252.
        8254.     0.9784811         8256.
        8258.     0.9786806         8260.
        8262.     0.9791791         8264.
        8266.     0.9791791         8268.
        8270.     0.9792789         8272.
        8274.     0.9790794         8276.
        8278.     0.9793786         8280.
        8282.     0.9790794         8284.
        8286.     0.9789797         8288.
        8290.     0.9792789         8292.
        8294.     0.9796777         8296.
        8298.     0.9810739         8300.
        8302.     0.9815725         8304.
        8306.     0.9819714         8308.
        8310.     0.9805752         8312.
        8314.     0.9803758         8316.
        8318.     0.9819714         8320.
        8322.     0.9818717         8324.
        8326.     0.9815725         8328.
        8330.      0.980675         8332.
        8334.     0.9814728         8336.
        8338.     0.9827691         8340.
        8342.     0.9834672         8344.
        8346.     0.9823703         8348.
        8350.     0.9815725         8352.
        8354.     0.9819714         8356.
        8358.     0.9828689         8360.
        8362.     0.9827691         8364.
        8366.     0.9819714         8368.
        8370.      0.980675         8372.
        8374.      0.981373         8376.
        8378.       0.98247         8380.
        8382.     0.9839658         8384.
        8386.     0.9841653         8388.
        8390.     0.9828689         8392.
        8394.       0.98247         8396.
        8398.     0.9820711         8400.
        8402.     0.9817719         8404.
        8406.     0.9809741         8408.
        8410.     0.9805752         8412.
        8414.     0.9812734         8416.
        8418.     0.9811736         8420.
        8422.     0.9811736         8424.
        8426.     0.9814728         8428.
        8430.     0.9818717         8432.
        8434.     0.9807747         8436.
        8438.     0.9791791         8440.
        8442.     0.9803758         8444.
        8446.     0.9814728         8448.
        8450.     0.9804755         8452.
        8454.     0.9789797         8456.
        8458.     0.9786806         8460.
        8462.     0.9792789         8464.
        8466.     0.9781819         8468.
        8470.     0.9790794         8472.
        8474.     0.9783814         8476.
        8478.     0.9780822         8480.
        8482.     0.9785808         8484.
        8486.     0.9779825         8488.
        8490.     0.9779825         8492.
        8494.     0.9766861         8496.
        8498.      0.975988         8500.
        8502.     0.9745919         8504.
        8506.     0.9752899         8508.
        8510.     0.9755891         8512.
        8514.     0.9746916         8516.
        8518.     0.9736944         8520.
        8522.     0.9732955         8524.
        8526.      0.972398         8528.
        8530.     0.9722983         8532.
        8534.     0.9705033         8536.
        8538.     0.9703038         8540.
        8542.     0.9694063         8544.
        8546.     0.9692068         8548.
        8550.      0.967711         8552.
        8554.     0.9662152         8556.
        8558.     0.9657165         8560.
        8562.     0.9665143         8564.
        8566.     0.9660157         8568.
        8570.     0.9639215         8572.
        8574.     0.9620268         8576.
        8578.     0.9619271         8580.
        8582.     0.9607304         8584.
        8586.     0.9591348         8588.
        8590.     0.9577387         8592.
        8594.     0.9575393         8596.
        8598.     0.9563426         8600.
        8602.     0.9564423         8604.
        8606.     0.9554451         8608.
        8610.     0.9539493         8612.
        8614.     0.9524534         8616.
        8618.     0.9515559         8620.
        8622.     0.9505587         8624.
        8626.     0.9490628         8628.
        8630.     0.9478661         8632.
        8634.     0.9472678         8636.
        8638.       0.94647         8640.
        8642.     0.9450739         8644.
        8646.     0.9425809         8648.
        8650.     0.9405864         8652.
        8654.     0.9406861         8656.
        8658.       0.93929         8660.
        8662.     0.9372955         8664.
        8666.     0.9361985         8668.
        8670.     0.9352013         8672.
        8674.      0.934603         8676.
        8678.     0.9311127         8680.
        8682.     0.9302152         8684.
        8686.     0.9285199         8688.
        8690.      0.928121         8692.
        8694.     0.9270241         8696.
        8698.     0.9247304         8700.
        8702.     0.9219382         8704.
        8706.     0.9211404         8708.
        8710.     0.9205421         8712.
        8714.     0.9190462         8716.
        8718.     0.9183481         8720.
        8722.     0.9172512         8724.
        8726.      0.915556         8728.
        8730.     0.9149576         8732.
        8734.     0.9119659         8736.
        8738.     0.9112678         8740.
        8742.     0.9101709         8744.
        8746.     0.9096723         8748.
        8750.     0.9081765         8752.
        8754.     0.9059826         8756.
        8758.      0.905085         8760.
        8762.     0.9046861         8764.
        8766.     0.9030906         8768.
        8770.     0.9019936         8772.
        8774.     0.9007969         8776.
        8778.     0.8995005         8780.
        8782.     0.8975061         8784.
        8786.     0.8972069         8788.
        8790.     0.8960103         8792.
        8794.     0.8943149         8796.
        8798.     0.8931183         8800.
        8802.     0.8928191         8804.
        8806.      0.892121         8808.
        8810.     0.8920214         8812.
        8814.     0.8900269         8816.
        8818.     0.8894286         8820.
        8822.     0.8891294         8824.
        8826.     0.8882318         8828.
        8830.     0.8869355         8832.
        8834.      0.886736         8836.
        8838.     0.8860379         8840.
        8842.     0.8858385         8844.
        8846.     0.8856391         8848.
        8850.     0.8859382         8852.
        8854.     0.8839437         8856.
        8858.     0.8838441         8860.
        8862.     0.8851404         8864.
        8866.     0.8853399         8868.
        8870.     0.8842429         8872.
        8874.     0.8830463         8876.
        8878.     0.8827471         8880.
        8882.     0.8834452         8884.
        8886.     0.8834452         8888.
        8890.     0.8831459         8892.
        8894.     0.8821487         8896.
        8898.     0.8837444         8900.
        8902.     0.8847415         8904.
        8906.     0.8851404         8908.
        8910.     0.8860379         8912.
        8914.     0.8854396         8916.
        8918.     0.8839437         8920.
        8922.     0.8847415         8924.
        8926.     0.8870352         8928.
        8930.     0.8884313         8932.
        8934.     0.8874341         8936.
        8938.     0.8884313         8940.
        8942.     0.8890296         8944.
        8946.     0.8891294         8948.
        8950.     0.8901266         8952.
        8954.      0.891423         8956.
        8958.     0.8919216         8960.
        8962.     0.8922207         8964.
        8966.     0.8943149         8968.
        8970.     0.8957111         8972.
        8974.     0.8959105         8976.
        8978.     0.8963094         8980.
        8982.     0.8983039         8984.
        8986.     0.8996003         8988.
        8990.     0.8999991         8992.
        8994.     0.9001986         8996.
        8998.     0.9027914         9000.
        9002.     0.9054839         9004.
        9006.     0.9064811         9008.
        9010.       0.90688         9012.
        9014.     0.9085753         9016.
        9018.     0.9119659         9020.
        9022.      0.913362         9024.
        9026.     0.9132622         9028.
        9030.      0.915556         9032.
        9034.      0.918049         9036.
        9038.      0.919844         9040.
        9042.     0.9193454         9044.
        9046.     0.9205421         9048.
        9050.     0.9233343         9052.
        9054.     0.9243315         9056.
        9058.     0.9257277         9060.
        9062.     0.9258274         9064.
        9066.     0.9288191         9068.
        9070.     0.9306141         9072.
        9074.     0.9329078         9076.
        9078.     0.9349022         9080.
        9082.     0.9358994         9084.
        9086.      0.936398         9088.
        9090.     0.9388911         9092.
        9094.     0.9407858         9096.
        9098.     0.9441764         9100.
        9102.     0.9449742         9104.
        9106.      0.945772         9108.
        9110.     0.9479659         9112.
        9114.     0.9486639         9116.
        9118.     0.9491625         9120.
        9122.     0.9525532         9124.
        9126.     0.9559437         9128.
        9130.     0.9566417         9132.
        9134.     0.9561431         9136.
        9138.     0.9581376         9140.
        9142.     0.9602318         9144.
        9146.     0.9628246         9148.
        9150.     0.9618273         9152.
        9154.     0.9626251         9156.
        9158.     0.9635226         9160.
        9162.     0.9654174         9164.
        9166.      0.967711         9168.
        9170.     0.9711016         9172.
        9174.     0.9724977         9176.
        9178.     0.9710019         9180.
        9182.     0.9712013         9184.
        9186.     0.9732955         9188.
        9190.      0.974193         9192.
        9194.     0.9744921         9196.
        9198.      0.974193         9200.
        9202.     0.9755891         9204.
        9206.     0.9774839         9208.
        9210.     0.9773841         9212.
        9214.     0.9771847         9216.
        9218.     0.9788799         9220.
        9222.     0.9805752         9224.
        9226.     0.9800767         9228.
        9230.     0.9796777         9232.
        9234.     0.9793786         9236.
        9238.     0.9807747         9240.
        9242.     0.9821708         9244.
        9246.       0.98247         9248.
        9250.     0.9825697         9252.
        9254.     0.9814728         9256.
        9258.     0.9801764         9260.
        9262.     0.9793786         9264.
        9266.     0.9819714         9268.
        9270.     0.9833675         9272.
        9274.     0.9829686         9276.
        9278.     0.9829686         9280.
        9282.     0.9819714         9284.
        9286.      0.981373         9288.
        9290.     0.9811736         9292.
        9294.     0.9808744         9296.
        9298.     0.9791791         9300.
        9302.      0.979578         9304.
        9306.     0.9800767         9308.
        9310.      0.980675         9312.
        9314.     0.9788799         9316.
        9318.     0.9780822         9320.
        9322.     0.9784811         9324.
        9326.     0.9794784         9328.
        9330.     0.9793786         9332.
        9334.     0.9791791         9336.
        9338.     0.9778827         9340.
        9342.     0.9778827         9344.
        9346.     0.9788799         9348.
        9350.     0.9788799         9352.
        9354.     0.9783814         9356.
        9358.     0.9767858         9360.
        9362.     0.9761875         9364.
        9366.     0.9768855         9368.
        9370.     0.9790794         9372.
        9374.      0.980276         9376.
        9378.     0.9803758         9380.
        9382.     0.9770849         9384.
        9386.     0.9768855         9388.
        9390.     0.9783814         9392.
        9394.     0.9786806         9396.
        9398.     0.9793786         9400.
        9402.     0.9789797         9404.
        9406.     0.9792789         9408.
        9410.     0.9787803         9412.
        9414.     0.9789797         9416.
        9418.     0.9790794         9420.
        9422.     0.9800767         9424.
        9426.     0.9807747         9428.
        9430.      0.980276         9432.
        9434.     0.9798772         9436.
        9438.     0.9805752         9440.
        9442.      0.980675         9444.
        9446.     0.9803758         9448.
        9450.     0.9794784         9452.
        9454.     0.9780822         9456.
        9458.     0.9780822         9460.
        9462.     0.9771847         9464.
        9466.     0.9753897         9468.
        9470.     0.9738938         9472.
        9474.     0.9729964         9476.
        9478.     0.9721985         9480.
        9482.     0.9704036         9484.
        9486.     0.9678107         9488.
        9490.     0.9650185         9492.
        9494.     0.9626251         9496.
        9498.     0.9599326         9500.
        9502.     0.9557443         9504.
        9506.      0.951157         9508.
        9510.     0.9451736         9512.
        9514.     0.9400878         9516.
        9518.     0.9348024         9520.
        9522.     0.9285199         9524.
        9526.     0.9221377         9528.
        9530.     0.9150573         9532.
        9534.     0.9058828         9536.
        9538.     0.8970075         9540.
        9542.     0.8886307         9544.
        9546.     0.8770629         9548.
        9550.     0.8646973         9552.
        9554.     0.8533289         9556.
        9558.     0.8407637         9560.
        9562.     0.8276004         9564.
        9566.     0.8143372         9568.
        9570.     0.7998773         9572.
        9574.     0.7839217         9576.
        9578.     0.7684647         9580.
        9582.     0.7522098         9584.
        9586.     0.7357556         9588.
        9590.     0.7178054         9592.
        9594.     0.6995561         9596.
        9598.     0.6804093         9600.
        9602.     0.6630576         9604.
        9606.     0.6451074         9608.
        9610.     0.6260604         9612.
        9614.     0.6054177         9616.
        9618.     0.5859717         9620.
        9622.     0.5670244         9624.
        9626.     0.5475784         9628.
        9630.     0.5276338         9632.
        9634.     0.5071906         9636.
        9638.     0.4871463         9640.
        9642.     0.4691962         9644.
        9646.      0.452343         9648.
        9650.     0.4347918         9652.
        9654.     0.4163431         9656.
        9658.     0.3999886         9660.
        9662.     0.3834345         9664.
        9666.     0.3679775         9668.
        9670.     0.3526202         9672.
        9674.     0.3372628         9676.
        9678.     0.3226036         9680.
        9682.     0.3085426         9684.
        9686.     0.2954789         9688.
        9690.     0.2816175         9692.
        9694.     0.2693515         9696.
        9698.     0.2578834         9700.
        9702.     0.2462158         9704.
        9706.     0.2350469         9708.
        9710.     0.2243765         9712.
        9714.     0.2150026         9716.
        9718.     0.2058281         9720.
        9722.     0.1965538         9724.
        9726.     0.1880774         9728.
        9730.     0.1790026         9732.
        9734.     0.1710248         9736.
        9738.     0.1630469         9740.
        9742.     0.1563655         9744.
        9746.     0.1488863         9748.
        9750.     0.1421051         9752.
        9754.     0.1358226         9756.
        9758.     0.1301384         9760.
        9762.     0.1244542         9764.
        9766.     0.1186703         9768.
        9770.     0.1135844         9772.
        9774.     0.1089971         9776.
        9778.      0.104011         9780.
        9782.    0.09943371         9784.
        9786.    0.09495614         9788.
        9790.    0.09053842         9792.
        9794.    0.08696834         9796.
        9798.    0.08289964         9800.
        9802.    0.07932957         9804.
        9806.    0.07608858         9808.
        9810.    0.07271794         9812.
        9814.    0.06923761         9816.
        9818.    0.06658498         9820.
        9822.    0.06381268         9824.
        9826.    0.06129966         9828.
        9830.    0.05838776         9832.
        9834.     0.0562138         9836.
        9838.     0.0537307         9840.
        9842.    0.05177613         9844.
        9846.    0.04920328         9848.
        9850.    0.04757779         9852.
        9854.    0.04582267         9856.
        9858.    0.04371852         9860.
        9862.    0.04199331         9864.
        9866.    0.04016838         9868.
        9870.    0.03877226         9872.
        9874.    0.03722656         9876.
        9878.    0.03574069         9880.
        9882.    0.03454401         9884.
        9886.    0.03318778         9888.
        9890.    0.03184152         9892.
        9894.    0.03093404         9896.
        9898.    0.02973737         9930.
        9940.    0.02213848         9950.
        9960.    0.01861827         9970.
        9980.    0.01582602         9990.
       10000.    0.01352242        10010.
       10020.    0.01161772        10030.
       10040.    0.01003212        10050.
       10060.   0.008721765        10070.
       10080.   0.007588913        10090.
       10100.   0.006667473        10110.
       10120.   0.005877668        10130.
       10140.   0.005203541        10150.
       10160.   0.004626146        10170.
       10180.   0.004146478        10190.
       10200.   0.003719664        10210.
       10220.   0.003347698        10230.
       10240.   0.003031576        10250.
       10260.   0.002763321        10270.
       10280.   0.002496064        10290.
       10300.   0.002303599        10310.
       10320.    0.00210515        10330.
       10340.   0.001942602        10350.
       10360.   0.001797007        10370.
       10380.    0.00167335        10390.
       10400.   0.001558669        10410.
       10420.   0.001454957        10430.
       10440.   0.001356231        10450.
       10460.   0.001283434        10470.
       10480.   0.001219611        10490.
       10500.   0.001150802        10510.
       10520.   0.001096952        10530.
       10540.   0.001054071        10550.
       10560.   0.001005207        10570.
       10580.   9.538495E-4        10590.
       10600.   9.151570E-4        10610.
       10620.   8.887305E-4        10630.
       10640.   8.564203E-4        10650.
       10660.   8.264037E-4        10670.
       10680.   8.131405E-4        10690.
       10700.   7.903039E-4        10710.
       10720.   7.722541E-4        10730.
       10740.   7.595893E-4        10750.
       10760.   7.430353E-4        10770.
       10780.   7.473234E-4        10790.
       10800.   7.397445E-4        10810.
       10820.   7.247860E-4        10830.
       10840.   7.270797E-4        10850.
       10860.   7.312680E-4        10870.
       10880.   7.287749E-4        10890.
       10900.   7.222929E-4        10910.
       10920.   7.222929E-4        10930.
       10940.   7.222929E-4        10950.
       10960.   7.222929E-4        10970.
       10980.   7.222929E-4        10990.
       11000.   7.222929E-4         INDEF
