         100.            0.            0.
        1910.            0.            0.
        1920.            0.            0.
        1930.            0.            0.
        1940.            0.            0.
        1950.            0.            0.
        1960.            0.            0.
        1970.            0.            0.
        1980.            0.            0.
        1990.            0.            0.
        2000.            0.            0.
        2010.            0.            0.
        2020.            0.            0.
        2030.            0.            0.
        2040.            0.            0.
        2050.            0.            0.
        2060.            0.            0.
        2070.            0.            0.
        2080.            0.            0.
        2090.            0.            0.
        2100.            0.            0.
        2110.            0.            0.
        2120.            0.            0.
        2130.            0.            0.
        2140.            0.            0.
        2150.            0.            0.
        2160.            0.            0.
        2170.            0.            0.
        2180.            0.            0.
        2190.            0.            0.
        2200.            0.            0.
        2210.            0.            0.
        2220.            0.            0.
        2230.            0.            0.
        2240.            0.            0.
        2250.            0.            0.
        2260.            0.            0.
        2270.            0.            0.
        2280.            0.            0.
        2290.            0.            0.
        2300.            0.            0.
        2310.            0.            0.
        2320.            0.            0.
        2330.            0.            0.
        2340.            0.            0.
        2350.            0.            0.
        2360.            0.            0.
        2370.            0.            0.
        2380.            0.            0.
        2390.            0.            0.
        2400.            0.            0.
        2410.            0.            0.
        2420.            0.            0.
        2430.            0.            0.
        2440.            0.            0.
        2450.            0.            0.
        2460.            0.            0.
        2470.            0.            0.
        2480.            0.            0.
        2490.            0.            0.
        2500.            0.            0.
        2510.            0.            0.
        2520.            0.            0.
        2530.            0.            0.
        2540.            0.            0.
        2550.            0.            0.
        2560.            0.            0.
        2570.            0.            0.
        2580.            0.            0.
        2590.            0.            0.
        2600.            0.            0.
        2610.            0.            0.
        2620.            0.            0.
        2630.            0.            0.
        2640.            0.            0.
        2650.            0.            0.
        2660.            0.            0.
        2670.            0.            0.
        2680.            0.            0.
        2690.            0.            0.
        2700.            0.            0.
        2710.            0.            0.
        2720.            0.            0.
        2730.            0.            0.
        2740.            0.            0.
        2750.            0.            0.
        2760.            0.            0.
        2770.            0.            0.
        2780.            0.            0.
        2790.            0.            0.
        2800.            0.            0.
        2810.            0.            0.
        2820.            0.            0.
        2830.            0.            0.
        2840.            0.            0.
        2850.            0.            0.
        2860.            0.            0.
        2870.            0.            0.
        2880.            0.            0.
        2890.            0.            0.
        2900.            0.            0.
        2910.            0.            0.
        2920.            0.            0.
        2930.            0.            0.
        2940.            0.            0.
        2950.            0.            0.
        2960.            0.            0.
        2970.            0.            0.
        2980.            0.            0.
        2990.            0.            0.
        3000.            0.            0.
        3010.            0.            0.
        3020.            0.            0.
        3030.            0.            0.
        3040.            0.            0.
        3050.            0.            0.
        3060.            0.            0.
        3070.            0.            0.
        3080.            0.            0.
        3090.            0.            0.
        3100.            0.            0.
        3110.            0.            0.
        3120.            0.            0.
        3130.            0.            0.
        3140.            0.            0.
        3150.            0.            0.
        3160.            0.            0.
        3170.            0.            0.
        3180.            0.            0.
        3190.            0.            0.
        3200.            0.            0.
        3210.            0.            0.
        3220.            0.            0.
        3230.            0.            0.
        3240.            0.            0.
        3250.            0.            0.
        3260.            0.            0.
        3270.            0.            0.
        3280.            0.            0.
        3290.            0.            0.
        3300.            0.            0.
        3310.            0.            0.
        3320.            0.            0.
        3330.            0.            0.
        3340.            0.            0.
        3350.            0.            0.
        3360.            0.            0.
        3370.            0.            0.
        3380.            0.            0.
        3390.            0.            0.
        3400.            0.            0.
        3410.            0.            0.
        3420.            0.            0.
        3430.            0.            0.
        3440.            0.            0.
        3450.            0.            0.
        3460.            0.            0.
        3470.            0.            0.
        3480.            0.            0.
        3490.            0.            0.
        3500.            0.            0.
        3510.            0.            0.
        3520.            0.            0.
        3530.            0.            0.
        3540.            0.            0.
        3550.            0.            0.
        3560.            0.            0.
        3570.            0.            0.
        3580.            0.            0.
        3590.            0.            0.
        3600.            0.            0.
        3610.            0.            0.
        3620.            0.            0.
        3630.            0.            0.
        3640.            0.            0.
        3650.            0.            0.
        3660.            0.            0.
        3670.            0.            0.
        3680.            0.            0.
        3690.            0.            0.
        3700.            0.            0.
        3710.            0.            0.
        3720.            0.            0.
        3730.            0.            0.
        3740.            0.            0.
        3750.            0.            0.
        3760.            0.            0.
        3770.            0.            0.
        3780.            0.            0.
        3790.            0.            0.
        3800.            0.            0.
        3810.            0.            0.
        3820.            0.            0.
        3830.            0.            0.
        3840.            0.            0.
        3850.            0.            0.
        3860.            0.            0.
        3870.            0.            0.
        3880.            0.            0.
        3890.            0.            0.
        3900.            0.            0.
        3910.            0.            0.
        3920.            0.            0.
        3930.            0.            0.
        3940.            0.            0.
        3950.            0.            0.
        3960.            0.            0.
        3970.            0.            0.
        3980.            0.            0.
        3990.            0.            0.
        4000.            0.            0.
        4010.            0.            0.
        4020.            0.            0.
        4030.            0.            0.
        4040.            0.            0.
        4050.            0.            0.
        4060.            0.            0.
        4070.            0.            0.
        4080.            0.            0.
        4090.            0.            0.
        4100.            0.            0.
        4110.   7.102705E-6            0.
        4120.   7.102705E-6            0.
        4130.            0.            0.
        4140.            0.            0.
        4150.            0.            0.
        4160.            0.            0.
        4170.   7.102705E-6            0.
        4180.   7.102705E-6            0.
        4190.            0.            0.
        4200.            0.            0.
        4210.            0.            0.
        4220.            0.            0.
        4230.            0.            0.
        4240.            0.            0.
        4250.            0.            0.
        4260.            0.            0.
        4270.   7.102705E-6            0.
        4280.   7.102705E-6            0.
        4290.   7.102705E-6            0.
        4300.            0.            0.
        4310.            0.            0.
        4320.            0.            0.
        4330.            0.            0.
        4340.            0.            0.
        4350.            0.            0.
        4360.            0.            0.
        4370.            0.            0.
        4380.            0.            0.
        4390.   7.102705E-6            0.
        4400.   7.102705E-6            0.
        4410.            0.            0.
        4420.            0.            0.
        4430.            0.            0.
        4440.            0.            0.
        4450.            0.            0.
        4460.   7.102705E-6            0.
        4470.            0.            0.
        4480.            0.            0.
        4490.            0.            0.
        4500.            0.            0.
        4510.            0.            0.
        4520.            0.            0.
        4530.            0.            0.
        4540.            0.            0.
        4550.            0.            0.
        4560.            0.            0.
        4570.            0.            0.
        4580.            0.            0.
        4590.            0.            0.
        4600.            0.            0.
        4610.            0.            0.
        4620.            0.            0.
        4630.            0.            0.
        4640.            0.            0.
        4650.            0.            0.
        4660.            0.            0.
        4670.            0.            0.
        4680.            0.            0.
        4690.            0.            0.
        4700.            0.            0.
        4710.            0.            0.
        4720.            0.            0.
        4730.            0.            0.
        4740.            0.            0.
        4750.            0.            0.
        4760.            0.            0.
        4770.            0.            0.
        4780.            0.            0.
        4790.            0.            0.
        4800.            0.            0.
        4810.            0.            0.
        4820.            0.            0.
        4830.            0.            0.
        4840.            0.            0.
        4850.            0.            0.
        4860.            0.            0.
        4870.            0.            0.
        4880.            0.            0.
        4890.            0.            0.
        4900.            0.            0.
        4910.            0.            0.
        4920.            0.            0.
        4930.            0.            0.
        4940.            0.            0.
        4950.            0.            0.
        4960.            0.            0.
        4970.            0.            0.
        4980.            0.            0.
        4990.            0.            0.
        5000.            0.            0.
        5010.            0.            0.
        5020.            0.            0.
        5030.            0.            0.
        5040.            0.            0.
        5050.   7.102705E-6            0.
        5060.   7.102705E-6            0.
        5070.   7.102705E-6            0.
        5080.   2.130811E-5            0.
        5090.   2.841082E-5            0.
        5100.   2.130811E-5            0.
        5110.   1.420541E-5            0.
        5120.   7.102705E-6            0.
        5130.   7.102705E-6            0.
        5140.   7.102705E-6            0.
        5150.   7.102705E-6            0.
        5160.   7.102705E-6            0.
        5170.   7.102705E-6            0.
        5180.   7.102705E-6            0.
        5190.   7.102705E-6            0.
        5200.   7.102705E-6            0.
        5210.   7.102705E-6            0.
        5220.   7.102705E-6            0.
        5230.   1.420541E-5            0.
        5240.   1.420541E-5            0.
        5250.   2.130811E-5            0.
        5260.   2.841082E-5            0.
        5270.   2.841082E-5            0.
        5280.   2.130811E-5            0.
        5290.   1.420541E-5            0.
        5300.   1.420541E-5            0.
        5310.   7.102705E-6            0.
        5320.   7.102705E-6            0.
        5330.   7.102705E-6            0.
        5340.   7.102705E-6            0.
        5350.   7.102705E-6            0.
        5360.   7.102705E-6            0.
        5370.   7.102705E-6            0.
        5380.   7.102705E-6            0.
        5390.   7.102705E-6            0.
        5400.   1.420541E-5            0.
        5410.   1.420541E-5            0.
        5420.   2.130811E-5            0.
        5430.   2.841082E-5            0.
        5440.   2.841082E-5            0.
        5450.   2.130811E-5            0.
        5460.   1.420541E-5            0.
        5470.   1.420541E-5            0.
        5480.   7.102705E-6            0.
        5490.   7.102705E-6            0.
        5500.   7.102705E-6            0.
        5510.   7.102705E-6            0.
        5520.   7.102705E-6            0.
        5530.   7.102705E-6            0.
        5540.   1.420541E-5            0.
        5550.   2.130811E-5            0.
        5560.   2.841082E-5            0.
        5570.   3.551353E-5            0.
        5580.   2.130811E-5            0.
        5590.   7.102705E-6            0.
        5600.   7.102705E-6            0.
        5610.   7.102705E-6            0.
        5620.   7.102705E-6            0.
        5630.   7.102705E-6            0.
        5640.   7.102705E-6            0.
        5650.   7.102705E-6            0.
        5660.   7.102705E-6            0.
        5670.   7.102705E-6            0.
        5680.   7.102705E-6            0.
        5690.   7.102705E-6            0.
        5700.   7.102705E-6            0.
        5710.   7.102705E-6            0.
        5720.   7.102705E-6            0.
        5730.   7.102705E-6            0.
        5740.   7.102705E-6            0.
        5750.   7.102705E-6            0.
        5760.   7.102705E-6            0.
        5770.   7.102705E-6            0.
        5780.   7.102705E-6            0.
        5790.   7.102705E-6            0.
        5800.   7.102705E-6            0.
        5810.   7.102705E-6            0.
        5820.   7.102705E-6            0.
        5830.   7.102705E-6            0.
        5840.   7.102705E-6            0.
        5850.   7.102705E-6            0.
        5860.   7.102705E-6            0.
        5870.   7.102705E-6            0.
        5880.   7.102705E-6            0.
        5890.   7.102705E-6            0.
        5900.   7.102705E-6            0.
        5910.   7.102705E-6            0.
        5920.   7.102705E-6            0.
        5930.   7.102705E-6            0.
        5940.   7.102705E-6            0.
        5950.   7.102705E-6            0.
        5960.   7.102705E-6            0.
        5970.   7.102705E-6            0.
        5980.   7.102705E-6            0.
        5990.   7.102705E-6            0.
        6000.   7.102705E-6            0.
        6010.   7.102705E-6            0.
        6020.   7.102705E-6            0.
        6030.   7.102705E-6            0.
        6040.   7.102705E-6            0.
        6050.   7.102705E-6            0.
        6060.   7.102705E-6            0.
        6070.   7.102705E-6            0.
        6080.   7.102705E-6            0.
        6090.   7.102705E-6            0.
        6100.   7.102705E-6            0.
        6110.   7.102705E-6            0.
        6120.   7.102705E-6            0.
        6130.   7.102705E-6            0.
        6140.   7.102705E-6            0.
        6150.   7.102705E-6            0.
        6160.   7.102705E-6            0.
        6170.   7.102705E-6            0.
        6180.   7.102705E-6            0.
        6190.   7.102705E-6            0.
        6200.   7.102705E-6            0.
        6210.   7.102705E-6            0.
        6220.   7.102705E-6            0.
        6230.   7.102705E-6            0.
        6240.   7.102705E-6            0.
        6250.   7.102705E-6            0.
        6260.   7.102705E-6            0.
        6270.   7.102705E-6            0.
        6280.   7.102705E-6            0.
        6290.   7.102705E-6            0.
        6300.   7.102705E-6            0.
        6310.   7.102705E-6            0.
        6320.   7.102705E-6            0.
        6330.   7.102705E-6            0.
        6340.   1.420541E-5            0.
        6350.   1.420541E-5            0.
        6360.   7.102705E-6            0.
        6370.   7.102705E-6            0.
        6380.   7.102705E-6            0.
        6390.   7.102705E-6            0.
        6400.   7.102705E-6            0.
        6410.   1.420541E-5            0.
        6420.   1.420541E-5            0.
        6430.   1.420541E-5            0.
        6440.   7.102705E-6            0.
        6450.   7.102705E-6            0.
        6460.   7.102705E-6            0.
        6470.   7.102705E-6            0.
        6480.   7.102705E-6            0.
        6490.   7.102705E-6            0.
        6500.   7.102705E-6            0.
        6510.   7.102705E-6            0.
        6520.   7.102705E-6            0.
        6530.   7.102705E-6            0.
        6540.   7.102705E-6            0.
        6550.   7.102705E-6            0.
        6560.   7.102705E-6            0.
        6570.   7.102705E-6            0.
        6580.   7.102705E-6            0.
        6590.   7.102705E-6            0.
        6600.   7.102705E-6            0.
        6610.   7.102705E-6            0.
        6620.   7.102705E-6            0.
        6630.   7.102705E-6            0.
        6640.   7.102705E-6            0.
        6650.   7.102705E-6            0.
        6660.   7.102705E-6            0.
        6670.   7.102705E-6            0.
        6680.   7.102705E-6            0.
        6690.   7.102705E-6            0.
        6700.   7.102705E-6            0.
        6710.   1.420541E-5            0.
        6720.   1.420541E-5            0.
        6730.   7.102705E-6            0.
        6740.   7.102705E-6            0.
        6750.   7.102705E-6            0.
        6760.   7.102705E-6            0.
        6770.   7.102705E-6            0.
        6780.   7.102705E-6            0.
        6790.   7.102705E-6            0.
        6800.   7.102705E-6            0.
        6810.   7.102705E-6            0.
        6820.   7.102705E-6            0.
        6830.   7.102705E-6            0.
        6840.   7.102705E-6            0.
        6850.   7.102705E-6            0.
        6860.   7.102705E-6            0.
        6870.   7.102705E-6            0.
        6880.   7.102705E-6            0.
        6890.   7.102705E-6            0.
        6900.   7.102705E-6            0.
        6910.   7.102705E-6            0.
        6920.   7.102705E-6            0.
        6930.   7.102705E-6            0.
        6940.   7.102705E-6            0.
        6950.   7.102705E-6            0.
        6960.   7.102705E-6            0.
        6970.   7.102705E-6            0.
        6980.   7.102705E-6            0.
        6990.   7.102705E-6            0.
        7000.   7.102705E-6            0.
        7010.   7.102705E-6            0.
        7020.   7.102705E-6            0.
        7030.   7.102705E-6            0.
        7040.   7.102705E-6            0.
        7050.   7.102705E-6            0.
        7060.   7.102705E-6            0.
        7070.   7.102705E-6            0.
        7080.   7.102705E-6            0.
        7090.   7.102705E-6            0.
        7100.   7.102705E-6            0.
        7110.   7.102705E-6            0.
        7120.   7.102705E-6            0.
        7130.   7.102705E-6            0.
        7140.   7.102705E-6            0.
        7150.   7.102705E-6            0.
        7160.   7.102705E-6            0.
        7170.   7.102705E-6            0.
        7180.   7.102705E-6            0.
        7190.   7.102705E-6            0.
        7200.   7.102705E-6            0.
        7210.   7.102705E-6            0.
        7220.   7.102705E-6            0.
        7230.   7.102705E-6            0.
        7240.   7.102705E-6            0.
        7250.   7.102705E-6            0.
        7260.   7.102705E-6            0.
        7270.   7.102705E-6            0.
        7280.   7.102705E-6            0.
        7290.   7.102705E-6            0.
        7300.   7.102705E-6            0.
        7310.   7.102705E-6            0.
        7320.   7.102705E-6            0.
        7330.   7.102705E-6            0.
        7340.   7.102705E-6            0.
        7350.   7.102705E-6            0.
        7360.   7.102705E-6            0.
        7370.   7.102705E-6            0.
        7380.   7.102705E-6            0.
        7390.   7.102705E-6            0.
        7400.   7.102705E-6            0.
        7410.   7.102705E-6            0.
        7420.   7.102705E-6            0.
        7430.   7.102705E-6            0.
        7440.   7.102705E-6            0.
        7450.   7.102705E-6            0.
        7460.   7.102705E-6            0.
        7470.   7.102705E-6            0.
        7480.   7.102705E-6            0.
        7490.   7.102705E-6            0.
        7500.   7.102705E-6            0.
        7510.   7.102705E-6            0.
        7520.   7.102705E-6            0.
        7530.   7.102705E-6            0.
        7540.   7.102705E-6            0.
        7550.   7.102705E-6            0.
        7560.   7.102705E-6            0.
        7570.   7.102705E-6            0.
        7580.   7.102705E-6            0.
        7590.   7.102705E-6            0.
        7600.   7.102705E-6            0.
        7610.   7.102705E-6            0.
        7620.   7.102705E-6            0.
        7630.   7.102705E-6            0.
        7640.   7.102705E-6            0.
        7650.   7.102705E-6            0.
        7660.   7.102705E-6            0.
        7670.   7.102705E-6            0.
        7680.   7.102705E-6            0.
        7690.   7.102705E-6            0.
        7700.   7.102705E-6            0.
        7710.   7.102705E-6            0.
        7720.   7.102705E-6            0.
        7730.   7.102705E-6            0.
        7740.   7.102705E-6            0.
        7750.   7.102705E-6            0.
        7760.   7.102705E-6            0.
        7770.   7.102705E-6            0.
        7780.   7.102705E-6            0.
        7790.   7.102705E-6            0.
        7800.   7.102705E-6            0.
        7810.   7.102705E-6            0.
        7820.   7.102705E-6            0.
        7830.   7.102705E-6            0.
        7840.   7.102705E-6            0.
        7850.   7.102705E-6            0.
        7860.   7.102705E-6            0.
        7870.   7.102705E-6            0.
        7880.   7.102705E-6            0.
        7890.   7.102705E-6            0.
        7900.   7.102705E-6            0.
        7910.   7.102705E-6            0.
        7920.   7.102705E-6            0.
        7930.   7.102705E-6            0.
        7940.   7.102705E-6            0.
        7950.   7.102705E-6            0.
        7960.   7.102705E-6            0.
        7970.   7.102705E-6            0.
        7980.   7.102705E-6            0.
        7990.   7.102705E-6            0.
        8800.   0.006321408            0.
        8802.   0.006605516            0.
        8821.   0.006676543            0.
        8848.   0.006676543            0.
        8851.    0.00674757            0.
        8853.   0.006818597            0.
        8855.   0.007173732            0.
        8859.   0.007741949            0.
        8860.   0.007386814            0.
        8861.   0.007670922            0.
        8862.    0.00795503            0.
        8863.   0.008452219            0.
        8864.   0.008381193            0.
        8865.   0.008878382            0.
        8866.   0.009446599            0.
        8867.    0.01029892            0.
        8868.    0.01079611            0.
        8869.    0.01179049            0.
        8870.    0.01278487            0.
        8871.    0.01342411            0.
        8872.    0.01491568            0.
        8873.     0.0165493            0.
        8874.    0.01860909            0.
        8875.    0.02109504            0.
        8876.    0.02294174            0.
        8877.     0.0267772            0.
        8878.    0.02961828            0.
        8879.    0.03459018            0.
        8880.    0.03863872            0.
        8881.    0.04446294            0.
        8882.    0.04950586            0.
        8883.    0.05831321            0.
        8884.    0.06385332            0.
        8885.    0.07464943            0.
        8886.    0.08303063            0.
        8887.    0.09716501            0.
        8888.     0.1064696            0.
        8889.     0.1239422            0.
        8890.     0.1345252            0.
        8891.     0.1551941            0.
        8892.     0.1676949            0.
        8893.     0.1896422            0.
        8894.     0.2051261            0.
        8895.     0.2298435            0.
        8896.     0.2473872            0.
        8897.     0.2736672            0.
        8898.     0.2916371            0.
        8899.     0.3174909            0.
        8900.     0.3351766            0.
        8901.     0.3616697            0.
        8902.     0.3797816            0.
        8903.     0.4032206            0.
        8904.      0.419912            0.
        8905.     0.4440611            0.
        8906.     0.4589058            0.
        8907.     0.4795747            0.
        8908.     0.4922885            0.
        8909.     0.5099742            0.
        8910.     0.5209124            0.
        8911.     0.5366094            0.
        8912.     0.5469083            0.
        8913.     0.5589119            0.
        8914.     0.5672221            0.
        8915.     0.5770237            0.
        8916.     0.5834162            0.
        8917.     0.5921525            0.
        8918.     0.5980478            0.
        8919.     0.6052215            0.
        8920.     0.6096962            0.
        8921.     0.6155204            0.
        8922.     0.6214867            0.
        8923.     0.6267427            0.
        8924.     0.6323538            0.
        8925.      0.635337            0.
        8926.     0.6387463            0.
        8927.     0.6415163            0.
        8928.     0.6435051            0.
        8929.     0.6450678            0.
        8930.     0.6479798            0.
        8931.     0.6474116            0.
        8932.     0.6478378            0.
        8933.     0.6475537            0.
        8934.     0.6476957            0.
        8935.      0.645707            0.
        8936.     0.6449967            0.
        8937.     0.6413743            0.
        8938.      0.640593            0.
        8939.     0.6361183            0.
        8940.     0.6358342            0.
        8941.     0.6316436            0.
        8942.      0.630152            0.
        8943.     0.6268848            0.
        8944.     0.6236885            0.
        8945.     0.6214157            0.
        8946.     0.6180064            0.
        8947.      0.611685            0.
        8948.     0.6077785            0.
        8949.     0.5993974            0.
        8950.     0.5920815            0.
        8951.     0.5814985            0.
        8952.     0.5733303            0.
        8953.     0.5575624            0.
        8954.      0.548613            0.
        8955.     0.5286543            0.
        8956.     0.5143069            0.
        8957.     0.4907259            0.
        8958.     0.4731822            0.
        8959.     0.4431378            0.
        8960.     0.4248128            0.
        8961.     0.3932058            0.
        8962.     0.3696958            0.
        8963.     0.3373785            0.
        8964.     0.3157863            0.
        8965.     0.2818353            0.
        8966.     0.2601011            0.
        8967.     0.2281389            0.
        8968.     0.2080382            0.
        8969.     0.1755078            0.
        8970.     0.1583903            0.
        8971.     0.1350935            0.
        8972.     0.1193965            0.
        8973.     0.1005033            0.
        8974.    0.08842868            0.
        8975.    0.07358403            0.
        8976.     0.0640664            0.
        8977.    0.05362542            0.
        8978.    0.04701991            0.
        8979.    0.03920693            0.
        8980.    0.03423504            0.
        8981.    0.02848185            0.
        8982.    0.02578282            0.
        8983.    0.02251558            0.
        8984.     0.0207399            0.
        8985.    0.01740163            0.
        8986.    0.01463157            0.
        8987.    0.01314001            0.
        8988.    0.01235871            0.
        8989.    0.01122227            0.
        8990.    0.01065406            0.
        8991.   0.009730706            0.
        8992.   0.009162489            0.
        8993.   0.008097084            0.
        8994.   0.008381193            0.
        8995.    0.00795503            0.
        8996.   0.008097084            0.
        8997.   0.007599895            0.
        8998.   0.007173732            0.
        9000.   0.005390953            0.
        9010.     0.0010512            0.
        9020.   5.327029E-4            0.
        9030.   3.835461E-4            0.
        9040.   3.764434E-4            0.
        9050.   3.764434E-4            0.
        9060.   3.835461E-4            0.
        9070.   3.906488E-4            0.
        9080.   3.551353E-4            0.
        9090.   3.480326E-4            0.
        9100.   3.693407E-4            0.
        9110.   3.196217E-4            0.
        9120.   3.409298E-4            0.
        9130.   3.693407E-4            0.
        9140.   3.551353E-4            0.
        9150.   3.551353E-4            0.
        9160.   3.551353E-4            0.
        9170.   3.764434E-4            0.
        9180.   3.977515E-4            0.
        9190.   2.983137E-4            0.
        9200.   3.338272E-4            0.
        9210.   3.693407E-4            0.
        9220.   3.835461E-4            0.
        9230.   3.338272E-4            0.
        9240.   3.764434E-4            0.
        9250.   3.906488E-4            0.
        9260.   3.693407E-4            0.
        9270.   3.480326E-4            0.
        9280.   3.480326E-4            0.
        9290.   3.622379E-4            0.
        9300.   3.551353E-4            0.
        9310.   3.551353E-4            0.
        9320.   3.409298E-4            0.
        9330.   3.409298E-4            0.
        9340.   3.480326E-4            0.
        9350.   3.764434E-4            0.
        9360.   4.190596E-4            0.
        9370.   2.699028E-4            0.
        9380.   3.551353E-4            0.
        9390.   3.551353E-4            0.
        9400.   3.338272E-4            0.
        9410.   3.622379E-4            0.
        9420.   3.764434E-4            0.
        9430.   3.196217E-4            0.
        9440.   3.480326E-4            0.
        9450.   3.906488E-4            0.
        9460.   3.622379E-4            0.
        9470.   3.835461E-4            0.
        9480.   3.480326E-4            0.
        9490.   3.622379E-4            0.
        9500.   3.551353E-4            0.
        9510.   3.409298E-4            0.
        9520.   3.693407E-4            0.
        9530.   3.551353E-4            0.
        9540.   3.338272E-4            0.
        9550.   3.693407E-4            0.
        9560.   3.551353E-4            0.
        9570.   3.906488E-4            0.
        9580.   3.267244E-4            0.
        9590.   3.977515E-4            0.
        9600.   3.409298E-4            0.
        9610.   4.048542E-4            0.
        9620.   3.480326E-4            0.
        9630.   3.267244E-4            0.
        9640.   3.409298E-4            0.
        9650.   3.835461E-4            0.
        9660.   3.409298E-4            0.
        9670.   3.480326E-4            0.
        9680.   3.551353E-4            0.
        9690.   3.622379E-4            0.
        9700.   4.048542E-4            0.
        9710.   3.977515E-4            0.
        9720.   3.551353E-4            0.
        9730.   3.835461E-4            0.
        9740.   3.480326E-4            0.
        9750.   3.906488E-4            0.
        9760.   3.409298E-4            0.
        9770.   3.977515E-4            0.
        9780.   3.835461E-4            0.
        9790.   3.622379E-4            0.
        9800.   3.835461E-4            0.
        9810.   3.835461E-4            0.
        9820.   3.338272E-4            0.
        9830.   3.267244E-4            0.
        9840.   3.764434E-4            0.
        9850.   3.693407E-4            0.
        9860.   3.480326E-4            0.
        9870.   3.480326E-4            0.
        9880.   3.196217E-4            0.
        9890.   3.764434E-4            0.
        9900.   3.480326E-4            0.
        9910.   3.622379E-4            0.
        9920.   3.693407E-4            0.
        9930.   3.693407E-4            0.
        9940.   3.764434E-4            0.
        9950.   3.835461E-4            0.
        9960.   3.693407E-4            0.
        9970.   3.835461E-4            0.
        9980.   3.977515E-4            0.
        9990.   3.622379E-4            0.
       10000.   3.551353E-4            0.
       10010.   3.693407E-4            0.
       10020.   3.551353E-4            0.
       10030.   4.119569E-4            0.
       10040.   4.048542E-4            0.
       10050.   3.622379E-4            0.
       10060.   3.906488E-4            0.
       10070.   3.267244E-4            0.
       10080.   3.267244E-4            0.
       10090.   3.480326E-4            0.
       10100.   3.622379E-4            0.
       10110.   3.622379E-4            0.
       10120.   3.409298E-4            0.
       10130.   3.906488E-4            0.
       10140.   3.196217E-4            0.
       10150.   3.267244E-4            0.
       10160.   3.906488E-4            0.
       10170.   4.261623E-4            0.
       10180.   3.622379E-4            0.
       10190.   3.906488E-4            0.
       10200.   3.977515E-4            0.
       10210.   3.622379E-4            0.
       10220.   4.048542E-4            0.
       10230.   3.693407E-4            0.
       10240.   3.693407E-4            0.
       10250.   3.977515E-4            0.
       10260.   3.764434E-4            0.
       10270.   3.622379E-4            0.
       10280.   3.693407E-4            0.
       10290.   3.622379E-4            0.
       10300.   3.409298E-4            0.
       10310.   3.409298E-4            0.
       10320.   3.409298E-4            0.
       10330.   3.480326E-4            0.
       10340.   3.338272E-4            0.
       10350.   3.551353E-4            0.
       10360.   3.906488E-4            0.
       10370.   3.551353E-4            0.
       10380.   3.764434E-4            0.
       10390.   3.267244E-4            0.
       10400.   3.693407E-4            0.
       10410.   3.196217E-4            0.
       10420.   3.551353E-4            0.
       10430.   3.622379E-4            0.
       10440.   3.551353E-4            0.
       10450.   3.551353E-4            0.
       10460.   3.338272E-4            0.
       10470.   3.977515E-4            0.
       10480.   3.693407E-4            0.
       10490.   3.338272E-4            0.
       10500.   3.125190E-4            0.
       10510.   3.977515E-4            0.
       10520.   3.764434E-4            0.
       10530.   3.480326E-4            0.
       10540.   3.267244E-4            0.
       10550.   3.338272E-4            0.
       10560.   3.835461E-4            0.
       10570.   3.267244E-4            0.
       10580.   4.119569E-4            0.
       10590.   3.906488E-4            0.
       10600.   3.906488E-4            0.
       10610.   2.983137E-4            0.
       10620.   3.409298E-4            0.
       10630.   4.048542E-4            0.
       10640.   3.835461E-4            0.
       10650.   3.551353E-4            0.
       10660.   3.196217E-4            0.
       10670.   3.551353E-4            0.
       10680.   3.622379E-4            0.
       10690.   3.480326E-4            0.
       10700.   3.267244E-4            0.
       10710.   4.048542E-4            0.
       10720.   3.409298E-4            0.
       10730.   3.764434E-4            0.
       10740.   3.835461E-4            0.
       10750.   3.480326E-4            0.
       10760.   3.196217E-4            0.
       10770.   3.196217E-4            0.
       10780.   4.048542E-4            0.
       10790.   3.693407E-4            0.
       10800.   3.409298E-4            0.
       10810.   3.906488E-4            0.
       10820.   3.977515E-4            0.
       10830.   3.622379E-4            0.
       10840.   3.622379E-4            0.
       10850.   3.267244E-4            0.
       10860.   3.409298E-4            0.
       10870.   3.693407E-4            0.
       10880.   3.409298E-4            0.
       10890.   3.693407E-4            0.
       10900.   3.622379E-4            0.
       10910.   3.267244E-4            0.
       10920.   3.338272E-4            0.
       10930.   3.551353E-4            0.
       10940.   3.267244E-4            0.
       10950.   3.764434E-4            0.
       10960.   3.835461E-4            0.
       10970.   3.480326E-4            0.
       10980.   3.622379E-4            0.
       10990.   3.622379E-4            0.
       11000.   3.906488E-4            0.
       11010.   2.983137E-4            0.
       11020.   3.196217E-4            0.
       11030.   3.409298E-4            0.
       11040.   3.835461E-4            0.
       11050.   3.835461E-4            0.
       11060.   3.693407E-4            0.
       11070.   3.338272E-4            0.
       11080.   3.409298E-4            0.
       11090.   3.551353E-4            0.
       11100.   3.622379E-4            0.
       13000.            0.            0.
