         100.            0.            0.
        1354.        0.1086            0.
        1487.        0.1263            0.
        1545.        0.1344            0.
        1648.        0.1403            0.
        1750.        0.1542            0.
        1879.        0.1521            0.
        2000.         0.142            0.
        2138.        0.1397            0.
        2296.        0.1417            0.
        2537.        0.1502            0.
        2700.        0.1347            0.
        2900.         0.136            0.
        3100.         0.116            0.
        4000.        0.1453            0.
        4200.        0.1377            0.
        4500.        0.1483            0.
        5000.         0.215            0.
        5600.        0.3276            0.
        6000.        0.3614            0.
        6500.        0.3865            0.
        7000.        0.3876            0.
        7500.        0.3492            0.
        8000.        0.2906            0.
        8500.        0.2177            0.
        9000.        0.1373            0.
        9500.        0.0666            0.
       10000.        0.0226            0.
       10500.        0.0032            0.
       11000.   6.000000E-4            0.
       13000.            0.            0.
