        1860.   5.999636E-6         1870.
        1880.   8.999455E-6         1890.
        1900.   4.999697E-6         1910.
        1920.   9.999394E-7         1930.
        1940.   9.999394E-7         1950.
        1960.   2.999818E-6         1970.
        1980.   2.999818E-6         1990.
        2000.   1.999879E-6         2010.
        2020.   1.999879E-6         2030.
        2040.   9.999394E-7         2050.
        2060.   9.999394E-7         2070.
        2080.   9.999394E-7         2090.
        2100.   9.999394E-7         2110.
        2120.   9.999394E-7         2130.
        2140.   9.999394E-7         2150.
        2160.   9.999394E-7         2170.
        2180.   9.999394E-7         2190.
        2200.   9.999394E-7         2210.
        2220.   9.999394E-7         2230.
        2240.   9.999394E-7         2250.
        2260.   9.999394E-7         2270.
        2280.   9.999394E-7         2290.
        2300.   9.999394E-7         2310.
        2320.   9.999394E-7         2330.
        2340.   9.999394E-7         2350.
        2360.   9.999394E-7         2370.
        2380.   9.999394E-7         2390.
        2400.   9.999394E-7         2410.
        2420.   9.999394E-7         2430.
        2440.   9.999394E-7         2450.
        2460.   9.999394E-7         2470.
        2480.   9.999394E-7         2490.
        2500.   9.999394E-7         2510.
        2520.   9.999394E-7         2530.
        2540.   9.999394E-7         2550.
        2560.   9.999394E-7         2570.
        2580.   9.999394E-7         2590.
        2600.   9.999394E-7         2610.
        2620.   9.999394E-7         2630.
        2640.   9.999394E-7         2650.
        2660.   9.999394E-7         2670.
        2680.   9.999394E-7         2690.
        2700.   9.999394E-7         2710.
        2720.   9.999394E-7         2730.
        2740.   9.999394E-7         2750.
        2760.   9.999394E-7         2770.
        2780.   9.999394E-7         2790.
        2800.   9.999394E-7         2810.
        2820.   9.999394E-7         2830.
        2840.   9.999394E-7         2850.
        2860.   9.999394E-7         2870.
        2880.   9.999394E-7         2890.
        2900.   9.999394E-7         2910.
        2920.   9.999394E-7         2930.
        2940.   9.999394E-7         2950.
        2960.   9.999394E-7         2970.
        2980.   9.999394E-7         2990.
        3000.   9.999394E-7         3010.
        3020.   9.999394E-7         3030.
        3040.   9.999394E-7         3050.
        3060.   9.999394E-7         3070.
        3080.   9.999394E-7         3090.
        3100.   9.999394E-7         3110.
        3120.   9.999394E-7         3130.
        3140.   9.999394E-7         3150.
        3160.   9.999394E-7         3170.
        3180.   9.999394E-7         3190.
        3200.   9.999394E-7         3210.
        3220.   9.999394E-7         3230.
        3240.   9.999394E-7         3250.
        3260.   9.999394E-7         3270.
        3280.   9.999394E-7         3290.
        3300.   9.999394E-7         3310.
        3320.   9.999394E-7         3330.
        3340.   9.999394E-7         3350.
        3360.   9.999394E-7         3370.
        3380.   9.999394E-7         3390.
        3400.   9.999394E-7         3410.
        3420.   9.999394E-7         3430.
        3440.   9.999394E-7         3450.
        3460.   9.999394E-7         3470.
        3480.   9.999394E-7         3490.
        3500.   9.999394E-7         3510.
        3520.   9.999394E-7         3530.
        3540.   9.999394E-7         3550.
        3560.   9.999394E-7         3570.
        3580.   9.999394E-7         3590.
        3600.   9.999394E-7         3610.
        3620.   9.999394E-7         3630.
        3640.   9.999394E-7         3650.
        3660.   9.999394E-7         3670.
        3680.   9.999394E-7         3690.
        3700.   9.999394E-7         3710.
        3720.   9.999394E-7         3730.
        3740.   9.999394E-7         3750.
        3760.   9.999394E-7         3770.
        3780.   9.999394E-7         3790.
        3800.   9.999394E-7         3810.
        3820.   9.999394E-7         3830.
        3840.   9.999394E-7         3850.
        3860.   9.999394E-7         3870.
        3880.   9.999394E-7         3890.
        3900.   9.999394E-7         3910.
        3920.   9.999394E-7         3930.
        3940.   9.999394E-7         3950.
        3960.   9.999394E-7         3970.
        3980.   9.999394E-7         3990.
        4000.   9.999394E-7         4010.
        4020.   9.999394E-7         4030.
        4040.   9.999394E-7         4050.
        4060.   9.999394E-7         4070.
        4080.   9.999394E-7         4090.
        4100.   9.999394E-7         4110.
        4120.   9.999394E-7         4130.
        4140.   9.999394E-7         4150.
        4160.   9.999394E-7         4170.
        4180.   9.999394E-7         4190.
        4200.   9.999394E-7         4210.
        4220.   9.999394E-7         4230.
        4240.   9.999394E-7         4250.
        4260.   9.999394E-7         4270.
        4280.   9.999394E-7         4290.
        4300.   9.999394E-7         4310.
        4320.   9.999394E-7         4330.
        4340.   9.999394E-7         4350.
        4360.   9.999394E-7         4370.
        4380.   9.999394E-7         4390.
        4400.   9.999394E-7         4410.
        4420.   9.999394E-7         4430.
        4440.   9.999394E-7         4450.
        4460.   9.999394E-7         4470.
        4480.   9.999394E-7         4490.
        4500.   9.999394E-7         4510.
        4520.   9.999394E-7         4530.
        4540.   9.999394E-7         4550.
        4560.   9.999394E-7         4570.
        4580.   9.999394E-7         4590.
        4600.   9.999394E-7         4610.
        4620.   9.999394E-7         4630.
        4640.   9.999394E-7         4650.
        4660.   9.999394E-7         4670.
        4680.   9.999394E-7         4690.
        4700.   9.999394E-7         4710.
        4720.   9.999394E-7         4730.
        4740.   9.999394E-7         4750.
        4760.   9.999394E-7         4770.
        4780.   9.999394E-7         4790.
        4800.   9.999394E-7         4810.
        4820.   9.999394E-7         4830.
        4840.   9.999394E-7         4850.
        4860.   9.999394E-7         4870.
        4880.   9.999394E-7         4890.
        4900.   9.999394E-7         4910.
        4920.   9.999394E-7         4930.
        4940.   9.999394E-7         4950.
        4960.   9.999394E-7         4970.
        4980.   9.999394E-7         4990.
        5000.   9.999394E-7         5010.
        5020.   9.999394E-7         5030.
        5040.   9.999394E-7         5050.
        5060.   9.999394E-7         5070.
        5080.   9.999394E-7         5090.
        5100.   9.999394E-7         5110.
        5120.   9.999394E-7         5130.
        5140.   9.999394E-7         5150.
        5160.   9.999394E-7         5170.
        5180.   9.999394E-7         5190.
        5200.   9.999394E-7         5210.
        5220.   9.999394E-7         5230.
        5240.   9.999394E-7         5250.
        5260.   9.999394E-7         5270.
        5280.   9.999394E-7         5290.
        5300.   9.999394E-7         5310.
        5320.   9.999394E-7         5330.
        5340.   9.999394E-7         5350.
        5360.   9.999394E-7         5370.
        5380.   9.999394E-7         5390.
        5400.   9.999394E-7         5410.
        5420.   9.999394E-7         5430.
        5440.   9.999394E-7         5450.
        5460.   9.999394E-7         5470.
        5480.   9.999394E-7         5490.
        5500.   9.999394E-7         5510.
        5520.   9.999394E-7         5530.
        5540.   9.999394E-7         5550.
        5560.   9.999394E-7         5570.
        5580.   9.999394E-7         5590.
        5600.   9.999394E-7         5610.
        5620.   9.999394E-7         5630.
        5640.   9.999394E-7         5650.
        5660.   9.999394E-7         5670.
        5680.   9.999394E-7         5690.
        5700.   9.999394E-7         5710.
        5720.   9.999394E-7         5730.
        5740.   9.999394E-7         5750.
        5760.   9.999394E-7         5770.
        5780.   9.999394E-7         5790.
        5800.   9.999394E-7         5810.
        5820.   9.999394E-7         5830.
        5840.   9.999394E-7         5850.
        5860.   9.999394E-7         5870.
        5880.   9.999394E-7         5890.
        5900.   9.999394E-7         5910.
        5920.   9.999394E-7         5930.
        5940.   9.999394E-7         5950.
        5960.   9.999394E-7         5970.
        5980.   9.999394E-7         5990.
        6000.   9.999394E-7         6010.
        6020.   9.999394E-7         6030.
        6040.   9.999394E-7         6050.
        6060.   9.999394E-7         6070.
        6080.   9.999394E-7         6090.
        6100.   9.999394E-7         6110.
        6120.   9.999394E-7         6130.
        6140.   9.999394E-7         6150.
        6160.   9.999394E-7         6170.
        6180.   9.999394E-7         6190.
        6200.   9.999394E-7         6210.
        6220.   9.999394E-7         6230.
        6240.   9.999394E-7         6250.
        6260.   9.999394E-7         6270.
        6280.   9.999394E-7         6290.
        6300.   9.999394E-7         6310.
        6320.   9.999394E-7         6330.
        6340.   9.999394E-7         6350.
        6360.   9.999394E-7         6370.
        6380.   9.999394E-7         6390.
        6400.   9.999394E-7         6410.
        6420.   9.999394E-7         6430.
        6440.   9.999394E-7         6450.
        6460.   9.999394E-7         6470.
        6480.   9.999394E-7         6490.
        6500.   9.999394E-7         6510.
        6520.   9.999394E-7         6530.
        6540.   9.999394E-7         6550.
        6560.   9.999394E-7         6570.
        6580.   9.999394E-7         6590.
        6600.   9.999394E-7         6610.
        6620.   9.999394E-7         6630.
        6640.   9.999394E-7         6650.
        6660.   9.999394E-7         6670.
        6680.   9.999394E-7         6690.
        6700.   9.999394E-7         6710.
        6720.   9.999394E-7         6730.
        6740.   9.999394E-7         6750.
        6760.   9.999394E-7         6770.
        6780.   9.999394E-7         6790.
        6800.   9.999394E-7         6810.
        6820.   9.999394E-7         6830.
        6840.   9.999394E-7         6850.
        6860.   9.999394E-7         6870.
        6880.   9.999394E-7         6890.
        6900.   9.999394E-7         6910.
        6920.   9.999394E-7         6930.
        6940.   9.999394E-7         6950.
        6960.   9.999394E-7         6970.
        6980.   9.999394E-7         6990.
        7000.   9.999394E-7         7010.
        7020.   9.999394E-7         7030.
        7040.   9.999394E-7         7050.
        7060.   9.999394E-7         7070.
        7080.   9.999394E-7         7090.
        7100.   9.999394E-7         7110.
        7120.   9.999394E-7         7130.
        7140.   9.999394E-7         7150.
        7160.   9.999394E-7         7170.
        7180.   9.999394E-7         7190.
        7200.   9.999394E-7         7210.
        7220.   9.999394E-7         7230.
        7240.   9.999394E-7         7250.
        7260.   9.999394E-7         7270.
        7280.   9.999394E-7         7290.
        7300.   9.999394E-7         7310.
        7320.   9.999394E-7         7330.
        7340.   9.999394E-7         7350.
        7360.   9.999394E-7         7370.
        7380.   9.999394E-7         7390.
        7400.   1.999879E-6         7410.
        7420.   1.999879E-6         7430.
        7440.   1.999879E-6         7450.
        7460.   1.999879E-6         7470.
        7480.   1.999879E-6         7490.
        7500.   1.999879E-6         7510.
        7520.   1.999879E-6         7530.
        7540.   1.999879E-6         7550.
        7560.   2.999818E-6         7570.
        7580.   5.999636E-6         7590.
        7600.   3.999758E-6         7610.
        7620.   1.999879E-6         7630.
        7640.   9.999394E-7         7650.
        7660.   9.999394E-7         7670.
        7680.   9.999394E-7         7690.
        7700.   9.999394E-7         7710.
        7720.   9.999394E-7         7730.
        7740.   9.999394E-7         7750.
        7760.   9.999394E-7         7770.
        7780.   9.999394E-7         7790.
        7800.   9.999394E-7         7810.
        7820.   9.999394E-7         7830.
        7840.   9.999394E-7         7850.
        7860.   9.999394E-7         7870.
        7880.   9.999394E-7         7890.
        7900.   9.999394E-7         7910.
        7920.   9.999394E-7         7930.
        7940.   9.999394E-7         7950.
        7960.   9.999394E-7         7970.
        7980.   9.999394E-7         7990.
        8000.   1.099933E-5         8010.
        8020.   6.999576E-6         8030.
        8040.   5.999636E-6         8050.
        8060.   2.999818E-5         8070.
        8080.   2.399855E-5         8090.
        8100.   1.499909E-5         8110.
        8120.   2.999818E-6         8130.
        8140.   1.099933E-5         8150.
        8160.   8.999455E-6         8170.
        8180.   9.999393E-6         8190.
        8200.   2.999818E-6         8210.
        8220.   7.999515E-6         8230.
        8240.   9.999393E-6         8250.
        8260.   2.299861E-5         8270.
        8280.   2.799830E-5         8290.
        8300.   7.999515E-6         8310.
        8320.   1.299921E-5         8330.
        8340.   9.999394E-7         8350.
        8360.   1.199927E-5         8370.
        8380.   2.999818E-6         8390.
        8400.   9.999394E-7         8410.
        8420.   9.999394E-7         8430.
        8440.   6.999576E-6         8450.
        8460.   2.999818E-6         8470.
        8480.   9.999393E-6         8490.
        8500.   2.999818E-6         8510.
        8520.   2.999818E-6         8530.
        8540.   8.999455E-6         8550.
        8560.   9.999394E-7         8570.
        8580.   4.999697E-6         8590.
        8600.   5.999636E-6         8610.
        8620.   9.999394E-7         8630.
        8640.   1.999879E-6         8650.
        8660.   2.199867E-5         8670.
        8680.            0.         8690.
        8700.   9.999394E-7         8710.
        8720.   9.999394E-7         8730.
        8740.   3.199806E-5         8750.
        8760.   3.999758E-6         8770.
        8780.   1.799891E-5         8790.
        8800.   9.999394E-7         8810.
        8820.   9.999394E-7         8830.
        8840.   2.999818E-6         8850.
        8860.   9.999394E-7         8870.
        8880.   3.999758E-6         8890.
        8900.   5.999636E-6         8910.
        8920.   3.999758E-6         8930.
        8940.   3.999758E-6         8950.
        8960.   2.999818E-6         8970.
        8980.   3.399794E-5         8990.
        9000.   6.999576E-6         9010.
        9020.   1.999879E-6         9030.
        9040.   3.999758E-6         9050.
        9060.   1.699897E-5         9070.
        9080.   3.999757E-5         9090.
        9100.   4.999697E-6         9110.
        9120.   2.699836E-5         9130.
        9140.   9.999393E-6         9150.
        9160.   2.499848E-5         9170.
        9180.   8.999455E-6         9190.
        9200.   5.999636E-6         9210.
        9220.   1.299921E-5         9230.
        9240.   1.399915E-5         9250.
        9260.   2.999818E-6         9270.
        9280.   1.799891E-5         9290.
        9300.   9.999394E-7         9310.
        9320.   3.399794E-5         9330.
        9340.   1.799891E-5         9350.
        9360.   8.999455E-6         9370.
        9380.   1.699897E-5         9390.
        9400.   2.999818E-6         9410.
        9420.   3.399794E-5         9430.
        9440.   9.999394E-7         9450.
        9460.   2.199867E-5         9470.
        9480.   7.999515E-6         9490.
        9500.   3.699776E-5         9510.
        9520.   3.999757E-5         9530.
        9540.   1.399915E-5         9550.
        9560.   3.099812E-5         9570.
        9580.   2.299861E-5         9590.
        9600.   3.899763E-5         9610.
        9620.   5.499667E-5         9630.
        9640.   2.499848E-5         9650.
        9660.   4.599721E-5         9670.
        9680.   5.999636E-5         9690.
        9700.   8.499485E-5         9710.
        9720.   8.299497E-5         9730.
        9740.   1.359918E-4         9750.
        9760.   1.449912E-4         9770.
        9780.   2.219865E-4         9790.
        9800.   3.229804E-4         9810.
        9820.   5.409672E-4         9830.
        9840.   8.499485E-4         9850.
        9860.   0.001584904         9870.
        9880.   0.003188807         9890.
        9900.   0.006889582         9920.
        9930.    0.01695697         9940.
        9950.    0.04644918         9960.
        9970.     0.1309921         9980.
        9990.     0.3328198        10000.
       10010.     0.5799049        10020.
       10030.      0.675339        10040.
       10050.     0.7004176        10060.
       10070.     0.7546243        10080.
       10090.     0.8349694        10100.
       10110.     0.9093149        10120.
       10130.     0.9482425        10140.
       10150.     0.9486725        10160.
       10170.     0.9249639        10180.
       10190.     0.9003354        10200.
       10210.     0.8833065        10220.
       10230.     0.8786667        10240.
       10250.     0.8799466        10260.
       10270.     0.8923159        10280.
       10290.     0.9049152        10300.
       10310.     0.9162945        10320.
       10330.     0.9270238        10340.
       10350.     0.9320635        10360.
       10370.     0.9349933        10380.
       10390.     0.9380231        10400.
       10410.     0.9375432        10420.
       10430.     0.9359432        10440.
       10450.     0.9346233        10460.
       10470.     0.9331434        10480.
       10490.     0.9342134        10500.
       10510.     0.9328234        10520.
       10530.     0.9291736        10540.
       10550.      0.923694        10560.
       10570.     0.9196743        10580.
       10590.     0.9158744        10600.
       10610.     0.9132646        10620.
       10630.     0.9094648        10640.
       10650.     0.9050452        10660.
       10670.     0.8996555        10680.
       10690.     0.8967856        10700.
       10710.     0.8942658        10720.
       10730.     0.8876362        10740.
       10750.     0.8691173        10760.
       10770.      0.841449        10780.
       10790.     0.8238201        10800.
       10810.     0.8339295        10820.
       10830.     0.8829165        10840.
       10850.     0.9418529        10860.
       10870.     0.8871062        10880.
       10890.     0.6016335        10900.
       10910.     0.2882725        10920.
       10930.     0.1187028        10940.
       10950.    0.04991398        10960.
       10970.    0.02221665        10980.
       10990.    0.01040337        11000.
