        1860.   7.908577E-5            0.
        1870.   1.882995E-6            0.
        1880.   2.391403E-4            0.
        1890.   2.400818E-4            0.
        1900.   9.414973E-7            0.
        1910.   2.824492E-6            0.
        1920.   7.531979E-6            0.
        1930.   9.414973E-7            0.
        1940.   1.882995E-6            0.
        1950.   9.414973E-7            0.
        1960.   8.473477E-6            0.
        1970.   1.882995E-6            0.
        1980.   1.882995E-6            0.
        1990.   3.765989E-6            0.
        2000.   3.954289E-5            0.
        2010.   2.165444E-5            0.
        2020.   2.824492E-6            0.
        2030.   9.414973E-7            0.
        2040.   9.414973E-7            0.
        2050.            0.            0.
        2060.   1.412246E-5            0.
        2070.   9.414973E-7            0.
        2080.   4.707486E-6            0.
        2090.   1.035647E-5            0.
        2100.   6.590481E-6            0.
        2110.            0.            0.
        2120.   9.414973E-7            0.
        2130.            0.            0.
        2140.   9.414973E-7            0.
        2150.   9.414973E-7            0.
        2160.   1.882995E-6            0.
        2170.   1.882995E-6            0.
        2180.   2.071294E-5            0.
        2190.   2.824492E-6            0.
        2200.   3.765989E-6            0.
        2210.   9.414973E-7            0.
        2220.   1.882995E-6            0.
        2230.   1.882995E-6            0.
        2240.   1.129797E-5            0.
        2250.   5.648984E-6            0.
        2260.            0.            0.
        2270.            0.            0.
        2280.   2.824492E-6            0.
        2290.   9.414973E-7            0.
        2300.   3.765989E-6            0.
        2310.   6.590481E-6            0.
        2320.   2.824492E-6            0.
        2330.   2.824492E-6            0.
        2340.   9.414973E-7            0.
        2350.   7.531979E-6            0.
        2360.            0.            0.
        2370.            0.            0.
        2380.            0.            0.
        2390.            0.            0.
        2400.   3.765989E-6            0.
        2410.   2.824492E-6            0.
        2420.   1.882995E-6            0.
        2430.   9.414973E-7            0.
        2440.            0.            0.
        2450.   4.707486E-6            0.
        2460.   1.882995E-6            0.
        2470.   9.414973E-7            0.
        2480.            0.            0.
        2490.   1.882995E-6            0.
        2500.   9.414973E-7            0.
        2510.   2.824492E-6            0.
        2520.   2.824492E-6            0.
        2530.            0.            0.
        2540.            0.            0.
        2550.            0.            0.
        2560.            0.            0.
        2570.   1.882995E-6            0.
        2580.            0.            0.
        2590.            0.            0.
        2600.            0.            0.
        2610.            0.            0.
        2620.            0.            0.
        2630.   9.414973E-7            0.
        2640.   9.414973E-7            0.
        2650.   2.824492E-6            0.
        2660.   1.882995E-6            0.
        2670.            0.            0.
        2680.            0.            0.
        2690.   1.882995E-6            0.
        2700.   9.414973E-7            0.
        2710.   9.414973E-7            0.
        2720.            0.            0.
        2730.   9.414973E-7            0.
        2740.   9.414973E-6            0.
        2750.   1.882995E-6            0.
        2760.            0.            0.
        2770.            0.            0.
        2780.   1.882995E-6            0.
        2790.   9.414973E-7            0.
        2800.   9.414973E-7            0.
        2810.   1.882995E-6            0.
        2820.            0.            0.
        2830.            0.            0.
        2840.   3.765989E-6            0.
        2850.   4.707486E-6            0.
        2860.   9.414973E-7            0.
        2870.   1.882995E-6            0.
        2880.   9.414973E-7            0.
        2890.   9.414973E-7            0.
        2900.   9.414973E-7            0.
        2910.            0.            0.
        2920.   9.414973E-7            0.
        2930.            0.            0.
        2940.   9.414973E-7            0.
        2950.            0.            0.
        2960.   2.824492E-6            0.
        2970.            0.            0.
        2980.            0.            0.
        2990.   4.707486E-6            0.
        3000.   4.707486E-6            0.
        3010.            0.            0.
        3020.            0.            0.
        3030.   9.414973E-7            0.
        3040.   9.414973E-7            0.
        3050.   9.414973E-7            0.
        3060.   1.882995E-6            0.
        3070.   3.765989E-6            0.
        3080.            0.            0.
        3090.            0.            0.
        3100.   9.414973E-7            0.
        3110.            0.            0.
        3120.            0.            0.
        3130.   9.414973E-7            0.
        3140.   9.414973E-7            0.
        3150.   9.414973E-7            0.
        3160.   4.707486E-6            0.
        3170.   2.824492E-6            0.
        3180.   9.414973E-7            0.
        3190.   1.882995E-6            0.
        3200.   9.414973E-7            0.
        3210.            0.            0.
        3220.   9.414973E-7            0.
        3230.            0.            0.
        3240.   9.414973E-7            0.
        3250.   1.882995E-6            0.
        3260.   2.824492E-6            0.
        3270.   5.648984E-6            0.
        3280.   1.882995E-6            0.
        3290.   1.223946E-5            0.
        3300.   1.882995E-6            0.
        3310.            0.            0.
        3320.   1.882995E-6            0.
        3330.            0.            0.
        3340.   9.414973E-7            0.
        3350.   2.824492E-6            0.
        3360.   9.414973E-7            0.
        3370.   9.414973E-7            0.
        3380.   9.414973E-7            0.
        3390.   9.414973E-7            0.
        3400.   9.414973E-7            0.
        3410.   9.414973E-7            0.
        3420.   9.414973E-7            0.
        3430.   9.414973E-7            0.
        3440.   1.882995E-6            0.
        3450.   9.414973E-7            0.
        3460.   9.414973E-7            0.
        3470.            0.            0.
        3480.   9.414973E-7            0.
        3490.   2.824492E-6            0.
        3500.            0.            0.
        3510.            0.            0.
        3520.            0.            0.
        3530.   9.414973E-7            0.
        3540.            0.            0.
        3550.   9.414973E-7            0.
        3560.   9.414973E-7            0.
        3570.            0.            0.
        3580.            0.            0.
        3590.   9.414973E-7            0.
        3600.   1.882995E-6            0.
        3610.   9.414973E-7            0.
        3620.            0.            0.
        3630.   9.414973E-7            0.
        3640.   9.414973E-7            0.
        3650.   1.882995E-6            0.
        3660.   1.882995E-6            0.
        3670.   9.414973E-7            0.
        3680.            0.            0.
        3690.            0.            0.
        3700.            0.            0.
        3710.   9.414973E-7            0.
        3720.            0.            0.
        3730.   9.414973E-7            0.
        3740.   9.414973E-7            0.
        3750.            0.            0.
        3760.            0.            0.
        3770.            0.            0.
        3780.            0.            0.
        3790.   9.414973E-7            0.
        3800.   9.414973E-7            0.
        3810.            0.            0.
        3820.            0.            0.
        3830.   9.414973E-7            0.
        3840.   9.414973E-7            0.
        3850.            0.            0.
        3860.            0.            0.
        3870.   9.414973E-7            0.
        3880.   9.414973E-7            0.
        3890.            0.            0.
        3900.            0.            0.
        3910.            0.            0.
        3920.            0.            0.
        3930.            0.            0.
        3940.            0.            0.
        3950.   1.882995E-6            0.
        3960.   1.882995E-6            0.
        3970.   9.414973E-7            0.
        3980.            0.            0.
        3990.            0.            0.
        4000.            0.            0.
        4010.   9.414973E-7            0.
        4020.   9.414973E-7            0.
        4030.            0.            0.
        4040.            0.            0.
        4050.            0.            0.
        4060.            0.            0.
        4070.            0.            0.
        4080.            0.            0.
        4090.   9.414973E-7            0.
        4100.            0.            0.
        4110.            0.            0.
        4120.            0.            0.
        4130.   9.414973E-7            0.
        4140.            0.            0.
        4150.   9.414973E-7            0.
        4160.            0.            0.
        4170.            0.            0.
        4180.   9.414973E-7            0.
        4190.   9.414973E-7            0.
        4200.   9.414973E-7            0.
        4210.   9.414973E-7            0.
        4220.            0.            0.
        4230.   9.414973E-7            0.
        4240.   1.882995E-6            0.
        4250.   2.824492E-6            0.
        4260.   2.824492E-6            0.
        4270.   7.531979E-6            0.
        4280.   1.129797E-5            0.
        4290.   1.506396E-5            0.
        4300.   1.977144E-5            0.
        4310.   2.730342E-5            0.
        4320.   3.765989E-5            0.
        4330.   5.178235E-5            0.
        4340.   6.778781E-5            0.
        4350.   9.320823E-5            0.
        4360.   1.205117E-4            0.
        4370.   1.722940E-4            0.
        4380.   2.344328E-4            0.
        4390.   3.266996E-4            0.
        4400.   4.425037E-4            0.
        4410.   6.411597E-4            0.
        4420.   8.934810E-4            0.
        4430.   0.001321862            0.
        4440.   0.001893351            0.
        4450.   0.002912993            0.
        4460.   0.004308292            0.
        4470.   0.006968021            0.
        4480.    0.01096562            0.
        4490.    0.01793176            0.
        4510.    0.02944439            0.
        4512.    0.03300231            0.
        4514.     0.0370498            0.
        4516.    0.04140046            0.
        4518.    0.04659376            0.
        4520.    0.05258074            0.
        4522.    0.05890761            0.
        4524.    0.06626635            0.
        4526.    0.07468145            0.
        4528.    0.08415385            0.
        4530.    0.09492176            0.
        4532.     0.1069164            0.
        4534.     0.1207753            0.
        4536.     0.1354815            0.
        4538.     0.1528992            0.
        4540.     0.1716632            0.
        4542.     0.1921784            0.
        4544.     0.2149721            0.
        4546.     0.2389991            0.
        4548.     0.2660954            0.
        4550.     0.2933235            0.
        4552.     0.3236114            0.
        4554.     0.3547656            0.
        4556.     0.3868142            0.
        4558.     0.4195689            0.
        4560.     0.4515986            0.
        4562.     0.4831576            0.
        4564.     0.5133514            0.
        4566.     0.5413892            0.
        4568.      0.568702            0.
        4570.     0.5923901            0.
        4572.      0.613602            0.
        4574.     0.6326674            0.
        4576.     0.6493413            0.
        4578.     0.6635014            0.
        4580.      0.674724            0.
        4582.     0.6836589            0.
        4584.     0.6936105            0.
        4586.      0.698704            0.
        4588.     0.7038634            0.
        4590.     0.7065372            0.
        4592.     0.7100773            0.
        4594.     0.7117532            0.
        4596.     0.7142575            0.
        4598.     0.7162535            0.
        4600.     0.7167054            0.
        4602.     0.7172139            0.
        4604.     0.7175339            0.
        4606.     0.7172326            0.
        4608.     0.7184755            0.
        4610.     0.7180424            0.
        4612.     0.7190968            0.
        4614.     0.7199065            0.
        4616.     0.7192851            0.
        4618.     0.7195299            0.
        4620.     0.7206786            0.
        4622.     0.7219402            0.
        4624.     0.7210928            0.
        4626.     0.7216765            0.
        4628.     0.7225239            0.
        4630.     0.7226557            0.
        4632.     0.7234654            0.
        4634.     0.7244069            0.
        4636.     0.7243692            0.
        4638.     0.7250847            0.
        4640.     0.7255743            0.
        4642.     0.7260827            0.
        4644.     0.7272502            0.
        4646.     0.7281164            0.
        4648.     0.7281164            0.
        4650.     0.7274197            0.
        4652.     0.7288696            0.
        4654.     0.7292839            0.
        4656.     0.7299052            0.
        4658.     0.7299429            0.
        4660.     0.7301311            0.
        4662.      0.729265            0.
        4664.     0.7305266            0.
        4666.     0.7299052            0.
        4668.     0.7287378            0.
        4670.     0.7303572            0.
        4672.     0.7295287            0.
        4674.     0.7292839            0.
        4676.     0.7298675            0.
        4678.      0.729265            0.
        4680.     0.7305643            0.
        4682.     0.7301688            0.
        4684.     0.7303948            0.
        4686.      0.730602            0.
        4688.     0.7318541            0.
        4690.      0.732146            0.
        4692.     0.7326167            0.
        4694.     0.7333511            0.
        4696.     0.7338971            0.
        4698.      0.734688            0.
        4700.     0.7345374            0.
        4702.     0.7360814            0.
        4704.     0.7365898            0.
        4706.     0.7362885            0.
        4708.     0.7380021            0.
        4710.     0.7382092            0.
        4712.       0.74045            0.
        4714.     0.7414292            0.
        4716.     0.7426342            0.
        4718.     0.7453646            0.
        4720.     0.7464755            0.
        4722.     0.7481891            0.
        4724.     0.7509006            0.
        4726.     0.7508065            0.
        4728.       0.75284            0.
        4730.     0.7523882            0.
        4732.     0.7523317            0.
        4734.     0.7502039            0.
        4736.     0.7475677            0.
        4738.     0.7441218            0.
        4740.     0.7384352            0.
        4742.     0.7318165            0.
        4744.     0.7231076            0.
        4746.     0.7130712            0.
        4748.       0.70086            0.
        4750.     0.6861821            0.
        4752.     0.6696118            0.
        4754.      0.650198            0.
        4756.     0.6286943            0.
        4758.     0.6048555            0.
        4760.     0.5778252            0.
        4762.     0.5496932            0.
        4764.     0.5203373            0.
        4766.     0.4889949            0.
        4768.     0.4584904            0.
        4770.     0.4276657            0.
        4772.     0.3965775            0.
        4774.     0.3663743            0.
        4776.     0.3367077            0.
        4778.     0.3089335            0.
        4780.     0.2838426            0.
        4782.     0.2598344            0.
        4784.     0.2370973            0.
        4786.     0.2161584            0.
        4788.     0.1966788            0.
        4790.     0.1784796            0.
        4792.     0.1626342            0.
        4794.      0.147994            0.
        4796.     0.1344176            0.
        4798.     0.1223476            0.
        4800.     0.1109743            0.
        4802.     0.1009473            0.
        4804.    0.09196923            0.
        4806.    0.08368687            0.
        4808.    0.07583667            0.
        4810.    0.06892325            0.
        4812.     0.0628393            0.
        4814.     0.0572468            0.
        4816.    0.05220132            0.
        4818.    0.04774239            0.
        4820.    0.04361675            0.
        4822.    0.03994585            0.
        4824.    0.03653951            0.
        4826.    0.03350883            0.
        4828.    0.03091406            0.
        4830.     0.0284464            0.
        4832.    0.02622447            0.
        4834.    0.02417294            0.
        4836.    0.02242364            0.
        4838.    0.02076661            0.
        4850.    0.01564674            0.
        4860.    0.01126972            0.
        4870.    0.00796036            0.
        4880.   0.005981333            0.
        4890.   0.004395851            0.
        4900.    0.00340822            0.
        4910.   0.002591001            0.
        4920.   0.002067528            0.
        4930.   0.001617492            0.
        4940.   0.001316213            0.
        4950.   0.001053535            0.
        4960.   8.784170E-4            0.
        4970.   7.230700E-4            0.
        4980.   6.129148E-4            0.
        4990.   5.102915E-4            0.
        5000.   4.377963E-4            0.
        5010.   3.718915E-4            0.
        5020.   3.266996E-4            0.
        5030.   2.833907E-4            0.
        5040.   2.504383E-4            0.
        5050.   2.174859E-4            0.
        5060.   1.939485E-4            0.
        5070.   1.722940E-4            0.
        5080.   1.581715E-4            0.
        5090.   1.421661E-4            0.
        5100.   1.308681E-4            0.
        5110.   1.176872E-4            0.
        5120.   1.082722E-4            0.
        5130.   9.979872E-5            0.
        5140.   9.414973E-5            0.
        5150.   8.755925E-5            0.
        5160.   8.191026E-5            0.
        5170.   7.626128E-5            0.
        5180.   7.155380E-5            0.
        5190.   6.778781E-5            0.
        5200.   6.496331E-5            0.
        5210.   6.213882E-5            0.
        5220.   5.931433E-5            0.
        5230.   5.648984E-5            0.
        5240.   5.460685E-5            0.
        5250.   5.272385E-5            0.
        5260.   5.178235E-5            0.
        5270.   5.084086E-5            0.
        5280.   4.801636E-5            0.
        5290.   4.707486E-5            0.
        5300.   4.613337E-5            0.
        5310.   4.613337E-5            0.
        5320.   4.613337E-5            0.
        5330.   4.519187E-5            0.
        5340.   4.425038E-5            0.
        5350.   4.330888E-5            0.
        5360.   4.330888E-5            0.
        5370.   4.330888E-5            0.
        5380.   4.142588E-5            0.
        5390.   3.954289E-5            0.
        5400.   3.860139E-5            0.
        5410.   3.860139E-5            0.
        5420.   3.671839E-5            0.
        5430.   3.389391E-5            0.
        5440.   3.012791E-5            0.
        5450.   2.636193E-5            0.
        5460.   2.447893E-5            0.
        5470.   2.165444E-5            0.
        5480.   2.071294E-5            0.
        5490.   1.788845E-5            0.
        5500.   1.600546E-5            0.
        5510.   1.318096E-5            0.
        5520.   1.129797E-5            0.
        5530.   9.414973E-6            0.
        5540.   8.473477E-6            0.
        5550.   7.531979E-6            0.
        5560.   6.590481E-6            0.
        5570.   5.648984E-6            0.
        5580.   5.648984E-6            0.
        5590.   4.707486E-6            0.
        5600.   3.765989E-6            0.
        5610.   3.765989E-6            0.
        5620.   2.824492E-6            0.
        5630.   2.824492E-6            0.
        5640.   2.824492E-6            0.
        5650.   2.824492E-6            0.
        5660.   2.824492E-6            0.
        5670.   1.882995E-6            0.
        5680.   1.882995E-6            0.
        5690.   1.882995E-6            0.
        5700.   1.882995E-6            0.
        5710.   1.882995E-6            0.
        5720.   1.882995E-6            0.
        5730.   1.882995E-6            0.
        5740.   1.882995E-6            0.
        5750.   1.882995E-6            0.
        5760.   1.882995E-6            0.
        5770.   1.882995E-6            0.
        5780.   1.882995E-6            0.
        5790.   1.882995E-6            0.
        5800.   1.882995E-6            0.
        5810.   1.882995E-6            0.
        5820.   1.882995E-6            0.
        5830.   1.882995E-6            0.
        5840.   1.882995E-6            0.
        5850.   1.882995E-6            0.
        5860.   1.882995E-6            0.
        5870.   1.882995E-6            0.
        5880.   1.882995E-6            0.
        5890.   1.882995E-6            0.
        5900.   1.882995E-6            0.
        5910.   2.824492E-6            0.
        5920.   2.824492E-6            0.
        5930.   2.824492E-6            0.
        5940.   2.824492E-6            0.
        5950.   2.824492E-6            0.
        5960.   2.824492E-6            0.
        5970.   2.824492E-6            0.
        5980.   2.824492E-6            0.
        5990.   2.824492E-6            0.
        6000.   2.824492E-6            0.
        6010.   1.882995E-6            0.
        6020.   1.882995E-6            0.
        6030.   1.882995E-6            0.
        6040.   1.882995E-6            0.
        6050.   1.882995E-6            0.
        6060.   1.882995E-6            0.
        6070.   1.882995E-6            0.
        6080.   1.882995E-6            0.
        6090.   9.414973E-7            0.
        6100.   9.414973E-7            0.
        6110.   9.414973E-7            0.
        6120.   9.414973E-7            0.
        6130.   9.414973E-7            0.
        6140.   9.414973E-7            0.
        6150.   9.414973E-7            0.
        6160.   9.414973E-7            0.
        6170.   9.414973E-7            0.
        6180.   9.414973E-7            0.
        6190.   9.414973E-7            0.
        6200.   9.414973E-7            0.
        6210.   9.414973E-7            0.
        6220.   9.414973E-7            0.
        6230.   9.414973E-7            0.
        6240.   9.414973E-7            0.
        6250.   9.414973E-7            0.
        6260.   9.414973E-7            0.
        6270.   9.414973E-7            0.
        6280.            0.            0.
        6290.            0.            0.
        6300.            0.            0.
        6310.            0.            0.
        6320.            0.            0.
        6330.            0.            0.
        6340.            0.            0.
        6350.            0.            0.
        6360.            0.            0.
        6370.            0.            0.
        6380.            0.            0.
        6390.            0.            0.
        6400.            0.            0.
        6410.            0.            0.
        6420.            0.            0.
        6430.            0.            0.
        6440.            0.            0.
        6450.            0.            0.
        6460.            0.            0.
        6470.            0.            0.
        6480.            0.            0.
        6490.            0.            0.
        6500.            0.            0.
        6510.            0.            0.
        6520.            0.            0.
        6530.            0.            0.
        6540.            0.            0.
        6550.            0.            0.
        6560.            0.            0.
        6570.            0.            0.
        6580.            0.            0.
        6590.            0.            0.
        6600.            0.            0.
        6610.            0.            0.
        6620.            0.            0.
        6630.            0.            0.
        6640.            0.            0.
        6650.            0.            0.
        6660.            0.            0.
        6670.            0.            0.
        6680.            0.            0.
        6690.            0.            0.
        6700.            0.            0.
        6710.            0.            0.
        6720.            0.            0.
        6730.            0.            0.
        6740.            0.            0.
        6750.            0.            0.
        6760.            0.            0.
        6770.            0.            0.
        6780.            0.            0.
        6790.            0.            0.
        6800.            0.            0.
        6810.            0.            0.
        6820.            0.            0.
        6830.            0.            0.
        6840.            0.            0.
        6850.            0.            0.
        6860.            0.            0.
        6870.            0.            0.
        6880.            0.            0.
        6890.            0.            0.
        6900.            0.            0.
        6910.            0.            0.
        6920.            0.            0.
        6930.            0.            0.
        6940.            0.            0.
        6950.            0.            0.
        6960.            0.            0.
        6970.            0.            0.
        6980.            0.            0.
        6990.            0.            0.
        7000.            0.            0.
        7010.            0.            0.
        7020.            0.            0.
        7030.            0.            0.
        7040.            0.            0.
        7050.            0.            0.
        7060.            0.            0.
        7070.            0.            0.
        7080.            0.            0.
        7090.            0.            0.
        7100.            0.            0.
        7110.            0.            0.
        7120.            0.            0.
        7130.            0.            0.
        7140.            0.            0.
        7150.            0.            0.
        7160.            0.            0.
        7170.            0.            0.
        7180.            0.            0.
        7190.            0.            0.
        7200.            0.            0.
        7210.            0.            0.
        7220.            0.            0.
        7230.            0.            0.
        7240.            0.            0.
        7250.            0.            0.
        7260.            0.            0.
        7270.            0.            0.
        7280.            0.            0.
        7290.            0.            0.
        7300.            0.            0.
        7310.            0.            0.
        7320.            0.            0.
        7330.            0.            0.
        7340.            0.            0.
        7350.            0.            0.
        7360.            0.            0.
        7370.            0.            0.
        7380.            0.            0.
        7390.            0.            0.
        7400.            0.            0.
        7410.            0.            0.
        7420.            0.            0.
        7430.            0.            0.
        7440.            0.            0.
        7450.            0.            0.
        7460.            0.            0.
        7470.            0.            0.
        7480.            0.            0.
        7490.            0.            0.
        7500.            0.            0.
        7510.            0.            0.
        7520.            0.            0.
        7530.            0.            0.
        7540.            0.            0.
        7550.            0.            0.
        7560.            0.            0.
        7570.            0.            0.
        7580.            0.            0.
        7590.            0.            0.
        7600.            0.            0.
        7610.            0.            0.
        7620.            0.            0.
        7630.            0.            0.
        7640.            0.            0.
        7650.            0.            0.
        7660.            0.            0.
        7670.            0.            0.
        7680.            0.            0.
        7690.            0.            0.
        7700.            0.            0.
        7710.            0.            0.
        7720.            0.            0.
        7730.            0.            0.
        7740.            0.            0.
        7750.            0.            0.
        7760.            0.            0.
        7770.            0.            0.
        7780.            0.            0.
        7790.            0.            0.
        7800.            0.            0.
        7810.            0.            0.
        7820.            0.            0.
        7830.            0.            0.
        7840.            0.            0.
        7850.            0.            0.
        7860.            0.            0.
        7870.            0.            0.
        7880.            0.            0.
        7890.            0.            0.
        7900.            0.            0.
        7910.            0.            0.
        7920.            0.            0.
        7930.            0.            0.
        7940.            0.            0.
        7950.            0.            0.
        7960.            0.            0.
        7970.            0.            0.
        7980.            0.            0.
        7990.            0.            0.
        8000.   2.824492E-6            0.
        8010.   1.882995E-6            0.
        8020.   9.414973E-7            0.
        8030.   7.531979E-6            0.
        8040.   1.129797E-5            0.
        8050.   1.882995E-6            0.
        8060.   9.414973E-7            0.
        8070.   3.765989E-6            0.
        8080.   2.824492E-6            0.
        8090.   5.648984E-6            0.
        8100.   7.531979E-6            0.
        8110.   2.824492E-6            0.
        8120.   1.223946E-5            0.
        8130.   8.473477E-6            0.
        8140.   1.882995E-6            0.
        8150.   9.414973E-7            0.
        8160.   1.882995E-6            0.
        8170.   4.707486E-6            0.
        8180.   6.590481E-6            0.
        8190.   9.414973E-7            0.
        8200.   9.414973E-7            0.
        8210.   1.035647E-5            0.
        8220.   2.824492E-6            0.
        8230.   8.473477E-6            0.
        8240.   1.318096E-5            0.
        8250.   3.765989E-6            0.
        8260.   9.414973E-7            0.
        8270.   3.765989E-6            0.
        8280.   2.824492E-6            0.
        8290.   7.531979E-6            0.
        8300.   2.824492E-6            0.
        8310.   1.412246E-5            0.
        8320.   1.694695E-5            0.
        8330.   1.882995E-5            0.
        8340.   2.824492E-6            0.
        8350.   1.882995E-6            0.
        8360.   1.223946E-5            0.
        8370.   9.414973E-7            0.
        8380.   2.824492E-6            0.
        8390.   2.824492E-6            0.
        8400.   3.765989E-6            0.
        8410.   9.414973E-7            0.
        8420.   2.824492E-6            0.
        8430.   1.882995E-6            0.
        8440.   5.648984E-6            0.
        8450.            0.            0.
        8460.   3.765989E-6            0.
        8470.   3.765989E-6            0.
        8480.   9.414973E-7            0.
        8490.   2.824492E-6            0.
        8500.   6.590481E-6            0.
        8510.   1.882995E-6            0.
        8520.   5.648984E-6            0.
        8530.   5.648984E-6            0.
        8540.   2.824492E-6            0.
        8550.            0.            0.
        8560.   1.412246E-5            0.
        8570.   4.707486E-6            0.
        8580.   9.414973E-7            0.
        8590.   1.882995E-6            0.
        8600.   9.414973E-7            0.
        8610.   1.882995E-6            0.
        8620.   1.506396E-5            0.
        8630.   1.223946E-5            0.
        8640.   1.882995E-6            0.
        8650.   8.473477E-6            0.
        8660.   8.473477E-6            0.
        8670.   2.824492E-6            0.
        8680.   5.648984E-6            0.
        8690.   9.414973E-7            0.
        8700.   2.824492E-6            0.
        8710.   6.590481E-6            0.
        8720.   2.824492E-6            0.
        8730.   1.506396E-5            0.
        8740.   6.590481E-6            0.
        8750.   1.882995E-6            0.
        8760.   6.590481E-6            0.
        8770.   9.414973E-7            0.
        8780.   1.129797E-5            0.
        8790.   6.590481E-6            0.
        8800.   2.824492E-6            0.
        8810.   9.414973E-7            0.
        8820.   9.414973E-6            0.
        8830.   2.824492E-6            0.
        8840.   9.414973E-6            0.
        8850.   8.473477E-6            0.
        8860.   6.590481E-6            0.
        8870.   3.765989E-6            0.
        8880.   1.882995E-6            0.
        8890.   1.035647E-5            0.
        8900.   1.882995E-6            0.
        8910.   3.765989E-6            0.
        8920.   1.223946E-5            0.
        8930.   6.590481E-6            0.
        8940.   9.414973E-7            0.
        8950.   1.882995E-6            0.
        8960.   3.765989E-6            0.
        8970.   5.648984E-6            0.
        8980.   1.882995E-6            0.
        8990.   7.531979E-6            0.
        9000.   1.129797E-5            0.
        9010.   1.412246E-5            0.
        9020.   7.531979E-6            0.
        9030.   8.473477E-6            0.
        9040.   1.412246E-5            0.
        9050.   8.473477E-6            0.
        9060.   2.824492E-6            0.
        9070.   1.882995E-6            0.
        9080.   9.414973E-6            0.
        9090.   3.765989E-6            0.
        9100.   5.648984E-6            0.
        9110.   2.824492E-6            0.
        9120.   6.590481E-6            0.
        9130.   1.882995E-6            0.
        9140.   9.414973E-7            0.
        9150.   9.414973E-7            0.
        9160.   1.129797E-5            0.
        9170.   1.882995E-6            0.
        9180.   4.707486E-6            0.
        9190.   1.318096E-5            0.
        9200.   8.473477E-6            0.
        9210.   1.129797E-5            0.
        9220.   7.531979E-6            0.
        9230.   9.414973E-6            0.
        9240.   1.882995E-6            0.
        9250.   9.414973E-7            0.
        9260.   9.414973E-7            0.
        9270.            0.            0.
        9280.   9.414973E-6            0.
        9290.   2.824492E-6            0.
        9300.   5.648984E-6            0.
        9310.   9.414973E-7            0.
        9320.   9.414973E-7            0.
        9330.   2.824492E-6            0.
        9340.   3.765989E-6            0.
        9350.   6.590481E-6            0.
        9360.   1.882995E-6            0.
        9370.   3.765989E-6            0.
        9380.   7.531979E-6            0.
        9390.   1.882995E-6            0.
        9400.   1.318096E-5            0.
        9410.   3.765989E-6            0.
        9420.   5.648984E-6            0.
        9430.   5.648984E-6            0.
        9440.   1.694695E-5            0.
        9450.   1.600546E-5            0.
        9460.   7.531979E-6            0.
        9470.   1.882995E-6            0.
        9480.   5.648984E-6            0.
        9490.   1.882995E-6            0.
        9500.   4.707486E-6            0.
        9510.            0.            0.
        9520.   9.414973E-7            0.
        9530.   6.590481E-6            0.
        9540.   2.824492E-6            0.
        9550.   1.882995E-6            0.
        9560.   9.414973E-7            0.
        9570.   4.707486E-6            0.
        9580.   1.882995E-6            0.
        9590.   3.765989E-6            0.
        9600.   2.824492E-6            0.
        9610.   9.414973E-7            0.
        9620.   1.882995E-5            0.
        9630.   8.473477E-6            0.
        9640.            0.            0.
        9650.   1.882995E-6            0.
        9660.   3.765989E-6            0.
        9670.   6.590481E-6            0.
        9680.   9.414973E-7            0.
        9690.   1.882995E-6            0.
        9700.   9.414973E-7            0.
        9710.   3.765989E-6            0.
        9720.   1.882995E-6            0.
        9730.   9.414973E-7            0.
        9740.   1.882995E-6            0.
        9750.   6.590481E-6            0.
        9760.   2.824492E-6            0.
        9770.   5.648984E-6            0.
        9780.   1.882995E-5            0.
        9790.   4.707486E-6            0.
        9800.   9.414973E-7            0.
        9810.            0.            0.
        9820.   4.707486E-6            0.
        9830.   4.707486E-6            0.
        9840.   2.824492E-6            0.
        9850.            0.            0.
        9860.   9.414973E-7            0.
        9870.   1.223946E-5            0.
        9880.   3.765989E-6            0.
        9890.   3.765989E-6            0.
        9900.   1.129797E-5            0.
        9910.   9.414973E-7            0.
        9920.   1.223946E-5            0.
        9930.   9.414973E-7            0.
        9940.   1.882995E-6            0.
        9950.   1.506396E-5            0.
        9960.   3.765989E-6            0.
        9970.   3.765989E-6            0.
        9980.   1.882995E-6            0.
        9990.   1.882995E-6            0.
       10000.   9.414973E-7            0.
       10010.   9.414973E-7            0.
       10020.   4.707486E-6            0.
       10030.   2.824492E-6            0.
       10040.   5.648984E-6            0.
       10050.   9.414973E-7            0.
       10060.            0.            0.
       10070.            0.            0.
       10080.   1.035647E-5            0.
       10090.   3.765989E-6            0.
       10100.   1.506396E-5            0.
       10110.   4.707486E-6            0.
       10120.   5.648984E-6            0.
       10130.            0.            0.
       10140.   1.882995E-6            0.
       10150.   9.414973E-7            0.
       10160.   9.414973E-7            0.
       10170.   9.414973E-7            0.
       10180.   9.414973E-7            0.
       10190.   9.414973E-7            0.
       10200.   3.765989E-6            0.
       10210.   8.473477E-6            0.
       10220.   9.414973E-7            0.
       10230.   2.824492E-6            0.
       10240.   3.765989E-6            0.
       10250.   9.414973E-7            0.
       10260.   2.824492E-6            0.
       10270.   1.223946E-5            0.
       10280.   4.707486E-6            0.
       10290.   4.707486E-6            0.
       10300.   2.824492E-6            0.
       10310.   3.765989E-6            0.
       10320.   3.765989E-6            0.
       10330.   1.506396E-5            0.
       10340.   7.531979E-6            0.
       10350.   3.765989E-6            0.
       10360.   8.473477E-6            0.
       10370.   9.414973E-7            0.
       10380.   1.882995E-6            0.
       10390.   1.882995E-6            0.
       10400.   6.590481E-6            0.
       10410.   2.824492E-6            0.
       10420.   4.707486E-6            0.
       10430.   8.473477E-6            0.
       10440.   2.824492E-6            0.
       10450.   9.414973E-7            0.
       10460.   3.765989E-6            0.
       10470.   1.882995E-6            0.
       10480.   7.531979E-6            0.
       10490.   3.765989E-6            0.
       10500.   9.414973E-6            0.
       10510.   1.882995E-6            0.
       10520.   1.882995E-6            0.
       10530.   6.590481E-6            0.
       10540.   1.882995E-6            0.
       10550.   5.648984E-6            0.
       10560.   1.882995E-6            0.
       10570.   3.765989E-6            0.
       10580.   1.882995E-6            0.
       10590.   3.765989E-6            0.
       10600.   8.473477E-6            0.
       10610.   9.414973E-7            0.
       10620.   4.707486E-6            0.
       10630.   1.882995E-6            0.
       10640.   9.414973E-7            0.
       10650.            0.            0.
       10660.   3.765989E-6            0.
       10670.   9.414973E-7            0.
       10680.   3.765989E-6            0.
       10690.   9.414973E-7            0.
       10700.   6.590481E-6            0.
       10710.   7.531979E-6            0.
       10720.   8.473477E-6            0.
       10730.   1.223946E-5            0.
       10740.   1.129797E-5            0.
       10750.   1.882995E-6            0.
       10760.   9.414973E-7            0.
       10770.   3.765989E-6            0.
       10780.   1.882995E-6            0.
       10790.   1.412246E-5            0.
       10800.   9.414973E-7            0.
       10810.   8.473477E-6            0.
       10820.   2.824492E-6            0.
       10830.   1.882995E-6            0.
       10840.   5.648984E-6            0.
       10850.   9.414973E-6            0.
       10860.   2.824492E-6            0.
       10870.   6.590481E-6            0.
       10880.   6.590481E-6            0.
       10890.   9.414973E-7            0.
       10900.   4.707486E-6            0.
       10910.   0.007663788            0.
       10920.    0.01967541            0.
       10930.    0.01967541            0.
       10940.    0.01967541            0.
       10950.    0.01967541            0.
       10960.    0.01967541            0.
       10970.    0.01967541            0.
       10980.    0.01967541            0.
       10990.    0.01967541            0.
       11000.    0.01967541            0.
