        1216.    0.08747286
        1354.     0.1062483
        1487.     0.1220426
        1545.     0.1375474
        1648.     0.1444105
        1750.      0.158072
        1879.     0.1572861
        2000.     0.1487161
        2138.     0.1471016
        2296.     0.1488755
        2537.     0.1575184
        2700.     0.1426118
        2900.     0.1424669
        3100.     0.1224656
        4000.     0.1658276
        4200.     0.1595755
        4500.     0.1676194
        5000.     0.2484739
        5600.     0.3663743
        6000.     0.4143662
        6500.     0.4321744
        7000.     0.4343454
        7500.     0.4008944
        8000.     0.3380895
        8500.     0.2510109
        9000.     0.1617013
        9500.    0.07928888
       10000.    0.02801062
       10500.   0.004423109
       11000.   9.520155E-4
