         500.         INDEF
         510.      95.03281
         520.      45.93287
         530.      29.58411
         540.      21.42314
         550.       16.5373
         560.      13.28901
         570.      10.97648
         580.      9.248779
         590.      7.910982
         600.      6.846111
         610.      5.979732
         620.      5.262221
         630.      4.659221
         640.      4.146201
         650.      3.705161
         660.      3.322606
         670.      2.988211
         680.      2.693955
         690.      2.433498
         700.       2.20177
         710.      1.994666
         720.       1.80883
         730.      1.641487
         740.      1.490325
         750.      1.353403
         760.      1.229077
         770.      1.115949
         780.      1.012817
         790.      0.918649
         800.     0.8325476
         810.     0.7537323
         820.     0.6815201
         830.     0.6153107
         840.     0.5545744
         850.     0.4988421
         860.     0.4476968
         870.     0.4007666
         880.     0.3577187
         890.     0.3182545
         900.     0.2821052
         910.     0.2490282
         920.     0.2188041
         930.     0.1912339
         940.     0.1661365
         950.     0.1433472
         960.     0.1227155
         970.     0.1041035
         980.    0.08738514
         990.    0.07244437
        1000.    0.05917461
        1010.    0.03338868
        1020.    0.02332678
        1030.    0.01786333
        1040.     0.0142857
        1050.    0.01227443
        1060.   0.009468612
        1070.   0.006068893
        1080.   0.003085018
        1090.   9.677014E-4
        1100.  -7.416419E-9
        1110.  -6.076707E-6
        1120.   8.583848E-4
        1130.   0.004553135
        1140.    0.01352026
        1150.    0.02875686
        1160.    0.04843982
        1170.    0.07081854
        1180.    0.09169517
        1190.      0.105938
        1200.     0.1213255
        1210.     0.1339439
        1220.     0.1429003
        1230.     0.1488921
        1240.     0.1528752
        1250.     0.1555551
        1260.     0.1574197
        1270.      0.158636
        1280.     0.1592646
        1290.     0.1593819
        1300.     0.1590876
        1310.      0.158497
        1320.      0.157607
        1330.     0.1564696
        1340.      0.155132
        1350.     0.1536718
        1360.     0.1521255
        1370.     0.1505325
        1380.     0.1489422
        1390.     0.1473909
        1400.     0.1459284
        1410.     0.1445828
        1420.     0.1433133
        1430.     0.1420597
        1440.     0.1407823
        1450.     0.1394246
        1460.     0.1379296
        1470.     0.1362618
        1480.     0.1343639
        1490.     0.1321995
        1500.     0.1297304
        1510.     0.1263189
        1520.     0.1226791
        1530.     0.1189139
        1540.     0.1151006
        1550.     0.1113272
        1560.     0.1076622
        1570.     0.1041814
        1580.     0.1009361
        1590.    0.09799603
        1600.    0.09540488
        1610.    0.09320418
        1620.    0.09139878
        1630.    0.08998095
        1640.     0.0889417
        1650.    0.08828437
        1660.    0.08800585
        1670.    0.08806241
        1680.    0.08841253
        1690.    0.08901788
        1700.    0.08983722
        1710.    0.09083626
        1720.    0.09199068
        1730.    0.09326705
        1740.    0.09464911
        1750.    0.09611315
        1760.    0.09763049
        1770.     0.0992001
        1780.     0.1008223
        1790.     0.1024901
        1800.     0.1042078
        1810.     0.1059652
        1820.     0.1077699
        1830.     0.1096188
        1840.     0.1115136
        1850.     0.1134514
        1860.     0.1154343
        1870.     0.1174642
        1880.      0.119538
        1890.     0.1216574
        1900.     0.1238195
        1910.     0.1260309
        1920.     0.1282876
        1930.     0.1305824
        1940.     0.1329204
        1950.     0.1352904
        1960.     0.1377026
        1970.     0.1401395
        1980.     0.1426118
        1990.     0.1451079
        2000.     0.1476262
        2010.     0.1501659
        2020.     0.1527245
        2030.     0.1552812
        2040.     0.1578392
        2050.     0.1603877
        2060.     0.1629184
        2070.     0.1654148
        2080.     0.1678796
        2090.     0.1702964
        2100.      0.172655
        2110.     0.1749505
        2120.     0.1771686
        2130.     0.1792871
        2140.     0.1813037
        2150.     0.1831905
        2160.     0.1849383
        2170.     0.1865378
        2180.     0.1879604
        2190.     0.1892037
        2200.     0.1902453
        2210.     0.1967375
        2220.     0.2031455
        2230.     0.2094659
        2240.     0.2156957
        2250.     0.2218399
        2260.     0.2278883
        2270.     0.2338613
        2280.     0.2397564
        2290.     0.2456088
        2300.     0.2514178
        2310.     0.2572136
        2320.     0.2629763
        2330.     0.2687066
        2340.     0.2743948
        2350.     0.2800402
        2360.     0.2856241
        2370.     0.2911389
        2380.     0.2965758
        2390.     0.3019338
        2400.     0.3071924
        2410.     0.3123443
        2420.     0.3174048
        2430.     0.3223712
        2440.     0.3272538
        2450.     0.3320714
        2460.     0.3368253
        2470.     0.3415267
        2480.     0.3461878
        2490.      0.350821
        2500.     0.3554516
        2510.     0.3600731
        2520.      0.364714
        2530.     0.3693591
        2540.     0.3740418
        2550.     0.3787471
        2560.     0.3834996
        2570.     0.3882954
        2580.     0.3931582
        2590.     0.3980972
        2600.     0.4031119
        2610.      0.408212
        2620.       0.41341
        2630.     0.4186896
        2640.     0.4240609
        2650.     0.4294928
        2660.     0.4350086
        2670.     0.4405923
        2680.     0.4462234
        2690.     0.4519249
        2700.     0.4576646
        2710.      0.463465
        2720.     0.4692924
        2730.     0.4751577
        2740.     0.4810363
        2750.     0.4869374
        2760.     0.4882213
        2770.     0.4894772
        2780.     0.4907179
        2790.     0.4919196
        2800.     0.4930744
        2810.     0.4941942
        2820.     0.4952642
        2830.     0.4962876
        2840.     0.4972813
        2850.     0.4982183
        2860.     0.4991324
        2870.     0.5000127
        2880.     0.5008463
        2890.     0.5016675
        2900.      0.502445
        2910.     0.5032139
        2920.     0.5039455
        2930.     0.5046598
        2940.     0.5053431
        2950.     0.5060316
        2960.     0.5066778
        2970.     0.5073324
        2980.     0.5079699
        2990.     0.5085899
        3000.     0.5092106
        3010.      0.509818
        3020.       0.51043
        3030.     0.5110313
        3040.     0.5116225
        3050.     0.5122176
        3060.     0.5128005
        3070.     0.5133852
        3080.     0.5139745
        3090.     0.5145513
        3100.     0.5151328
        3110.     0.5157027
        3120.     0.5162753
        3130.     0.5168508
        3140.     0.5174139
        3150.     0.5179954
        3160.     0.5185635
        3170.     0.5191371
        3180.      0.519697
        3190.     0.5202773
        3200.     0.5208458
        3210.     0.5214156
        3220.     0.5220055
        3230.     0.5225802
        3240.     0.5231589
        3250.     0.5237569
        3260.     0.5243407
        3270.     0.5249282
        3280.     0.5255355
        3290.     0.5261291
        3300.     0.5267414
        3310.     0.5273558
        3320.     0.5279725
        3330.     0.5285923
        3340.     0.5292327
        3350.      0.529877
        3360.     0.5305251
        3370.     0.5311758
        3380.     0.5318444
        3390.     0.5325155
        3400.     0.5332063
        3410.     0.5339023
        3420.      0.534602
        3430.     0.5353202
        3440.      0.536056
        3450.      0.536795
        3460.     0.5375552
        3470.     0.5383192
        3480.     0.5391037
        3490.     0.5399086
        3500.     0.5407169
        3510.     0.5415454
        3520.     0.5423957
        3530.     0.5432483
        3540.     0.5441386
        3550.     0.5450147
        3560.     0.5459114
        3570.     0.5468288
        3580.     0.5477481
        3590.     0.5486876
        3600.     0.5496291
        3610.     0.5505906
        3620.     0.5515395
        3630.     0.5525267
        3640.     0.5535008
        3650.     0.5544767
        3660.      0.555474
        3670.     0.5564724
        3680.     0.5574748
        3690.     0.5584784
        3700.      0.559487
        3710.     0.5604969
        3720.     0.5615108
        3730.     0.5625268
        3740.     0.5635433
        3750.     0.5645647
        3760.     0.5655873
        3770.     0.5665948
        3780.     0.5676219
        3790.     0.5686328
        3800.     0.5696294
        3810.     0.5706456
        3820.     0.5716472
        3830.     0.5726327
        3840.     0.5736237
        3850.     0.5746151
        3860.     0.5755921
        3870.     0.5765532
        3880.     0.5775146
        3890.     0.5784606
        3900.     0.5794075
        3910.     0.5803396
        3920.     0.5812576
        3930.     0.5821579
        3940.     0.5830584
        3950.     0.5839252
        3960.     0.5847937
        3970.     0.5856274
        3980.     0.5864637
        3990.     0.5872821
        4000.     0.5880674
        4010.     0.5887477
        4020.     0.5894116
        4030.      0.590058
        4040.     0.5906869
        4050.     0.5912974
        4060.     0.5918914
        4070.     0.5924694
        4080.     0.5930287
        4090.     0.5935706
        4100.     0.5941129
        4110.     0.5946192
        4120.     0.5951285
        4130.     0.5956032
        4140.     0.5960778
        4150.      0.596552
        4160.      0.596989
        4170.     0.5974264
        4180.     0.5978457
        4190.     0.5982673
        4200.     0.5986716
        4210.      0.599058
        4220.     0.5994456
        4230.     0.5998132
        4240.     0.6001819
        4250.     0.6005335
        4260.     0.6008852
        4270.     0.6012178
        4280.     0.6015517
        4290.     0.6018672
        4300.     0.6021838
        4310.     0.6024831
        4320.     0.6027825
        4330.     0.6030793
        4340.      0.603375
        4350.     0.6036518
        4360.     0.6039121
        4370.     0.6041927
        4380.     0.6044559
        4390.     0.6047183
        4400.     0.6049615
        4410.     0.6052212
        4420.     0.6054605
        4430.     0.6057019
        4440.      0.605925
        4450.     0.6061673
        4460.     0.6063905
        4470.     0.6066145
        4480.     0.6068367
        4490.     0.6070561
        4500.     0.6072745
        4510.     0.6074921
        4520.     0.6076941
        4530.     0.6079126
        4540.     0.6081127
        4550.     0.6083109
        4560.     0.6085268
        4570.      0.608725
        4580.     0.6089232
        4590.     0.6091197
        4600.     0.6093141
        4610.     0.6095085
        4620.     0.6097031
        4630.     0.6098809
        4640.     0.6100754
        4650.      0.610269
        4660.     0.6104597
        4670.      0.610631
        4680.     0.6108207
        4690.     0.6110095
        4700.     0.6111807
        4710.     0.6113704
        4720.     0.6115416
        4730.     0.6117275
        4740.     0.6118951
        4750.      0.612079
        4760.     0.6122444
        4770.     0.6124274
        4780.     0.6126105
        4790.     0.6127741
        4800.     0.6129562
        4810.     0.6131374
        4820.      0.613299
        4830.     0.6134763
        4840.     0.6136516
        4850.      0.613827
        4860.     0.6139838
        4870.      0.614161
        4880.     0.6143354
        4890.      0.614507
        4900.     0.6146765
        4910.     0.6148638
        4920.     0.6150342
        4930.     0.6152019
        4940.     0.6153657
        4950.     0.6155471
        4960.     0.6157275
        4970.     0.6158904
        4980.     0.6160719
        4990.     0.6162504
        5000.      0.616426
        5010.     0.6166008
        5020.     0.6167735
        5030.     0.6169631
        5040.      0.617134
        5050.     0.6173215
        5060.     0.6174904
        5070.      0.617677
        5080.     0.6178617
        5090.     0.6180258
        5100.     0.6182076
        5110.     0.6183874
        5120.     0.6185693
        5130.     0.6187519
        5140.      0.618916
        5150.     0.6190949
        5160.     0.6192728
        5170.     0.6194497
        5180.     0.6196295
        5190.     0.6197907
        5200.     0.6199685
        5210.     0.6201286
        5220.     0.6203074
        5230.     0.6204703
        5240.     0.6206342
        5250.     0.6207971
        5260.     0.6209788
        5270.     0.6211209
        5280.     0.6212828
        5290.     0.6214465
        5300.     0.6215915
        5310.     0.6217384
        5320.     0.6219053
        5330.     0.6220332
        5340.      0.622181
        5350.     0.6223298
        5360.     0.6224637
        5370.     0.6226013
        5380.      0.622722
        5390.     0.6228596
        5400.     0.6229773
        5410.      0.623098
        5420.     0.6232213
        5430.      0.623328
        5440.     0.6234363
        5450.     0.6235456
        5460.      0.623639
        5470.     0.6237372
        5480.     0.6238183
        5490.     0.6239014
        5500.     0.6239873
        5510.     0.6238182
        5520.      0.623651
        5530.     0.6234859
        5540.     0.6233048
        5550.     0.6231098
        5560.     0.6229353
        5570.     0.6227442
        5580.     0.6225552
        5590.     0.6223481
        5600.     0.6221411
        5610.     0.6219351
        5620.     0.6217312
        5630.     0.6215134
        5640.     0.6212946
        5650.     0.6210748
        5660.     0.6208542
        5670.     0.6206346
        5680.      0.620399
        5690.     0.6201665
        5700.      0.619933
        5710.     0.6196977
        5720.     0.6194614
        5730.     0.6192254
        5740.     0.6189912
        5750.     0.6187363
        5760.     0.6184984
        5770.     0.6182595
        5780.     0.6180012
        5790.     0.6177614
        5800.     0.6175029
        5810.     0.6172605
        5820.     0.6169975
        5830.     0.6167523
        5840.     0.6164893
        5850.     0.6162454
        5860.     0.6159768
        5870.     0.6157259
        5880.     0.6154715
        5890.     0.6152161
        5900.     0.6149598
        5910.     0.6147006
        5920.     0.6144554
        5930.     0.6141878
        5940.     0.6139359
        5950.     0.6136804
        5960.     0.6134221
        5970.     0.6131787
        5980.     0.6129137
        5990.     0.6126646
        6000.     0.6124107
        6010.      0.612153
        6020.     0.6119073
        6030.     0.6116589
        6040.     0.6114067
        6050.     0.6111515
        6060.     0.6109123
        6070.     0.6106517
        6080.     0.6104057
        6090.     0.6101571
        6100.     0.6099066
        6110.     0.6096551
        6120.     0.6094009
        6130.     0.6091439
        6140.     0.6088859
        6150.     0.6086448
        6160.     0.6083841
        6170.     0.6081236
        6180.     0.6078611
        6190.     0.6075977
        6200.     0.6073353
        6210.     0.6070731
        6220.     0.6067914
        6230.     0.6065274
        6240.     0.6062421
        6250.     0.6059782
        6260.     0.6056979
        6270.     0.6054018
        6280.     0.6051236
        6290.     0.6048287
        6300.      0.604534
        6310.     0.6042402
        6320.      0.603932
        6330.     0.6036247
        6340.     0.6033185
        6350.      0.602995
        6360.     0.6026754
        6370.     0.6023402
        6380.      0.602009
        6390.     0.6016809
        6400.     0.6013373
        6410.      0.600978
        6420.     0.6006238
        6430.     0.6002543
        6440.     0.5998876
        6450.     0.5995066
        6460.     0.5991304
        6470.     0.5987233
        6480.     0.5983212
        6490.     0.5979249
        6500.     0.5974979
        6510.     0.5960182
        6520.     0.5945289
        6530.     0.5930289
        6540.     0.5915161
        6550.     0.5900086
        6560.     0.5884875
        6570.     0.5869728
        6580.     0.5854294
        6590.     0.5839103
        6600.     0.5823808
        6610.     0.5808398
        6620.     0.5792854
        6630.     0.5777518
        6640.     0.5761854
        6650.     0.5746432
        6660.     0.5730722
        6670.     0.5715254
        6680.     0.5699657
        6690.     0.5684097
        6700.     0.5668392
        6710.     0.5652725
        6720.     0.5637088
        6730.     0.5621506
        6740.     0.5605792
        6750.     0.5590124
        6760.     0.5574495
        6770.     0.5558724
        6780.     0.5543162
        6790.      0.552747
        6800.     0.5511824
        6810.     0.5496192
        6820.     0.5480578
        6830.     0.5464998
        6840.     0.5449437
        6850.     0.5433897
        6860.     0.5418379
        6870.     0.5402741
        6880.     0.5387309
        6890.     0.5371915
        6900.     0.5356533
        6910.     0.5340997
        6920.     0.5325623
        6930.     0.5310252
        6940.     0.5295079
        6950.     0.5279784
        6960.     0.5264511
        6970.     0.5249403
        6980.     0.5234294
        6990.     0.5219204
        7000.     0.5204133
        7010.     0.5189236
        7020.     0.5174199
        7030.     0.5159299
        7040.     0.5144572
        7050.     0.5129696
        7060.     0.5115008
        7070.     0.5100331
        7080.     0.5085664
        7090.     0.5071014
        7100.      0.505652
        7110.     0.5042034
        7120.      0.502755
        7130.     0.5013101
        7140.     0.4998803
        7150.     0.4984364
        7160.     0.4970077
        7170.     0.4955791
        7180.     0.4941679
        7190.     0.4927429
        7200.     0.4913349
        7210.     0.4899262
        7220.     0.4885187
        7230.     0.4871273
        7240.     0.4857229
        7250.     0.4843348
        7260.     0.4829466
        7270.     0.4815592
        7280.     0.4801873
        7290.     0.4788031
        7300.     0.4774351
        7310.     0.4760675
        7320.     0.4747146
        7330.     0.4733465
        7340.      0.471994
        7350.     0.4706423
        7360.     0.4692921
        7370.     0.4679575
        7380.     0.4666094
        7390.     0.4652761
        7400.     0.4639435
        7410.     0.4626247
        7420.     0.4612926
        7430.     0.4599751
        7440.     0.4586727
        7450.     0.4573564
        7460.      0.456056
        7470.     0.4547577
        7480.     0.4534628
        7490.     0.4521655
        7500.     0.4508756
        7510.     0.4502404
        7520.     0.4495993
        7530.     0.4489529
        7540.     0.4483059
        7550.     0.4476573
        7560.     0.4470102
        7570.     0.4463638
        7580.     0.4457181
        7590.     0.4450739
        7600.     0.4444304
        7610.     0.4437875
        7620.     0.4431454
        7630.     0.4425047
        7640.     0.4418654
        7650.     0.4412276
        7660.     0.4405904
        7670.     0.4399546
        7680.     0.4393195
        7690.     0.4386857
        7700.     0.4380534
        7710.     0.4374224
        7720.     0.4367928
        7730.     0.4361646
        7740.     0.4355371
        7750.     0.4349123
        7760.     0.4342881
        7770.     0.4336661
        7780.     0.4330453
        7790.     0.4324266
        7800.     0.4318092
        7810.     0.4311939
        7820.     0.4305804
        7830.     0.4299691
        7840.     0.4293591
        7850.     0.4287518
        7860.     0.4281457
        7870.     0.4275423
        7880.     0.4269409
        7890.     0.4263422
        7900.     0.4257454
        7910.     0.4251512
        7920.     0.4245596
        7930.       0.42397
        7940.     0.4233829
        7950.     0.4227957
        7960.     0.4222096
        7970.     0.4216262
        7980.     0.4210397
        7990.     0.4204224
        8000.     0.4197378
        8010.      0.418684
        8020.     0.4175788
        8030.     0.4164476
        8040.     0.4153048
        8050.     0.4141575
        8060.     0.4130104
        8070.      0.411865
        8080.     0.4107205
        8090.      0.409577
        8100.     0.4084358
        8110.     0.4072956
        8120.     0.4061578
        8130.     0.4050209
        8140.     0.4038855
        8150.     0.4027526
        8160.     0.4016204
        8170.       0.40049
        8180.      0.399362
        8190.     0.3982348
        8200.     0.3971092
        8210.     0.3959859
        8220.     0.3948636
        8230.     0.3937428
        8240.     0.3926245
        8250.     0.3915069
        8260.      0.390391
        8270.     0.3892773
        8280.     0.3881647
        8290.     0.3870536
        8300.     0.3859446
        8310.     0.3848368
        8320.     0.3837304
        8330.     0.3826262
        8340.     0.3815232
        8350.     0.3804222
        8360.     0.3812594
        8370.     0.3820971
        8380.     0.3829357
        8390.     0.3837743
        8400.     0.3846134
        8410.     0.3854529
        8420.     0.3862935
        8430.     0.3871339
        8440.     0.3879749
        8450.     0.3888162
        8460.     0.3896573
        8470.      0.390499
        8480.     0.3913399
        8490.     0.3921762
        8500.     0.3930026
        8510.     0.3938169
        8520.     0.3946221
        8530.     0.3954237
        8540.     0.3962244
        8550.     0.3970241
        8560.     0.3978235
        8570.     0.3986238
        8580.     0.3994238
        8590.     0.4002242
        8600.     0.4010254
        8610.     0.4018265
        8620.     0.4026278
        8630.     0.4034292
        8640.     0.4042311
        8650.     0.4050334
        8660.     0.4057612
        8670.     0.4064886
        8680.     0.4072165
        8690.     0.4079445
        8700.     0.4086727
        8710.     0.4094019
        8720.     0.4101306
        8730.     0.4108595
        8740.     0.4115887
        8750.     0.4123181
        8760.     0.4130479
        8770.     0.4137785
        8780.     0.4145087
        8790.     0.4152391
        8800.     0.4159698
        8810.     0.4167007
        8820.     0.4174325
        8830.     0.4181639
        8840.     0.4188955
        8850.     0.4196275
        8860.     0.4203596
        8870.     0.4210919
        8880.     0.4218252
        8890.      0.422558
        8900.     0.4232911
        8910.     0.4240244
        8920.      0.424758
        8930.     0.4254918
        8940.     0.4262258
        8950.     0.4269608
        8960.     0.4276192
        8970.     0.4282756
        8980.     0.4289284
        8990.     0.4295765
        9000.     0.4302229
        9010.     0.4307126
        9020.     0.4311942
        9030.     0.4316692
        9040.     0.4321374
        9050.     0.4325981
        9060.     0.4330529
        9070.     0.4335009
        9080.     0.4339422
        9090.     0.4343781
        9100.     0.4348073
        9110.     0.4352318
        9120.     0.4356495
        9130.     0.4360625
        9140.     0.4364702
        9150.     0.4368726
        9160.     0.4372701
        9170.      0.437663
        9180.     0.4380513
        9190.     0.4384356
        9200.      0.438815
        9210.     0.4391913
        9220.     0.4395636
        9230.     0.4399319
        9240.     0.4402967
        9250.     0.4406584
        9260.     0.4409477
        9270.     0.4412342
        9280.     0.4415184
        9290.        0.4418
        9300.     0.4420789
        9310.     0.4423559
        9320.     0.4426304
        9330.     0.4429035
        9340.     0.4431749
        9350.      0.443445
        9360.     0.4437138
        9370.     0.4439808
        9380.      0.444248
        9390.     0.4445139
        9400.     0.4447785
        9410.     0.4450433
        9420.     0.4453082
        9430.     0.4455725
        9440.      0.445837
        9450.     0.4461015
        9460.     0.4463668
        9470.      0.446633
        9480.     0.4468992
        9490.     0.4471669
        9500.     0.4474353
        9510.     0.4461293
        9520.     0.4448265
        9530.     0.4435255
        9540.     0.4422274
        9550.     0.4409327
        9560.     0.4396409
        9570.     0.4383519
        9580.     0.4370669
        9590.     0.4357846
        9600.     0.4345065
        9610.      0.433232
        9620.     0.4319616
        9630.     0.4306951
        9640.     0.4294322
        9650.     0.4281745
        9660.     0.4269199
        9670.     0.4256707
        9680.     0.4244258
        9690.     0.4231859
        9700.     0.4219504
        9710.     0.4207197
        9720.      0.419494
        9730.     0.4182737
        9740.     0.4170581
        9750.     0.4158484
        9760.     0.4144269
        9770.     0.4130106
        9780.        0.4116
        9790.     0.4101952
        9800.     0.4087959
        9810.     0.4074027
        9820.     0.4060157
        9830.     0.4046345
        9840.     0.4032592
        9850.     0.4018898
        9860.     0.4005272
        9870.     0.3991702
        9880.       0.39782
        9890.     0.3964764
        9900.     0.3951392
        9910.      0.393808
        9920.     0.3924837
        9930.     0.3911662
        9940.     0.3898555
        9950.     0.3885508
        9960.     0.3872539
        9970.     0.3859634
        9980.     0.3846793
        9990.     0.3834026
       10000.     0.3821331
       10010.     0.3797465
       10020.     0.3773688
       10030.         0.375
       10040.     0.3726396
       10050.     0.3702876
       10060.     0.3679437
       10070.     0.3656075
       10080.     0.3632791
       10090.     0.3609584
       10100.     0.3586446
       10110.     0.3563383
       10120.     0.3540386
       10130.     0.3517457
       10140.     0.3494593
       10150.     0.3471794
       10160.     0.3449049
       10170.     0.3426367
       10180.     0.3403746
       10190.     0.3381172
       10200.     0.3358658
       10210.     0.3336198
       10220.     0.3313783
       10230.     0.3291419
       10240.     0.3269103
       10250.     0.3246835
       10260.     0.3224606
       10270.     0.3202423
       10280.      0.318028
       10290.     0.3158176
       10300.      0.313611
       10310.     0.3114078
       10320.     0.3092082
       10330.     0.3070124
       10340.     0.3048197
       10350.     0.3026297
       10360.     0.3004428
       10370.     0.2982588
       10380.     0.2960779
       10390.     0.2938989
       10400.      0.291723
       10410.     0.2895493
       10420.     0.2873775
       10430.     0.2852082
       10440.     0.2830406
       10450.      0.280875
       10460.     0.2787115
       10470.     0.2765494
       10480.     0.2743886
       10490.     0.2722296
       10500.     0.2700718
       10510.     0.2679156
       10520.     0.2657604
       10530.     0.2636063
       10540.     0.2614531
       10550.      0.259301
       10560.     0.2571498
       10570.     0.2549989
       10580.      0.252849
       10590.     0.2506997
       10600.     0.2485507
       10610.     0.2464024
       10620.     0.2442544
       10630.     0.2421069
       10640.     0.2399592
       10650.      0.237812
       10660.     0.2356647
       10670.     0.2335174
       10680.     0.2313701
       10690.     0.2292228
       10700.     0.2270752
       10710.     0.2249276
       10720.     0.2227798
       10730.     0.2206316
       10740.     0.2184832
       10750.     0.2163344
       10760.      0.214185
       10770.     0.2120352
       10780.     0.2098851
       10790.     0.2077343
       10800.     0.2055829
       10810.     0.2034311
       10820.     0.2012785
       10830.     0.1991253
       10840.     0.1969716
       10850.      0.194817
       10860.     0.1926618
       10870.     0.1905057
       10880.     0.1883489
       10890.     0.1861915
       10900.     0.1840331
       10910.     0.1818742
       10920.     0.1797143
       10930.     0.1775537
       10940.     0.1753921
       10950.     0.1732298
       10960.      0.171067
       10970.     0.1689032
       10980.     0.1667385
       10990.     0.1645731
       11000.     0.1624401
       11010.     0.1603068
       11020.     0.1581732
       11030.     0.1560393
       11040.     0.1539052
       11050.     0.1517707
       11060.      0.149636
       11070.     0.1475009
       11080.     0.1453655
       11090.     0.1432298
       11100.     0.1410938
       11110.     0.1389576
       11120.      0.136821
       11130.     0.1346841
       11140.     0.1325469
       11150.     0.1304095
       11160.     0.1282717
       11170.     0.1261335
       11180.     0.1239952
       11190.     0.1218565
       11200.     0.1197175
       11210.     0.1175782
       11220.     0.1154387
       11230.     0.1132988
       11240.     0.1111586
       11250.     0.1090181
       11260.     0.1068773
       11270.     0.1047362
       11280.     0.1025948
       11290.     0.1004532
       11300.    0.09831112
       11310.    0.09616885
       11320.    0.09402625
       11330.    0.09188336
       11340.    0.08974016
       11350.    0.08759666
       11360.    0.08545288
       11370.    0.08330877
       11380.    0.08116438
       11390.    0.07901968
       11400.    0.07687467
       11410.    0.07472938
       11420.    0.07258377
       11430.    0.07043788
       11440.    0.06829167
       11450.    0.06614516
       11460.    0.06399836
       11470.    0.06185125
       11480.    0.05970385
       11490.    0.05755614
       11500.    0.05540813
       11510.    0.05325983
       11520.    0.05111121
       11530.     0.0489623
       11540.     0.0468131
       11550.    0.04466358
       11560.    0.04251377
       11570.    0.04036365
       11580.    0.03821324
       11590.    0.03606253
       11600.    0.03391151
       11610.     0.0317602
       11620.    0.02960858
       11630.    0.02745667
       11640.    0.02530444
       11650.    0.02315192
       11660.    0.02099911
       11670.    0.01884598
       11680.    0.01669257
       11690.    0.01453884
       11700.    0.01238481
       11710.    0.01023049
       11720.   0.008075869
       11730.   0.005920942
       11740.   0.003765716
       11750.    0.00161019
       11760.  -5.456380E-4
       11770.  -0.002701766
       11780.  -0.004858196
       11790.  -0.007014926
       11800.  -0.009171957
       11810.   -0.01132929
       11820.   -0.01348692
       11830.   -0.01564485
       11840.   -0.01780309
       11850.   -0.01996162
       11860.   -0.02212046
       11870.    -0.0242796
       11880.   -0.02643903
       11890.   -0.02859877
       11900.    -0.0307588
       11910.   -0.03291915
       11920.   -0.03507979
       11930.   -0.03724073
       11940.   -0.03940197
       11950.   -0.04156351
       11960.   -0.04372536
       11970.    -0.0458875
       11980.   -0.04804994
       11990.   -0.05021269
       12000.   -0.05237573
       12010.   -0.05453908
       12020.   -0.05670274
       12030.   -0.05886668
       12040.   -0.06103093
       12050.   -0.06319547
       12060.   -0.06536033
       12070.   -0.06752549
       12080.   -0.06969094
       12090.   -0.07185669
       12100.   -0.07402275
       12110.    -0.0761891
       12120.   -0.07835576
       12130.   -0.08052271
       12140.   -0.08268997
       12150.   -0.08485753
       12160.   -0.08702538
       12170.   -0.08919355
       12180.     -0.091362
       12190.   -0.09353077
       12200.   -0.09569983
       12210.   -0.09786919
       12220.    -0.1000388
       12230.    -0.1022088
       12240.     -0.104379
       12250.    -0.1065497
       12260.    -0.1087205
       12270.    -0.1108917
       12280.    -0.1130632
       12290.    -0.1152349
       12300.     -0.117407
       12310.    -0.1195793
       12320.     -0.121752
       12330.     -0.123925
       12340.    -0.1260983
       12350.    -0.1282719
       12360.    -0.1304457
       12370.    -0.1326199
       12380.    -0.1347944
       12390.    -0.1369692
       12400.    -0.1391442
       12410.    -0.1413196
       12420.    -0.1434953
       12430.    -0.1456713
       12440.    -0.1478476
       12450.    -0.1500241
       12460.     -0.152201
       12470.    -0.1543782
       12480.    -0.1565557
       12490.    -0.1587334
       12500.    -0.1609115
       12510.    -0.1630899
       12520.    -0.1652686
       12530.    -0.1674476
       12540.    -0.1696269
       12550.    -0.1718065
       12560.    -0.1739863
       12570.    -0.1761666
       12580.     -0.178347
       12590.    -0.1805279
       12600.    -0.1827089
       12610.    -0.1848903
       12620.    -0.1870721
       12630.     -0.189254
       12640.    -0.1914363
       12650.    -0.1936189
       12660.    -0.1958018
       12670.     -0.197985
       12680.    -0.2001685
       12690.    -0.2023522
       12700.    -0.2045364
       12710.    -0.2067208
       12720.    -0.2089055
       12730.    -0.2110905
       12740.    -0.2132758
       12750.    -0.2154614
       12760.    -0.2176473
       12770.    -0.2198335
       12780.    -0.2220201
       12790.    -0.2242068
       12800.     -0.226394
       12810.    -0.2285813
       12820.    -0.2307691
       12830.     -0.232957
       12840.    -0.2351454
       12850.     -0.237334
       12860.    -0.2395229
       12870.    -0.2417122
       12880.    -0.2439016
       12890.    -0.2460915
       12900.    -0.2482815
       12910.     -0.250472
       12920.    -0.2526628
       12930.    -0.2548537
       12940.    -0.2570451
       12950.    -0.2592367
       12960.    -0.2614286
       12970.    -0.2636208
       12980.    -0.2658134
       12990.    -0.2680061
       13000.    -0.2701993
       13010.    -0.2723927
       13020.    -0.2745864
       13030.    -0.2767805
       13040.    -0.2789748
       13050.    -0.2811694
       13060.    -0.2833643
       13070.    -0.2855596
       13080.     -0.287755
       13090.    -0.2899509
       13100.     -0.292147
       13110.    -0.2943435
       13120.    -0.2965402
       13130.    -0.2987372
       13140.    -0.3009346
       13150.    -0.3031322
       13160.    -0.3053302
       13170.    -0.3075283
       13180.    -0.3097269
       13190.    -0.3119258
       13200.    -0.3141249
       13210.    -0.3163244
       13220.    -0.3185241
       13230.    -0.3207242
       13240.    -0.3229244
       13250.    -0.3251251
       13260.     -0.327326
       13270.    -0.3295273
       13280.    -0.3317288
       13290.    -0.3339307
       13300.    -0.3361329
       13310.    -0.3383353
       13320.    -0.3405381
       13330.     -0.342741
       13340.    -0.3449444
       13350.    -0.3471482
       13360.     -0.349352
       13370.    -0.3515563
       13380.    -0.3537608
       13390.    -0.3559657
       13400.    -0.3581708
       13410.    -0.3603763
       13420.     -0.362582
       13430.    -0.3647881
       13440.    -0.3669944
       13450.    -0.3692011
       13460.    -0.3714081
       13470.    -0.3736154
       13480.    -0.3758229
       13490.    -0.3780307
       13500.     -0.380239
       13510.    -0.3824474
       13520.    -0.3846562
       13530.    -0.3868653
       13540.    -0.3890746
       13550.    -0.3912843
       13560.    -0.3934942
       13570.    -0.3957045
       13580.     -0.397915
       13590.     -0.400126
       13600.    -0.4023371
       13610.    -0.4045486
       13620.    -0.4067604
       13630.    -0.4089724
       13640.    -0.4111848
       13650.    -0.4133974
       13660.    -0.4156105
       13670.    -0.4178237
       13680.    -0.4200373
       13690.    -0.4222512
       13700.    -0.4244654
       13710.    -0.4266799
       13720.    -0.4288946
       13730.    -0.4311097
       13740.    -0.4333251
       13750.    -0.4355408
       13760.    -0.4377567
       13770.     -0.439973
       13780.    -0.4421895
       13790.    -0.4444065
       13800.    -0.4466237
       13810.    -0.4488411
       13820.     -0.451059
       13830.     -0.453277
       13840.    -0.4554954
       13850.    -0.4577142
       13860.    -0.4599331
       13870.    -0.4621524
       13880.     -0.464372
       13890.    -0.4665919
       13900.     -0.468812
       13910.    -0.4710326
       13920.    -0.4732533
       13930.    -0.4754744
       13940.    -0.4776958
       13950.    -0.4799176
       13960.    -0.4821396
       13970.    -0.4843618
       13980.    -0.4865845
       13990.    -0.4888073
       14000.    -0.4910305
       14010.     -0.493254
       14020.    -0.4954779
       14030.    -0.4977019
       14040.    -0.4999264
       14050.     -0.502151
       14060.    -0.5043761
       14070.    -0.5066014
       14080.     -0.508827
       14090.    -0.5110529
       14100.    -0.5132791
       14110.    -0.5155056
       14120.    -0.5177324
       14130.    -0.5199595
       14140.     -0.522187
       14150.    -0.5244146
       14160.    -0.5266427
       14170.    -0.5288709
       14180.    -0.5310996
       14190.    -0.5333285
       14200.    -0.5355577
       14210.    -0.5377872
       14220.    -0.5400171
       14230.    -0.5422472
       14240.    -0.5444776
       14250.    -0.5467083
       14260.    -0.5489393
       14270.    -0.5511706
       14280.    -0.5534022
       14290.    -0.5556342
       14300.    -0.5578665
       14310.    -0.5600989
       14320.    -0.5623317
       14330.    -0.5645649
       14340.    -0.5667983
       14350.    -0.5690321
       14360.    -0.5712661
       14370.    -0.5735004
       14380.     -0.575735
       14390.      -0.57797
       14400.    -0.5802052
       14410.    -0.5824408
       14420.    -0.5846766
       14430.    -0.5869128
       14440.    -0.5891491
       14450.    -0.5913859
       14460.     -0.593623
       14470.    -0.5958602
       14480.    -0.5980978
       14490.    -0.6003358
       14500.    -0.6025741
       14510.    -0.6048127
       14520.    -0.6070515
       14530.    -0.6092905
       14540.      -0.61153
       14550.    -0.6137698
       14560.    -0.6160098
       14570.    -0.6182502
       14580.    -0.6204908
       14590.    -0.6227318
       14600.     -0.624973
       14610.    -0.6272146
       14620.    -0.6294565
       14630.    -0.6316985
       14640.    -0.6339409
       14650.    -0.6361837
       14660.    -0.6384268
       14670.    -0.6406702
       14680.    -0.6429138
       14690.    -0.6451578
       14700.     -0.647402
       14710.    -0.6496466
       14720.    -0.6518914
       14730.    -0.6541367
       14740.     -0.656382
       14750.    -0.6586278
       14760.    -0.6608738
       14770.    -0.6631203
       14780.    -0.6653669
       14790.    -0.6676139
       14800.    -0.6698611
       14810.    -0.6721087
       14820.    -0.6743566
       14830.    -0.6766048
       14840.    -0.6788532
       14850.    -0.6811019
       14860.     -0.683351
       14870.    -0.6856005
       14880.    -0.6878501
       14890.    -0.6901001
       14900.    -0.6923503
       14910.    -0.6946009
       14920.    -0.6968517
       14930.    -0.6991029
       14940.    -0.7013544
       14950.    -0.7036061
       14960.    -0.7058582
       14970.    -0.7081106
       14980.    -0.7103633
       14990.    -0.7126163
       15000.    -0.7148696
       15010.    -0.7171231
       15020.     -0.719377
       15030.    -0.7216311
       15040.    -0.7238857
       15050.    -0.7261405
       15060.    -0.7283955
       15070.    -0.7306508
       15080.    -0.7329066
       15090.    -0.7351626
       15100.    -0.7374189
       15110.    -0.7396755
       15120.    -0.7419323
       15130.    -0.7441895
       15140.     -0.746447
       15150.    -0.7487048
       15160.    -0.7509629
       15170.    -0.7532213
       15180.      -0.75548
       15190.    -0.7577389
       15200.    -0.7599983
       15210.    -0.7622579
       15220.    -0.7645177
       15230.    -0.7667779
       15240.    -0.7690384
       15250.    -0.7712992
       15260.    -0.7735604
       15270.    -0.7758217
       15280.    -0.7780834
       15290.    -0.7803454
       15300.    -0.7826078
       15310.    -0.7848703
       15320.    -0.7871333
       15330.    -0.7893964
       15340.      -0.79166
       15350.    -0.7939237
       15360.    -0.7961879
       15370.    -0.7984523
       15380.     -0.800717
       15390.    -0.8029819
       15400.    -0.8052473
       15410.    -0.8075129
       15420.    -0.8097788
       15430.     -0.812045
       15440.    -0.8143115
       15450.    -0.8165784
       15460.    -0.8188455
       15470.    -0.8211129
       15480.    -0.8233806
       15490.    -0.8256486
       15500.     -0.827917
       15510.    -0.8301855
       15520.    -0.8324545
       15530.    -0.8347238
       15540.    -0.8369932
       15550.     -0.839263
       15560.    -0.8415331
       15570.    -0.8438036
       15580.    -0.8460743
       15590.    -0.8483453
       15600.    -0.8506166
       15610.    -0.8528883
       15620.    -0.8551602
       15630.    -0.8574324
       15640.     -0.859705
       15650.    -0.8619778
       15660.     -0.864251
       15670.    -0.8665243
       15680.     -0.868798
       15690.    -0.8710721
       15700.    -0.8733464
       15710.     -0.875621
       15720.     -0.877896
       15730.    -0.8801713
       15740.    -0.8824468
       15750.    -0.8847227
       15760.    -0.8869987
       15770.    -0.8892752
       15780.     -0.891552
       15790.     -0.893829
       15800.    -0.8961064
       15810.    -0.8983839
       15820.    -0.9006619
       15830.    -0.9029401
       15840.    -0.9052187
       15850.    -0.9074975
       15860.    -0.9097767
       15870.     -0.912056
       15880.    -0.9143358
       15890.     -0.916616
       15900.    -0.9188963
       15910.    -0.9211769
       15920.    -0.9234578
       15930.    -0.9257391
       15940.    -0.9280207
       15950.    -0.9303025
       15960.    -0.9325846
       15970.    -0.9348671
       15980.    -0.9371499
       15990.    -0.9394329
       16000.    -0.9417163
       16010.    -0.9439999
       16020.    -0.9462839
       16030.    -0.9485681
       16040.    -0.9508526
       16050.    -0.9531376
       16060.    -0.9554227
       16070.    -0.9577082
       16080.    -0.9599939
       16090.      -0.96228
       16100.    -0.9645663
       16110.    -0.9668529
       16120.    -0.9691399
       16130.    -0.9714273
       16140.    -0.9737148
       16150.    -0.9760027
       16160.    -0.9782909
       16170.    -0.9805793
       16180.     -0.982868
       16190.    -0.9851571
       16200.    -0.9874465
       16210.    -0.9897363
       16220.    -0.9920262
       16230.    -0.9943164
       16240.     -0.996607
       16250.    -0.9988978
       16260.     -1.001189
       16270.     -1.003481
       16280.     -1.005772
       16290.     -1.008064
       16300.     -1.010357
       16310.     -1.012649
       16320.     -1.014943
       16330.     -1.017236
       16340.      -1.01953
       16350.     -1.021823
       16360.     -1.024117
       16370.     -1.026412
       16380.     -1.028706
       16390.     -1.031002
       16400.     -1.033297
       16410.     -1.035593
       16420.     -1.037889
       16430.     -1.040185
       16440.     -1.042482
       16450.     -1.044779
       16460.     -1.047076
       16470.     -1.049373
       16480.     -1.051671
       16490.     -1.053969
       16500.     -1.056268
       16510.     -1.058566
       16520.     -1.060866
       16530.     -1.063164
       16540.     -1.065464
       16550.     -1.067764
       16560.     -1.070065
       16570.     -1.072365
       16580.     -1.074665
       16590.     -1.076967
       16600.     -1.079268
       16610.      -1.08157
       16620.     -1.083871
       16630.     -1.086174
       16640.     -1.088476
       16650.      -1.09078
       16660.     -1.093083
       16670.     -1.095387
       16680.      -1.09769
       16690.     -1.099994
       16700.     -1.102299
       16710.     -1.104603
       16720.     -1.106908
       16730.     -1.109213
       16740.     -1.111519
       16750.     -1.113825
       16760.     -1.116132
       16770.     -1.118438
       16780.     -1.120745
       16790.     -1.123052
       16800.     -1.125359
       16810.     -1.127667
       16820.     -1.129975
       16830.     -1.132283
       16840.     -1.134592
       16850.     -1.136901
       16860.      -1.13921
       16870.      -1.14152
       16880.     -1.143829
       16890.      -1.14614
       16900.      -1.14845
       16910.      -1.15076
       16920.     -1.153072
       16930.     -1.155383
       16940.     -1.157695
       16950.     -1.160006
       16960.     -1.162319
       16970.     -1.164631
       16980.     -1.166945
       16990.     -1.169257
       17000.     -1.171571
       17010.     -1.173884
       17020.     -1.176198
       17030.     -1.178513
       17040.     -1.180827
       17050.     -1.183143
       17060.     -1.185457
       17070.     -1.187773
       17080.     -1.190089
       17090.     -1.192405
       17100.     -1.194721
       17110.     -1.197039
       17120.     -1.199355
       17130.     -1.201672
       17140.      -1.20399
       17150.     -1.206308
       17160.     -1.208627
       17170.     -1.210945
       17180.     -1.213264
       17190.     -1.215583
       17200.     -1.217903
       17210.     -1.220222
       17220.     -1.222543
       17230.     -1.224863
       17240.     -1.227183
       17250.     -1.229504
       17260.     -1.231825
       17270.     -1.234147
       17280.     -1.236469
       17290.     -1.238791
       17300.     -1.241113
       17310.     -1.243437
       17320.     -1.245759
       17330.     -1.248083
       17340.     -1.250406
       17350.      -1.25273
       17360.     -1.255055
       17370.     -1.257379
       17380.     -1.259704
       17390.     -1.262029
       17400.     -1.264355
       17410.      -1.26668
       17420.     -1.269007
       17430.     -1.271333
       17440.      -1.27366
       17450.     -1.275986
       17460.     -1.278314
       17470.     -1.280641
       17480.     -1.282969
       17490.     -1.285298
       17500.     -1.287625
       17510.     -1.289955
       17520.     -1.292283
       17530.     -1.294613
       17540.     -1.296942
       17550.     -1.299273
       17560.     -1.301603
       17570.     -1.303934
       17580.     -1.306264
       17590.     -1.308595
       17600.     -1.310927
       17610.     -1.313258
       17620.     -1.315591
       17630.     -1.317923
       17640.     -1.320256
       17650.     -1.322589
       17660.     -1.324923
       17670.     -1.327256
       17680.      -1.32959
       17690.     -1.331924
       17700.     -1.334259
       17710.     -1.336593
       17720.     -1.338928
       17730.     -1.341264
       17740.     -1.343599
       17750.     -1.345936
       17760.     -1.348271
       17770.     -1.350609
       17780.     -1.352945
       17790.     -1.355283
       17800.      -1.35762
       17810.     -1.359958
       17820.     -1.362296
       17830.     -1.364634
       17840.     -1.366973
       17850.     -1.369311
       17860.     -1.371651
       17870.     -1.373991
       17880.     -1.376331
       17890.     -1.378671
       17900.     -1.381012
       17910.     -1.383352
       17920.     -1.385694
       17930.     -1.388035
       17940.     -1.390376
       17950.     -1.392718
       17960.      -1.39506
       17970.     -1.397403
       17980.     -1.399746
       17990.      -1.40209
       18000.     -1.404433
       18010.     -1.406777
       18020.     -1.409121
       18030.     -1.411466
       18040.      -1.41381
       18050.     -1.416154
       18060.       -1.4185
       18070.     -1.420846
       18080.     -1.423192
       18090.     -1.425538
       18100.     -1.427885
       18110.     -1.430231
       18120.     -1.432579
       18130.     -1.434926
       18140.     -1.437274
       18150.     -1.439622
       18160.      -1.44197
       18170.     -1.444319
       18180.     -1.446667
       18190.     -1.449017
       18200.     -1.451366
       18210.     -1.453716
       18220.     -1.456066
       18230.     -1.458417
       18240.     -1.460767
       18250.     -1.463119
       18260.     -1.465469
       18270.     -1.467821
       18280.     -1.470173
       18290.     -1.472525
       18300.     -1.474878
       18310.     -1.477231
       18320.     -1.479584
       18330.     -1.481937
       18340.     -1.484292
       18350.     -1.486645
       18360.        -1.489
       18370.     -1.491354
       18380.     -1.493709
       18390.     -1.496064
       18400.     -1.498419
       18410.     -1.500776
       18420.     -1.503132
       18430.     -1.505489
       18440.     -1.507845
       18450.     -1.510203
       18460.     -1.512559
       18470.     -1.514917
       18480.     -1.517275
       18490.     -1.519633
       18500.     -1.521992
       18510.      -1.52435
       18520.      -1.52671
       18530.     -1.529069
       18540.     -1.531429
       18550.     -1.533789
       18560.      -1.53615
       18570.      -1.53851
       18580.     -1.540872
       18590.     -1.543232
       18600.     -1.545593
       18610.     -1.547956
       18620.     -1.550317
       18630.      -1.55268
       18640.     -1.555043
       18650.     -1.557406
       18660.     -1.559769
       18670.     -1.562134
       18680.     -1.564497
       18690.     -1.566862
       18700.     -1.569226
       18710.     -1.571591
       18720.     -1.573956
       18730.     -1.576321
       18740.     -1.578687
       18750.     -1.581053
       18760.      -1.58342
       18770.     -1.585786
       18780.     -1.588154
       18790.     -1.590521
       18800.     -1.592889
       18810.     -1.595256
       18820.     -1.597625
       18830.     -1.599993
       18840.     -1.602361
       18850.     -1.604731
       18860.       -1.6071
       18870.      -1.60947
       18880.     -1.611839
       18890.      -1.61421
       18900.      -1.61658
       18910.     -1.618951
       18920.     -1.621322
       18930.     -1.623694
       18940.     -1.626066
       18950.     -1.628437
       18960.      -1.63081
       18970.     -1.633182
       18980.     -1.635556
       18990.     -1.637929
       19000.     -1.640303
       19010.     -1.642676
       19020.     -1.645051
       19030.     -1.647425
       19040.       -1.6498
       19050.     -1.652175
       19060.      -1.65455
       19070.     -1.656926
       19080.     -1.659302
       19090.     -1.661679
       19100.     -1.664055
       19110.     -1.666432
       19120.     -1.668809
       19130.     -1.671187
       19140.     -1.673564
       19150.     -1.675943
       19160.     -1.678321
       19170.     -1.680699
       19180.     -1.683079
       19190.     -1.685457
       19200.     -1.687838
       19210.     -1.690217
       19220.     -1.692598
       19230.     -1.694978
       19240.     -1.697359
       19250.      -1.69974
       19260.     -1.702122
       19270.     -1.704503
       19280.     -1.706886
       19290.     -1.709268
       19300.      -1.71165
       19310.     -1.714033
       19320.     -1.716416
       19330.       -1.7188
       19340.     -1.721183
       19350.     -1.723568
       19360.     -1.725952
       19370.     -1.728337
       19380.     -1.730722
       19390.     -1.733108
       19400.     -1.735493
       19410.     -1.737878
       19420.     -1.740265
       19430.     -1.742651
       19440.     -1.745039
       19450.     -1.747425
       19460.     -1.749813
       19470.       -1.7522
       19480.     -1.754589
       19490.     -1.756977
       19500.     -1.759366
       19510.     -1.761755
       19520.     -1.764144
       19530.     -1.766533
       19540.     -1.768923
       19550.     -1.771313
       19560.     -1.773703
       19570.     -1.776095
       19580.     -1.778485
       19590.     -1.780877
       19600.     -1.783268
       19610.     -1.785661
       19620.     -1.788052
       19630.     -1.790445
       19640.     -1.792838
       19650.     -1.795231
       19660.     -1.797625
       19670.     -1.800018
       19680.     -1.802412
       19690.     -1.804806
       19700.     -1.807202
       19710.     -1.809596
       19720.     -1.811992
       19730.     -1.814387
       19740.     -1.816783
       19750.     -1.819179
       19760.     -1.821575
       19770.     -1.823972
       19780.     -1.826369
       19790.     -1.828767
       19800.     -1.831164
       19810.     -1.833563
       19820.      -1.83596
       19830.     -1.838359
       19840.     -1.840758
       19850.     -1.843158
       19860.     -1.845556
       19870.     -1.847956
       19880.     -1.850356
       19890.     -1.852756
       19900.     -1.855157
       19910.     -1.857558
       19920.      -1.85996
       19930.     -1.862361
       19940.     -1.864763
       19950.     -1.867165
       19960.     -1.869568
       19970.      -1.87197
       19980.     -1.874373
       19990.     -1.876777
       20000.      -1.87918
       20010.     -1.881585
       20020.     -1.883988
       20030.     -1.886394
       20040.     -1.888798
       20050.     -1.891203
       20060.     -1.893608
       20070.     -1.896015
       20080.     -1.898421
       20090.     -1.900826
       20100.     -1.903234
       20110.      -1.90564
       20120.     -1.908048
       20130.     -1.910455
       20140.     -1.912864
       20150.     -1.915271
       20160.      -1.91768
       20170.     -1.920089
       20180.     -1.922498
       20190.     -1.924907
       20200.     -1.927316
       20210.     -1.929727
       20220.     -1.932137
       20230.     -1.934548
       20240.     -1.936958
       20250.      -1.93937
       20260.     -1.941781
       20270.     -1.944193
       20280.     -1.946605
       20290.     -1.949018
       20300.      -1.95143
       20310.     -1.953843
       20320.     -1.956257
       20330.     -1.958669
       20340.     -1.961084
       20350.     -1.963498
       20360.     -1.965913
       20370.     -1.968327
       20380.     -1.970743
       20390.     -1.973158
       20400.     -1.975574
       20410.     -1.977989
       20420.     -1.980405
       20430.     -1.982823
       20440.     -1.985239
       20450.     -1.987657
       20460.     -1.990074
       20470.     -1.992492
       20480.      -1.99491
       20490.     -1.997329
       20500.     -1.999747
       20510.     -2.002167
       20520.     -2.004586
       20530.     -2.007004
       20540.     -2.009425
       20550.     -2.011844
       20560.     -2.014266
       20570.     -2.016686
       20580.     -2.019108
       20590.     -2.021529
       20600.     -2.023951
       20610.     -2.026372
       20620.     -2.028795
       20630.     -2.031217
       20640.      -2.03364
       20650.     -2.036064
       20660.     -2.038487
       20670.     -2.040911
       20680.     -2.043335
       20690.      -2.04576
       20700.     -2.048184
       20710.     -2.050609
       20720.     -2.053035
       20730.     -2.055461
       20740.     -2.057886
       20750.     -2.060313
       20760.     -2.062739
       20770.     -2.065165
       20780.     -2.067593
       20790.      -2.07002
       20800.     -2.072448
       20810.     -2.074876
       20820.     -2.077305
       20830.     -2.079733
       20840.     -2.082162
       20850.     -2.084591
       20860.     -2.087021
       20870.     -2.089451
       20880.      -2.09188
       20890.     -2.094311
       20900.     -2.096741
       20910.     -2.099173
       20920.     -2.101604
       20930.     -2.104036
       20940.     -2.106468
       20950.     -2.108901
       20960.     -2.111332
       20970.     -2.113766
       20980.     -2.116198
       20990.     -2.118631
       21000.     -2.121066
       21010.     -2.123499
       21020.     -2.125934
       21030.     -2.128369
       21040.     -2.130804
       21050.     -2.133239
       21060.     -2.135675
       21070.      -2.13811
       21080.     -2.140547
       21090.     -2.142983
       21100.     -2.145419
       21110.     -2.147856
       21120.     -2.150293
       21130.     -2.152732
       21140.     -2.155169
       21150.     -2.157608
       21160.     -2.160046
       21170.     -2.162486
       21180.     -2.164924
       21190.     -2.167364
       21200.     -2.169803
       21210.     -2.172243
       21220.     -2.174684
       21230.     -2.177125
       21240.     -2.179566
       21250.     -2.182006
       21260.     -2.184449
       21270.      -2.18689
       21280.     -2.189333
       21290.     -2.191775
       21300.     -2.194218
       21310.     -2.196661
       21320.     -2.199104
       21330.     -2.201548
       21340.     -2.203991
       21350.     -2.206436
       21360.      -2.20888
       21370.     -2.211326
       21380.     -2.213771
       21390.     -2.216217
       21400.     -2.218662
       21410.     -2.221108
       21420.     -2.223554
       21430.     -2.226001
       21440.     -2.228448
       21450.     -2.230896
       21460.     -2.233343
       21470.      -2.23579
       21480.     -2.238239
       21490.     -2.240687
       21500.     -2.243136
       21510.     -2.245585
       21520.     -2.248035
       21530.     -2.250484
       21540.     -2.252935
       21550.     -2.255384
       21560.     -2.257836
       21570.     -2.260286
       21580.     -2.262737
       21590.     -2.265189
       21600.      -2.26764
       21610.     -2.270093
       21620.     -2.272545
       21630.     -2.274998
       21640.     -2.277451
       21650.     -2.279905
       21660.     -2.282358
       21670.     -2.284812
       21680.     -2.287266
       21690.      -2.28972
       21700.     -2.292175
       21710.      -2.29463
       21720.     -2.297086
       21730.     -2.299541
       21740.     -2.301998
       21750.     -2.304454
       21760.      -2.30691
       21770.     -2.309367
       21780.     -2.311825
       21790.     -2.314282
       21800.     -2.316739
       21810.     -2.319198
       21820.     -2.321656
       21830.     -2.324115
       21840.     -2.326573
       21850.     -2.329033
       21860.     -2.331493
       21870.     -2.333953
       21880.     -2.336413
       21890.     -2.338874
       21900.     -2.341334
       21910.     -2.343795
       21920.     -2.346256
       21930.     -2.348718
       21940.     -2.351181
       21950.     -2.353642
       21960.     -2.356106
       21970.     -2.358568
       21980.     -2.361032
       21990.     -2.363495
       22000.     -2.365959
       22010.     -2.368423
       22020.     -2.370887
       22030.     -2.373352
       22040.     -2.375817
       22050.     -2.378282
       22060.     -2.380748
       22070.     -2.383214
       22080.      -2.38568
       22090.     -2.388147
       22100.     -2.390614
       22110.     -2.393081
       22120.     -2.395548
       22130.     -2.398016
       22140.     -2.400484
       22150.     -2.402952
       22160.     -2.405421
       22170.      -2.40789
       22180.     -2.410359
       22190.     -2.412828
       22200.     -2.415298
       22210.     -2.417768
       22220.     -2.420239
       22230.      -2.42271
       22240.     -2.425181
       22250.     -2.427652
       22260.     -2.430123
       22270.     -2.432595
       22280.     -2.435067
       22290.     -2.437541
       22300.     -2.440013
       22310.     -2.442487
       22320.      -2.44496
       22330.     -2.447434
       22340.     -2.449907
       22350.     -2.452382
       22360.     -2.454856
       22370.     -2.457331
       22380.     -2.459807
       22390.     -2.462282
       22400.     -2.464758
       22410.     -2.467234
       22420.     -2.469711
       22430.     -2.472187
       22440.     -2.474665
       22450.     -2.477142
       22460.      -2.47962
       22470.     -2.482097
       22480.     -2.484575
       22490.     -2.487054
       22500.     -2.489533
       22510.     -2.492013
       22520.     -2.494492
       22530.     -2.496972
       22540.     -2.499451
       22550.     -2.501932
       22560.     -2.504412
       22570.     -2.506894
       22580.     -2.509375
       22590.     -2.511856
       22600.     -2.514338
       22610.      -2.51682
       22620.     -2.519303
       22630.     -2.521785
       22640.     -2.524269
       22650.     -2.526752
       22660.     -2.529236
       22670.      -2.53172
       22680.     -2.534204
       22690.     -2.536689
       22700.     -2.539173
       22710.     -2.541659
       22720.     -2.544144
       22730.      -2.54663
       22740.     -2.549116
       22750.     -2.551603
       22760.     -2.554089
       22770.     -2.556576
       22780.     -2.559063
       22790.     -2.561551
       22800.     -2.564039
       22810.     -2.566527
       22820.     -2.569016
       22830.     -2.571504
       22840.     -2.573993
       22850.     -2.576482
       22860.     -2.578973
       22870.     -2.581462
       22880.     -2.583953
       22890.     -2.586443
       22900.     -2.588934
       22910.     -2.591425
       22920.     -2.593916
       22930.     -2.596409
       22940.     -2.598901
       22950.     -2.601393
       22960.     -2.603886
       22970.     -2.606379
       22980.     -2.608872
       22990.     -2.611366
       23000.     -2.613859
       23010.     -2.616354
       23020.     -2.618848
       23030.     -2.621343
       23040.     -2.623838
       23050.     -2.626333
       23060.     -2.628829
       23070.     -2.631325
       23080.     -2.633822
       23090.     -2.636318
       23100.     -2.638816
       23110.     -2.641312
       23120.      -2.64381
       23130.     -2.646307
       23140.     -2.648805
       23150.     -2.651304
       23160.     -2.653803
       23170.     -2.656302
       23180.     -2.658801
       23190.     -2.661301
       23200.       -2.6638
       23210.     -2.666301
       23220.     -2.668801
       23230.     -2.671303
       23240.     -2.673803
       23250.     -2.676304
       23260.     -2.678806
       23270.     -2.681308
       23280.     -2.683811
       23290.     -2.686313
       23300.     -2.688817
       23310.     -2.691319
       23320.     -2.693824
       23330.     -2.696326
       23340.     -2.698831
       23350.     -2.701335
       23360.      -2.70384
       23370.     -2.706345
       23380.      -2.70885
       23390.     -2.711356
       23400.     -2.713861
       23410.     -2.716368
       23420.     -2.718874
       23430.     -2.721382
       23440.     -2.723888
       23450.     -2.726397
       23460.     -2.728904
       23470.     -2.731412
       23480.      -2.73392
       23490.     -2.736428
       23500.     -2.738938
       23510.     -2.741446
       23520.     -2.743957
       23530.     -2.746466
       23540.     -2.748977
       23550.     -2.751487
       23560.     -2.753998
       23570.     -2.756509
       23580.     -2.759021
       23590.     -2.761532
       23600.     -2.764043
       23610.     -2.766556
       23620.     -2.769068
       23630.     -2.771581
       23640.     -2.774094
       23650.     -2.776608
       23660.     -2.779122
       23670.     -2.781636
       23680.      -2.78415
       23690.     -2.786665
       23700.      -2.78918
       23710.     -2.791694
       23720.      -2.79421
       23730.     -2.796726
       23740.     -2.799243
       23750.     -2.801759
       23760.     -2.804276
       23770.     -2.806792
       23780.      -2.80931
       23790.     -2.811827
       23800.     -2.814346
       23810.     -2.816864
       23820.     -2.819382
       23830.     -2.821901
       23840.     -2.824421
       23850.      -2.82694
       23860.     -2.829459
       23870.      -2.83198
       23880.       -2.8345
       23890.     -2.837021
       23900.     -2.839541
       23910.     -2.842063
       23920.     -2.844584
       23930.     -2.847106
       23940.     -2.849629
       23950.     -2.852152
       23960.     -2.854674
       23970.     -2.857197
       23980.      -2.85972
       23990.     -2.862244
       24000.     -2.864768
       24010.     -2.867292
       24020.     -2.869817
       24030.     -2.872342
       24040.     -2.874866
       24050.     -2.877392
       24060.     -2.879919
       24070.     -2.882444
       24080.      -2.88497
       24090.     -2.887498
       24100.     -2.890024
       24110.     -2.892552
       24120.     -2.895079
       24130.     -2.897607
       24140.     -2.900135
       24150.     -2.902663
       24160.     -2.905193
       24170.     -2.907722
       24180.     -2.910251
       24190.      -2.91278
       24200.     -2.915311
       24210.      -2.91784
       24220.     -2.920372
       24230.     -2.922902
       24240.     -2.925434
       24250.     -2.927965
       24260.     -2.930496
       24270.     -2.933029
       24280.     -2.935562
       24290.     -2.938094
       24300.     -2.940627
       24310.     -2.943161
       24320.     -2.945694
       24330.     -2.948228
       24340.     -2.950762
       24350.     -2.953297
       24360.     -2.955831
       24370.     -2.958367
       24380.     -2.960902
       24390.     -2.963439
       24400.     -2.965974
       24410.     -2.968509
       24420.     -2.971046
       24430.     -2.973583
       24440.     -2.976121
       24450.     -2.978658
       24460.     -2.981197
       24470.     -2.983734
       24480.     -2.986273
       24490.     -2.988811
       24500.     -2.991351
       24510.     -2.993889
       24520.     -2.996429
       24530.     -2.998969
       24540.     -3.001509
       24550.      -3.00405
       24560.      -3.00659
       24570.     -3.009132
       24580.     -3.011673
       24590.     -3.014215
       24600.     -3.016757
       24610.       -3.0193
       24620.     -3.021842
       24630.     -3.024384
       24640.     -3.026928
       24650.     -3.029471
       24660.     -3.032015
       24670.     -3.034559
       24680.     -3.037104
       24690.     -3.039648
       24700.     -3.042194
       24710.     -3.044739
       24720.     -3.047285
       24730.      -3.04983
       24740.     -3.052377
       24750.     -3.054924
       24760.      -3.05747
       24770.     -3.060017
       24780.     -3.062564
       24790.     -3.065113
       24800.      -3.06766
       24810.      -3.07021
       24820.     -3.072757
       24830.     -3.075307
       24840.     -3.077855
       24850.     -3.080405
       24860.     -3.082955
       24870.     -3.085505
       24880.     -3.088056
       24890.     -3.090606
       24900.     -3.093158
       24910.     -3.095708
       24920.     -3.098261
       24930.     -3.100812
       24940.     -3.103365
       24950.     -3.105917
       24960.      -3.10847
       24970.     -3.111023
       24980.     -3.113576
       24990.      -3.11613
       25000.     -3.118684
       25010.     -3.121239
       25020.     -3.123793
       25030.     -3.126349
       25040.     -3.128903
       25050.     -3.131459
       25060.     -3.134015
       25070.      -3.13657
       25080.     -3.139127
       25090.     -3.141684
       25100.     -3.144242
       25110.     -3.146798
       25120.     -3.149356
       25130.     -3.151914
       25140.     -3.154473
       25150.     -3.157031
       25160.      -3.15959
       25170.     -3.162149
       25180.     -3.164709
       25190.     -3.167268
       25200.     -3.169828
       25210.     -3.172389
       25220.     -3.174949
       25230.      -3.17751
       25240.     -3.180072
       25250.     -3.182633
       25260.     -3.185195
       25270.     -3.187758
       25280.      -3.19032
       25290.     -3.192883
       25300.     -3.195446
       25310.     -3.198009
       25320.     -3.200573
       25330.     -3.203136
       25340.     -3.205701
       25350.     -3.208265
       25360.     -3.210831
       25370.     -3.213395
       25380.     -3.215962
       25390.     -3.218527
       25400.     -3.221093
       25410.     -3.223659
       25420.     -3.226225
       25430.     -3.228793
       25440.      -3.23136
       25450.     -3.233928
       25460.     -3.236496
       25470.     -3.239064
       25480.     -3.241632
       25490.     -3.244201
       25500.      -3.24677
       25510.      -3.24934
       25520.     -3.251909
       25530.     -3.254479
       25540.      -3.25705
       25550.      -3.25962
       25560.     -3.262191
       25570.     -3.264762
       25580.     -3.267334
       25590.     -3.269905
       25600.     -3.272478
       25610.      -3.27505
       25620.     -3.277623
       25630.     -3.280196
       25640.     -3.282768
       25650.     -3.285343
       25660.     -3.287917
       25670.     -3.290491
       25680.     -3.293065
       25690.      -3.29564
       25700.     -3.298215
       25710.     -3.300791
       25720.     -3.303366
       25730.     -3.305943
       25740.     -3.308519
       25750.     -3.311095
       25760.     -3.313672
       25770.      -3.31625
       25780.     -3.318827
       25790.     -3.321404
       25800.     -3.323983
       25810.     -3.326561
       25820.     -3.329141
       25830.     -3.331719
       25840.     -3.334299
       25850.     -3.336878
       25860.     -3.339457
       25870.     -3.342038
       25880.     -3.344619
       25890.       -3.3472
       25900.      -3.34978
       25910.     -3.352362
       25920.     -3.354943
       25930.     -3.357526
       25940.     -3.360108
       25950.     -3.362691
       25960.     -3.365274
       25970.     -3.367856
       25980.      -3.37044
       25990.     -3.373025
       26000.     -3.375608
       26010.     -3.378192
       26020.     -3.380778
       26030.     -3.383363
       26040.     -3.385948
       26050.     -3.388533
       26060.      -3.39112
       26070.     -3.393705
       26080.     -3.396291
       26090.     -3.398879
       26100.     -3.401467
       26110.     -3.404053
       26120.     -3.406641
       26130.     -3.409229
       26140.     -3.411817
       26150.     -3.414407
       26160.     -3.416995
       26170.     -3.419585
       26180.     -3.422174
       26190.     -3.424763
       26200.     -3.427354
       26210.     -3.429945
       26220.     -3.432535
       26230.     -3.435126
       26240.     -3.437718
       26250.     -3.440309
       26260.     -3.442901
       26270.     -3.445493
       26280.     -3.448086
       26290.     -3.450679
       26300.     -3.453271
       26310.     -3.455865
       26320.      -3.45846
       26330.     -3.461053
       26340.     -3.463647
       26350.     -3.466242
       26360.     -3.468837
       26370.     -3.471433
       26380.     -3.474028
       26390.     -3.476624
       26400.      -3.47922
       26410.     -3.481817
       26420.     -3.484413
       26430.     -3.487011
       26440.     -3.489608
       26450.     -3.492205
       26460.     -3.494804
       26470.     -3.497401
       26480.          -3.5
       26490.     -3.502599
       26500.     -3.505198
       26510.     -3.507797
       26520.     -3.510398
       26530.     -3.512998
       26540.     -3.515598
       26550.     -3.518198
       26560.     -3.520799
       26570.     -3.523401
       26580.     -3.526002
       26590.     -3.528604
       26600.     -3.531206
       26610.     -3.533809
       26620.     -3.536411
       26630.     -3.539015
       26640.     -3.541618
       26650.     -3.544222
       26660.     -3.546826
       26670.     -3.549429
       26680.     -3.552035
       26690.     -3.554639
       26700.     -3.557245
       26710.      -3.55985
       26720.     -3.562456
       26730.     -3.565062
       26740.     -3.567669
       26750.     -3.570275
       26760.     -3.572882
       26770.     -3.575489
       26780.     -3.578096
       26790.     -3.580705
       26800.     -3.583313
       26810.     -3.585922
       26820.      -3.58853
       26830.      -3.59114
       26840.     -3.593749
       26850.     -3.596359
       26860.     -3.598968
       26870.     -3.601579
       26880.     -3.604189
       26890.     -3.606801
       26900.     -3.609411
       26910.     -3.612022
       26920.     -3.614635
       26930.     -3.617246
       26940.     -3.619859
       26950.     -3.622472
       26960.     -3.625085
       26970.     -3.627698
       26980.     -3.630312
       26990.     -3.632926
       27000.      -3.63554
       27010.     -3.638155
       27020.     -3.640769
       27030.     -3.643384
       27040.     -3.645999
       27050.     -3.648616
       27060.     -3.651231
       27070.     -3.653848
       27080.     -3.656464
       27090.     -3.659082
       27100.     -3.661698
       27110.     -3.664316
       27120.     -3.666934
       27130.     -3.669551
       27140.      -3.67217
       27150.     -3.674789
       27160.     -3.677408
       27170.     -3.680027
       27180.     -3.682647
       27190.     -3.685267
       27200.     -3.687888
       27210.     -3.690508
       27220.     -3.693129
       27230.      -3.69575
       27240.      -3.69837
       27250.     -3.700993
       27260.     -3.703614
       27270.     -3.706237
       27280.     -3.708859
       27290.     -3.711483
       27300.     -3.714106
       27310.      -3.71673
       27320.     -3.719354
       27330.     -3.721978
       27340.     -3.724602
       27350.     -3.727226
       27360.     -3.729852
       27370.     -3.732476
       27380.     -3.735103
       27390.     -3.737728
       27400.     -3.740355
       27410.     -3.742981
       27420.     -3.745609
       27430.     -3.748235
       27440.     -3.750863
       27450.      -3.75349
       27460.     -3.756118
       27470.     -3.758747
       27480.     -3.761376
       27490.     -3.764004
       27500.     -3.766633
       27510.     -3.769264
       27520.     -3.771893
       27530.     -3.774523
       27540.     -3.777153
       27550.     -3.779785
       27560.     -3.782415
       27570.     -3.785046
       27580.     -3.787678
       27590.     -3.790311
       27600.     -3.792943
       27610.     -3.795575
       27620.     -3.798208
       27630.     -3.800841
       27640.     -3.803475
       27650.     -3.806108
       27660.     -3.808743
       27670.     -3.811377
       27680.     -3.814011
       27690.     -3.816646
       27700.     -3.819282
       27710.     -3.821917
       27720.     -3.824553
       27730.     -3.827189
       27740.     -3.829825
       27750.     -3.832463
       27760.     -3.835099
       27770.     -3.837737
       27780.     -3.840374
       27790.     -3.843012
       27800.     -3.845651
       27810.      -3.84829
       27820.     -3.850928
       27830.     -3.853567
       27840.     -3.856207
       27850.     -3.858846
       27860.     -3.861487
       27870.     -3.864127
       27880.     -3.866768
       27890.     -3.869409
       27900.     -3.872049
       27910.     -3.874692
       27920.     -3.877334
       27930.     -3.879976
       27940.     -3.882618
       27950.     -3.885261
       27960.     -3.887904
       27970.     -3.890548
       27980.     -3.893191
       27990.     -3.895835
       28000.     -3.898479
       28010.     -3.901123
       28020.     -3.903769
       28030.     -3.906415
       28040.      -3.90906
       28050.     -3.911705
       28060.     -3.914351
       28070.     -3.916997
       28080.     -3.919645
       28090.     -3.922291
       28100.     -3.924939
       28110.     -3.927586
       28120.     -3.930233
       28130.     -3.932882
       28140.     -3.935531
       28150.      -3.93818
       28160.     -3.940828
       28170.     -3.943478
       28180.     -3.946127
       28190.     -3.948778
       28200.     -3.951428
       28210.     -3.954079
       28220.     -3.956729
       28230.     -3.959381
       28240.     -3.962032
       28250.     -3.964685
       28260.     -3.967336
       28270.     -3.969988
       28280.     -3.972641
       28290.     -3.975294
       28300.     -3.977948
       28310.     -3.980601
       28320.     -3.983256
       28330.     -3.985909
       28340.     -3.988564
       28350.     -3.991219
       28360.     -3.993874
       28370.     -3.996529
       28380.     -3.999184
       28390.     -4.001841
       28400.     -4.004497
       28410.     -4.007154
       28420.      -4.00981
       28430.     -4.012468
       28440.     -4.015125
       28450.     -4.017784
       28460.     -4.020442
       28470.       -4.0231
       28480.     -4.025759
       28490.     -4.028417
       28500.     -4.031077
       28510.     -4.033736
       28520.     -4.036397
       28530.     -4.039056
       28540.     -4.041718
       28550.     -4.044378
       28560.      -4.04704
       28570.     -4.049701
       28580.     -4.052363
       28590.     -4.055024
       28600.     -4.057686
       28610.     -4.060349
       28620.     -4.063012
       28630.     -4.065676
       28640.     -4.068339
       28650.     -4.071003
       28660.     -4.073667
       28670.     -4.076332
       28680.     -4.078996
       28690.     -4.081662
       28700.     -4.084327
       28710.     -4.086993
       28720.     -4.089658
       28730.     -4.092324
       28740.     -4.094991
       28750.     -4.097657
       28760.     -4.100325
       28770.     -4.102992
       28780.      -4.10566
       28790.     -4.108328
       28800.     -4.110997
       28810.     -4.113665
       28820.     -4.116334
       28830.     -4.119003
       28840.     -4.121672
       28850.     -4.124343
       28860.     -4.127012
       28870.     -4.129683
       28880.     -4.132354
       28890.     -4.135026
       28900.     -4.137696
       28910.     -4.140368
       28920.      -4.14304
       28930.     -4.145713
       28940.     -4.148385
       28950.     -4.151057
       28960.     -4.153731
       28970.     -4.156404
       28980.     -4.159078
       28990.     -4.161752
       29000.     -4.164427
       29010.     -4.167101
       29020.     -4.169776
       29030.     -4.172451
       29040.     -4.175128
       29050.     -4.177803
       29060.     -4.180479
       29070.     -4.183156
       29080.     -4.185832
       29090.     -4.188509
       29100.     -4.191186
       29110.     -4.193865
       29120.     -4.196542
       29130.     -4.199221
       29140.     -4.201899
       29150.     -4.204578
       29160.     -4.207257
       29170.     -4.209936
       29180.     -4.212616
       29190.     -4.215296
       29200.     -4.217977
       29210.     -4.220657
       29220.     -4.223339
       29230.     -4.226019
       29240.     -4.228702
       29250.     -4.231383
       29260.     -4.234066
       29270.     -4.236748
       29280.      -4.23943
       29290.     -4.242114
       29300.     -4.244797
       29310.     -4.247481
       29320.     -4.250165
       29330.      -4.25285
       29340.     -4.255534
       29350.     -4.258219
       29360.     -4.260904
       29370.      -4.26359
       29380.     -4.266275
       29390.      -4.26896
       29400.     -4.271647
       29410.     -4.274334
       29420.     -4.277021
       29430.     -4.279708
       29440.     -4.282396
       29450.     -4.285084
       29460.     -4.287773
       29470.     -4.290461
       29480.      -4.29315
       29490.     -4.295838
       29500.     -4.298527
       29510.     -4.301218
       29520.     -4.303907
       29530.     -4.306598
       29540.     -4.309288
       29550.      -4.31198
       29560.     -4.314671
       29570.     -4.317362
       29580.     -4.320054
       29590.     -4.322747
       29600.     -4.325438
       29610.     -4.328131
       29620.     -4.330824
       29630.     -4.333517
       29640.     -4.336211
       29650.     -4.338905
       29660.     -4.341599
       29670.     -4.344294
       29680.     -4.346989
       29690.     -4.349684
       29700.     -4.352379
       29710.     -4.355075
       29720.      -4.35777
       29730.     -4.360467
       29740.     -4.363163
       29750.     -4.365861
       29760.     -4.368557
       29770.     -4.371256
       29780.     -4.373953
       29790.     -4.376652
       29800.      -4.37935
       29810.     -4.382049
       29820.     -4.384748
       29830.     -4.387446
       29840.     -4.390147
       29850.     -4.392847
       29860.     -4.395547
       29870.     -4.398247
       29880.     -4.400948
       29890.     -4.403649
       29900.     -4.406351
       29910.     -4.409052
       29920.     -4.411755
       29930.     -4.414456
       29940.      -4.41716
       29950.     -4.419862
       29960.     -4.422565
       29970.     -4.425269
       29980.     -4.427973
       29990.     -4.430677
       30000.     -4.433381
