        1850.   3.838065E-6         1860.
        1870.   2.191864E-4         1880.
        1890.   3.821685E-6         1900.
        1910.   8.003732E-7         1920.
        1930.   5.355273E-5         1940.
        1950.   2.855258E-6         1960.
        1970.   5.896840E-7         1980.
        1990.   1.149679E-6         2000.
        2010.   7.428380E-7         2020.
        2030.   3.482821E-6         2040.
        2050.   1.560206E-6         2060.
        2070.   6.670800E-7         2080.
        2090.   3.636385E-7         2100.
        2110.   2.910541E-6         2120.
        2130.   4.475866E-6         2140.
        2150.   2.451898E-6         2160.
        2170.   1.543826E-6         2180.
        2190.   1.020686E-6         2200.
        2210.   1.223390E-5         2220.
        2230.   7.177561E-7         2240.
        2250.   7.254342E-6         2260.
        2270.   5.299990E-7         2280.
        2290.   3.237119E-7         2300.
        2310.   7.415072E-7         2320.
        2330.   1.232603E-6         2340.
        2350.   1.491614E-6         2360.
        2370.   3.313901E-7         2380.
        2390.   3.076390E-6         2400.
        2410.   6.080093E-6         2420.
        2430.   4.224021E-7         2440.
        2450.   3.237119E-7         2460.
        2470.   3.296498E-7         2480.
        2490.   4.796302E-7         2500.
        2510.   3.237119E-7         2520.
        2530.   4.307969E-6         2540.
        2550.   5.091144E-6         2560.
        2570.   2.221553E-6         2580.
        2590.   6.400529E-7         2600.
        2610.   8.196199E-7         2620.
        2630.   3.237119E-7         2640.
        2650.   4.064315E-7         2660.
        2670.   5.539549E-6         2680.
        2690.   4.715424E-6         2700.
        2710.   3.180813E-6         2720.
        2730.   9.390923E-7         2740.
        2750.   3.035439E-6         2760.
        2770.   3.237119E-7         2780.
        2790.   1.381048E-6         2800.
        2810.   3.237119E-7         2820.
        2830.   3.757188E-7         2840.
        2850.   4.439010E-7         2860.
        2870.   5.191472E-7         2880.
        2890.   7.731413E-7         2900.
        2910.   1.255126E-6         2920.
        2930.   1.011984E-6         2940.
        2950.   4.531149E-6         2960.
        2970.   9.644815E-6         2980.
        2990.   1.481376E-6         3000.
        3010.   6.388243E-6         3020.
        3030.   2.101773E-6         3040.
        3050.   7.043448E-7         3060.
        3070.   7.399715E-7         3080.
        3090.   1.387191E-6         3100.
        3110.   7.081327E-7         3120.
        3130.   2.866519E-6         3140.
        3150.   5.632711E-6         3160.
        3170.   6.215229E-7         3180.
        3190.   1.027852E-6         3200.
        3210.   3.338472E-6         3220.
        3230.   2.091535E-6         3240.
        3250.   9.447229E-6         3260.
        3270.   1.304266E-6         3280.
        3290.   5.117761E-6         3300.
        3310.   3.414229E-6         3320.
        3330.   1.198819E-6         3340.
        3350.   6.682062E-6         3360.
        3370.   1.349312E-5         3380.
        3390.   1.006660E-6         3400.
        3410.   5.700279E-6         3420.
        3430.   6.630874E-6         3440.
        3450.   6.913431E-6         3460.
        3470.   7.771339E-6         3480.
        3490.   1.533588E-5         3500.
        3510.   2.167294E-5         3520.
        3530.   2.273764E-5         3540.
        3550.   1.492638E-5         3560.
        3570.   1.011267E-5         3580.
        3590.   1.675890E-5         3600.
        3610.   2.877781E-5         3620.
        3630.   2.129414E-5         3640.
        3650.   2.363855E-5         3660.
        3670.   2.172412E-5         3680.
        3690.   2.256360E-5         3700.
        3710.   2.993465E-5         3720.
        3730.   3.111197E-5         3740.
        3750.   3.254523E-5         3760.
        3770.   3.212550E-5         3780.
        3790.   3.169552E-5         3800.
        3810.   3.387612E-5         3820.
        3830.   3.270903E-5         3840.
        3850.   4.019270E-5         3860.
        3870.   4.019270E-5         3880.
        3890.   4.300803E-5         3900.
        3910.   4.073529E-5         3920.
        3930.   4.810634E-5         3940.
        3950.   4.561861E-5         3960.
        3970.   4.698021E-5         3980.
        3990.   4.862846E-5         4000.
        4010.   4.853632E-5         4020.
        4030.   4.749209E-5         4040.
        4050.   5.013338E-5         4060.
        4070.   5.051217E-5         4080.
        4090.   5.024600E-5         4100.
        4110.   5.505765E-5         4120.
        4130.   5.394176E-5         4140.
        4150.   5.574357E-5         4160.
        4170.   5.566167E-5         4180.
        4190.   5.760681E-5         4200.
        4210.   5.846676E-5         4220.
        4230.   5.775013E-5         4240.
        4250.   5.880460E-5         4260.
        4270.   5.320465E-5         4280.
        4290.   4.413417E-5         4300.
        4310.   3.340519E-5         4320.
        4330.   3.550389E-5         4340.
        4350.   3.505344E-5         4360.
        4370.   2.790761E-5         4380.
        4390.   6.882718E-5         4400.
        4410.   9.117580E-5         4420.
        4430.   1.054470E-4         4440.
        4450.   1.002975E-4         4460.
        4470.   7.207249E-5         4480.
        4490.   6.411790E-5         4500.
        4510.   6.508023E-5         4520.
        4530.   6.573543E-5         4540.
        4550.   6.457859E-5         4560.
        4570.   6.460930E-5         4580.
        4590.   6.378006E-5         4600.
        4610.   6.315557E-5         4620.
        4630.   6.460930E-5         4640.
        4650.   6.782390E-5         4660.
        4670.   6.454788E-5         4680.
        4690.   6.483453E-5         4700.
        4710.   6.645206E-5         4720.
        4730.   7.817408E-5         4740.
        4750.   1.248983E-4         4760.
        4770.   3.276022E-4         4780.
        4790.   0.001157869         4800.
        4810.   0.004092981         4820.
        4830.    0.01259221         4840.
        4850.     0.0328626         4860.
        4870.    0.07134562         4880.
        4890.     0.1306314         4900.
        4910.     0.2093583         4920.
        4930.      0.300575         4940.
        4950.     0.3957844         4960.
        4970.     0.4878202         4980.
        4990.     0.5712564         5000.
        5010.      0.643636         5020.
        5030.     0.7048567         5040.
        5050.     0.7549184         5060.
        5070.     0.7964829         5080.
        5090.     0.8294479         5100.
        5110.     0.8559632         5120.
        5130.      0.877155         5140.
        5150.     0.8942517         5160.
        5170.     0.9073558         5180.
        5190.     0.9176958         5200.
        5210.     0.9257834         5220.
        5230.     0.9321307         5240.
        5250.       0.93684         5260.
        5270.      0.939297         5280.
        5290.     0.9412422         5300.
        5310.     0.9421635         5320.
        5330.      0.941754         5340.
        5350.     0.9406279         5360.
        5370.     0.9385804         5380.
        5390.     0.9358162         5400.
        5410.     0.9322331         5420.
        5430.     0.9279333         5440.
        5450.     0.9228145         5460.
        5470.     0.9170815         5480.
        5490.     0.9110414         5500.
        5510.     0.9036703         5520.
        5530.     0.8961968         5540.
        5550.     0.8876997         5560.
        5570.     0.8785883         5580.
        5590.     0.8686578         5600.
        5610.     0.8582155         5620.
        5630.     0.8467494         5640.
        5650.     0.8349762         5660.
        5670.     0.8222816         5680.
        5690.     0.8100989         5700.
        5710.     0.7965853         5720.
        5730.     0.7824575         5740.
        5750.     0.7669987         5760.
        5770.     0.7518471         5780.
        5790.     0.7356718         5800.
        5810.     0.7188821         5820.
        5830.     0.7017854         5840.
        5850.     0.6841767         5860.
        5870.      0.666261         5880.
        5890.     0.6478334         5900.
        5910.     0.6293035         5920.
        5930.     0.6105687         5940.
        5950.     0.5911173         5960.
        5970.     0.5721778         5980.
        5990.      0.552624         6000.
        6010.      0.533275         6020.
        6030.     0.5137212         6040.
        6050.     0.4935533         6060.
        6070.     0.4741018         6080.
        6090.     0.4546505         6100.
        6110.     0.4353015         6120.
        6130.     0.4162596         6140.
        6150.     0.3974225         6160.
        6170.     0.3789949         6180.
        6190.     0.3608743         6200.
        6210.     0.3427538         6220.
        6230.     0.3252476         6240.
        6250.     0.3083556         6260.
        6270.     0.2916684         6280.
        6290.     0.2756978         6300.
        6310.     0.2601366         6320.
        6330.     0.2450874         6340.
        6350.     0.2304477         6360.
        6370.     0.2164222         6380.
        6390.     0.2029086         6400.
        6410.     0.1897022         6420.
        6430.     0.1772123         6440.
        6450.     0.1654391         6460.
        6470.      0.153973         6480.
        6490.     0.1434284         6500.
        6510.     0.1333955         6520.
        6530.     0.1237722         6540.
        6550.     0.1145584         6560.
        6570.     0.1058565         6580.
        6590.    0.09764594         6600.
        6610.    0.08992681         6620.
        6630.    0.08288337         6640.
        6650.    0.07618799         6660.
        6670.     0.0699226         6680.
        6690.    0.06400529         6700.
        6710.    0.05853842         6720.
        6730.    0.05341964         6740.
        6750.    0.04873083         6760.
        6770.    0.04428773         6780.
        6790.    0.04025412         6800.
        6810.     0.0364867         6820.
        6830.    0.03300592         6840.
        6940.    0.02420161         6950.
        6960.    0.02178555         6970.
        6980.    0.01958447         6990.
        7000.    0.01758814         7010.
        7020.     0.0157761         7030.
        7040.    0.01412785         7050.
        7060.    0.01265364         7070.
        7080.    0.01132275         7090.
        7100.    0.01011779         7110.
        7120.   0.009035679         7130.
        7140.   0.008063111         7150.
        7160.   0.007190869         7170.
        7180.   0.006405647         7190.
        7200.   0.005701303         7210.
        7220.   0.005076811         7230.
        7240.   0.004514768         7250.
        7260.   0.004013127         7270.
        7280.   0.003570864         7290.
        7300.   0.003172623         7310.
        7320.   0.002819427         7330.
        7340.    0.00250411         7350.
        7360.   0.002224624         7370.
        7380.   0.001975851         7390.
        7400.    0.00175472         7410.
        7420.   0.001557134         7430.
        7440.   0.001380024         7450.
        7460.   0.001228508         7470.
        7480.   0.001089277         7490.
        7500.   9.682694E-4         7510.
        7520.   8.603653E-4         7530.
        7540.   7.662821E-4         7550.
        7560.   6.814126E-4         7570.
        7580.   6.060642E-4         7590.
        7600.   5.424888E-4         7610.
        7620.   4.829062E-4         7630.
        7640.   4.295684E-4         7650.
        7660.   3.856492E-4         7670.
        7680.   3.441871E-4         7690.
        7700.   3.063081E-4         7710.
        7720.   2.753906E-4         7730.
        7740.   2.472373E-4         7750.
        7760.   2.217458E-4         7770.
        7780.   1.980970E-4         7790.
        7800.   1.790551E-4         7810.
        7820.   1.613441E-4         7830.
        7840.   1.439402E-4         7850.
        7860.   1.314504E-4         7870.
        7880.   1.181416E-4         7890.
        7900.   1.064707E-4         7910.
        7920.   9.680646E-5         7930.
        7940.   8.754146E-5         7950.
        7960.   7.760078E-5         7970.
        7980.   7.343409E-5         7990.
        8000.   8.421425E-5         8010.
        8020.   7.423262E-5         8030.
        8040.   5.777061E-5         8050.
        8060.   6.791604E-5         8070.
        8080.   4.969316E-5         8090.
        8100.   4.821895E-5         8110.
        8120.   4.483032E-5         8130.
        8140.   4.254734E-5         8150.
        8160.   4.060220E-5         8170.
        8180.   4.624310E-5         8190.
        8200.   3.808376E-5         8210.
        8220.   2.430399E-5         8230.
        8240.   3.886181E-5         8250.
        8260.   2.122248E-5         8270.
        8280.   2.926921E-5         8290.
        8300.   3.022131E-5         8310.
        8320.   1.707627E-5         8330.
        8340.   3.272951E-5         8350.
        8360.   2.417090E-5         8370.
        8380.   1.086206E-5         8390.
        8400.   1.900093E-5         8410.
        8420.   2.557345E-5         8430.
        8440.   1.678961E-5         8450.
        8460.   2.066965E-5         8470.
        8480.   1.985065E-5         8490.
        8500.   1.438379E-5         8510.
        8520.   2.137604E-5         8530.
        8540.   1.569420E-5         8550.
        8560.   1.232603E-5         8570.
        8580.   1.735268E-5         8590.
        8600.   8.243292E-6         8610.
        8620.   2.950468E-5         8630.
        8640.   1.134323E-5         8650.
        8660.   8.524824E-6         8670.
        8680.   4.721567E-6         8690.
        8700.   1.313480E-5         8710.
        8720.   1.463972E-5         8730.
        8740.   1.997350E-5         8750.
        8760.   8.702958E-6         8770.
        8780.   7.232843E-6         8790.
        8800.   7.505162E-6         8810.
        8820.   1.734244E-5         8830.
        8840.   2.135557E-5         8850.
        8860.   5.910149E-6         8870.
        8880.   9.206647E-6         8890.
        8900.   7.387430E-6         8910.
        8920.   5.005148E-6         8930.
        8940.   1.410737E-5         8950.
        8960.   3.078437E-6         8970.
        8980.   9.174910E-6         8990.
        9000.   1.517208E-5         9010.
        9020.   1.253079E-5         9030.
        9040.   1.892927E-5         9050.
        9060.   5.790370E-6         9070.
        9080.   1.634940E-5         9090.
        9100.   7.673058E-6         9110.
        9120.   1.708650E-6         9130.
        9140.   5.126975E-6         9150.
        9160.   5.798560E-6         9170.
        9180.   1.114871E-5         9190.
        9200.   6.341151E-6         9210.
        9220.   1.635964E-5         9230.
        9240.   4.999005E-6         9250.
        9260.   7.684320E-6         9270.
        9280.   1.840715E-5         9290.
        9300.   1.725030E-5         9310.
        9320.   1.700460E-5         9330.
        9340.   1.460901E-5         9350.
        9360.   1.873475E-5         9370.
        9380.   8.106108E-6         9390.
        9400.   1.171178E-5         9410.
        9420.   1.185511E-5         9430.
        9440.   6.196801E-6         9450.
        9460.   1.969709E-5         9470.
        9480.   7.214415E-6         9490.
        9500.   9.418564E-6         9510.
        9520.   1.253079E-5         9530.
        9540.   1.701484E-5         9550.
        9560.   7.265603E-6         9570.
        9580.   1.634940E-5         9590.
        9600.   2.144771E-5         9610.
        9620.   1.327813E-5         9630.
        9640.   1.509018E-5         9650.
        9660.   2.349522E-5         9670.
        9680.   7.564540E-6         9690.
        9700.   1.643130E-5         9710.
        9720.   1.639035E-5         9730.
        9740.   2.187769E-5         9750.
        9760.   1.553039E-5         9770.
        9780.   1.763933E-5         9790.
        9800.   1.976875E-5         9810.
        9820.   2.815332E-5         9830.
        9840.   1.985065E-5         9850.
        9860.   3.002679E-5         9870.
        9880.   1.298124E-5         9890.
        9900.   1.842763E-5         9910.
        9920.   3.278070E-5         9930.
        9940.   3.007798E-5         9950.
        9960.   2.050585E-5         9970.
        9980.   2.138628E-5         9990.
       10000.   2.765168E-5        10010.
       10020.   3.319020E-5        10030.
       10040.   3.695763E-5        10050.
       10060.   3.632290E-5        10070.
       10080.   2.841949E-5        10090.
       10100.   2.959681E-5        10110.
       10120.   2.760049E-5        10130.
       10140.   3.825780E-5        10150.
       10160.   3.692691E-5        10170.
       10180.   3.755141E-5        10190.
       10200.   4.049982E-5        10210.
       10220.   4.867964E-5        10230.
       10240.   5.060431E-5        10250.
       10260.   4.846466E-5        10270.
       10280.   5.345035E-5        10290.
       10300.   5.304085E-5        10310.
       10320.   5.609165E-5        10330.
       10340.   5.590737E-5        10350.
       10360.   7.100779E-5        10370.
       10380.   5.526240E-5        10390.
       10400.   7.343409E-5        10410.
       10420.   6.538736E-5        10430.
       10440.   7.640298E-5        10450.
       10460.   8.049802E-5        10470.
       10480.   8.485922E-5        10490.
       10500.   8.599558E-5        10510.
       10520.   1.028876E-4        10530.
       10540.   9.111437E-5        10550.
       10560.   1.119990E-4        10570.
       10580.   1.162988E-4        10590.
       10600.   1.114871E-4        10610.
       10620.   1.089277E-4        10630.
       10640.   1.221342E-4        10650.
       10660.   1.228508E-4        10670.
       10680.   1.350336E-4        10690.
       10700.   1.331908E-4        10710.
       10720.   1.424046E-4        10730.
       10740.   1.460901E-4        10750.
       10760.   1.469091E-4        10770.
       10780.   1.618560E-4        10790.
       10800.   1.634940E-4        10810.
       10820.   1.736292E-4        10830.
       10840.   1.740387E-4        10850.
       10860.   1.778266E-4        10870.
       10880.   1.810002E-4        10890.
       10900.   2.013730E-4        10910.
       10920.   2.001445E-4        10930.
       10940.   2.124296E-4        10950.
       10960.   2.093583E-4        10970.
       10980.   2.262503E-4        10990.
       11000.   2.282978E-4         INDEF
