        1216.     0.1024219
        1354.     0.1226651
        1487.     0.1390941
        1545.     0.1559193
        1648.     0.1621853
        1750.     0.1759743
        1879.     0.1732642
        2000.     0.1623084
        2138.     0.1589652
        2296.      0.159214
        2537.     0.1661061
        2700.      0.149148
        2900.     0.1476865
        3100.      0.126012
        4000.     0.1675477
        4200.      0.161037
        4500.      0.169103
        5000.     0.2513272
        5600.     0.3728806
        6000.     0.4236902
        6500.     0.4440942
        7000.     0.4474569
        7500.      0.412394
        8000.     0.3453269
        8500.     0.2526765
        9000.     0.1588792
        9500.    0.07510075
       10000.     0.0251632
       10500.   0.003686895
       11000.   7.139114E-4
