         100.            0.            0.
        1910.            0.            0.
        1920.   9.494082E-6            0.
        1930.            0.            0.
        1940.            0.            0.
        1950.            0.            0.
        1960.            0.            0.
        1970.   9.494082E-6            0.
        1980.            0.            0.
        1990.            0.            0.
        2000.            0.            0.
        2010.            0.            0.
        2020.            0.            0.
        2030.            0.            0.
        2040.            0.            0.
        2050.            0.            0.
        2060.            0.            0.
        2070.            0.            0.
        2080.            0.            0.
        2090.            0.            0.
        2100.            0.            0.
        2110.            0.            0.
        2120.            0.            0.
        2130.            0.            0.
        2140.            0.            0.
        2150.            0.            0.
        2160.            0.            0.
        2170.            0.            0.
        2180.            0.            0.
        2190.            0.            0.
        2200.            0.            0.
        2210.            0.            0.
        2220.            0.            0.
        2230.            0.            0.
        2240.            0.            0.
        2250.            0.            0.
        2260.            0.            0.
        2270.            0.            0.
        2280.            0.            0.
        2290.            0.            0.
        2300.            0.            0.
        2310.            0.            0.
        2320.            0.            0.
        2330.            0.            0.
        2340.            0.            0.
        2350.            0.            0.
        2360.            0.            0.
        2370.            0.            0.
        2380.            0.            0.
        2390.            0.            0.
        2400.            0.            0.
        2410.            0.            0.
        2420.            0.            0.
        2430.            0.            0.
        2440.            0.            0.
        2450.            0.            0.
        2460.            0.            0.
        2470.            0.            0.
        2480.            0.            0.
        2490.            0.            0.
        2500.            0.            0.
        2510.            0.            0.
        2520.            0.            0.
        2530.            0.            0.
        2540.            0.            0.
        2550.            0.            0.
        2560.            0.            0.
        2570.            0.            0.
        2580.            0.            0.
        2590.            0.            0.
        2600.            0.            0.
        2610.            0.            0.
        2620.            0.            0.
        2630.            0.            0.
        2640.            0.            0.
        2650.            0.            0.
        2660.            0.            0.
        2670.            0.            0.
        2680.            0.            0.
        2690.            0.            0.
        2700.            0.            0.
        2710.            0.            0.
        2720.            0.            0.
        2730.            0.            0.
        2740.            0.            0.
        2750.            0.            0.
        2760.            0.            0.
        2770.            0.            0.
        2780.            0.            0.
        2790.            0.            0.
        2800.            0.            0.
        2810.            0.            0.
        2820.            0.            0.
        2830.            0.            0.
        2840.            0.            0.
        2850.            0.            0.
        2860.            0.            0.
        2870.            0.            0.
        2880.            0.            0.
        2890.            0.            0.
        2900.            0.            0.
        2910.            0.            0.
        2920.            0.            0.
        2930.            0.            0.
        2940.            0.            0.
        2950.            0.            0.
        2960.            0.            0.
        2970.            0.            0.
        2980.            0.            0.
        2990.            0.            0.
        3000.            0.            0.
        3010.            0.            0.
        3020.            0.            0.
        3030.            0.            0.
        3040.            0.            0.
        3050.            0.            0.
        3060.            0.            0.
        3070.            0.            0.
        3080.            0.            0.
        3090.            0.            0.
        3100.            0.            0.
        3110.            0.            0.
        3120.            0.            0.
        3130.            0.            0.
        3140.            0.            0.
        3150.            0.            0.
        3160.            0.            0.
        3170.            0.            0.
        3180.            0.            0.
        3190.            0.            0.
        3200.            0.            0.
        3210.            0.            0.
        3220.            0.            0.
        3230.            0.            0.
        3240.            0.            0.
        3250.            0.            0.
        3260.            0.            0.
        3270.            0.            0.
        3280.            0.            0.
        3290.            0.            0.
        3300.            0.            0.
        3310.            0.            0.
        3320.            0.            0.
        3330.            0.            0.
        3340.            0.            0.
        3350.            0.            0.
        3360.            0.            0.
        3370.            0.            0.
        3380.            0.            0.
        3390.            0.            0.
        3400.            0.            0.
        3410.            0.            0.
        3420.            0.            0.
        3430.            0.            0.
        3440.            0.            0.
        3450.            0.            0.
        3460.            0.            0.
        3470.            0.            0.
        3480.            0.            0.
        3490.            0.            0.
        3500.            0.            0.
        3510.            0.            0.
        3520.            0.            0.
        3530.            0.            0.
        3540.            0.            0.
        3550.            0.            0.
        3560.            0.            0.
        3570.            0.            0.
        3580.            0.            0.
        3590.            0.            0.
        3600.            0.            0.
        3610.            0.            0.
        3620.            0.            0.
        3630.            0.            0.
        3640.            0.            0.
        3650.            0.            0.
        3660.            0.            0.
        3670.            0.            0.
        3680.            0.            0.
        3690.            0.            0.
        3700.            0.            0.
        3710.            0.            0.
        3720.            0.            0.
        3730.            0.            0.
        3740.            0.            0.
        3750.            0.            0.
        3760.            0.            0.
        3770.            0.            0.
        3780.            0.            0.
        3790.            0.            0.
        3800.            0.            0.
        3810.            0.            0.
        3820.            0.            0.
        3830.            0.            0.
        3840.            0.            0.
        3850.            0.            0.
        3860.            0.            0.
        3870.            0.            0.
        3880.            0.            0.
        3890.            0.            0.
        3900.            0.            0.
        3910.            0.            0.
        3920.            0.            0.
        3930.            0.            0.
        3940.            0.            0.
        3950.            0.            0.
        3960.            0.            0.
        3970.            0.            0.
        3980.            0.            0.
        3990.            0.            0.
        4000.            0.            0.
        4010.            0.            0.
        4020.            0.            0.
        4030.            0.            0.
        4040.            0.            0.
        4050.            0.            0.
        4060.            0.            0.
        4070.            0.            0.
        4080.            0.            0.
        4090.            0.            0.
        4100.            0.            0.
        4110.            0.            0.
        4120.            0.            0.
        4130.            0.            0.
        4140.            0.            0.
        4150.            0.            0.
        4160.            0.            0.
        4170.            0.            0.
        4180.            0.            0.
        4190.            0.            0.
        4200.            0.            0.
        4210.            0.            0.
        4220.            0.            0.
        4230.   9.494082E-6            0.
        4240.            0.            0.
        4250.            0.            0.
        4260.   9.494082E-6            0.
        4270.   2.848225E-5            0.
        4280.   4.747041E-5            0.
        4290.   3.797633E-5            0.
        4300.   2.848225E-5            0.
        4310.   1.898816E-5            0.
        4320.   1.898816E-5            0.
        4330.   2.848225E-5            0.
        4340.   2.848225E-5            0.
        4350.   1.898816E-5            0.
        4360.   9.494082E-6            0.
        4370.   1.898816E-5            0.
        4380.   2.848225E-5            0.
        4390.   4.747041E-5            0.
        4400.   4.747041E-5            0.
        4410.   3.797633E-5            0.
        4420.   2.848225E-5            0.
        4430.   1.898816E-5            0.
        4440.   1.898816E-5            0.
        4450.   1.898816E-5            0.
        4460.   1.898816E-5            0.
        4470.   9.494082E-6            0.
        4480.   9.494082E-6            0.
        4490.   1.898816E-5            0.
        4500.   2.848225E-5            0.
        4510.   3.797633E-5            0.
        4520.   3.797633E-5            0.
        4530.   3.797633E-5            0.
        4540.   4.747041E-5            0.
        4550.   4.747041E-5            0.
        4560.   4.747041E-5            0.
        4570.   3.797633E-5            0.
        4580.   3.797633E-5            0.
        4590.   3.797633E-5            0.
        4600.   3.797633E-5            0.
        4610.   3.797633E-5            0.
        4620.   2.848225E-5            0.
        4630.   3.797633E-5            0.
        4640.   4.747041E-5            0.
        4650.   5.696450E-5            0.
        4660.   4.747041E-5            0.
        4670.   3.797633E-5            0.
        4680.   1.898816E-5            0.
        4690.   9.494082E-6            0.
        4700.   9.494082E-6            0.
        4710.   1.898816E-5            0.
        4720.   2.848225E-5            0.
        4730.   1.898816E-5            0.
        4740.   9.494082E-6            0.
        4750.            0.            0.
        4760.            0.            0.
        4770.            0.            0.
        4780.            0.            0.
        4790.            0.            0.
        4800.            0.            0.
        4810.            0.            0.
        4820.            0.            0.
        4830.            0.            0.
        4840.            0.            0.
        4850.            0.            0.
        4860.            0.            0.
        4870.            0.            0.
        4880.            0.            0.
        4890.            0.            0.
        4900.            0.            0.
        4910.            0.            0.
        4920.            0.            0.
        4930.            0.            0.
        4940.            0.            0.
        4950.            0.            0.
        4960.            0.            0.
        4970.            0.            0.
        4980.            0.            0.
        4990.            0.            0.
        5000.            0.            0.
        5010.            0.            0.
        5020.            0.            0.
        5030.            0.            0.
        5040.            0.            0.
        5050.            0.            0.
        5060.            0.            0.
        5070.            0.            0.
        5080.   9.494082E-6            0.
        5090.   9.494082E-6            0.
        5100.   9.494082E-6            0.
        5110.   9.494082E-6            0.
        5120.   9.494082E-6            0.
        5130.   9.494082E-6            0.
        5140.   9.494082E-6            0.
        5150.   1.898816E-5            0.
        5160.   9.494082E-6            0.
        5170.   9.494082E-6            0.
        5180.   9.494082E-6            0.
        5190.   9.494082E-6            0.
        5200.   9.494082E-6            0.
        5210.   9.494082E-6            0.
        5220.   9.494082E-6            0.
        5230.   9.494082E-6            0.
        5240.   9.494082E-6            0.
        5250.   9.494082E-6            0.
        5260.   9.494082E-6            0.
        5270.   9.494082E-6            0.
        5280.   9.494082E-6            0.
        5290.   9.494082E-6            0.
        5300.   9.494082E-6            0.
        5310.   9.494082E-6            0.
        5320.   9.494082E-6            0.
        5330.   9.494082E-6            0.
        5340.   9.494082E-6            0.
        5350.   9.494082E-6            0.
        5360.   9.494082E-6            0.
        5370.   9.494082E-6            0.
        5380.   9.494082E-6            0.
        5390.   9.494082E-6            0.
        5400.   9.494082E-6            0.
        5410.   9.494082E-6            0.
        5420.   9.494082E-6            0.
        5430.   9.494082E-6            0.
        5440.   9.494082E-6            0.
        5450.   9.494082E-6            0.
        5460.   9.494082E-6            0.
        5470.   9.494082E-6            0.
        5480.   9.494082E-6            0.
        5490.   9.494082E-6            0.
        5500.   9.494082E-6            0.
        5510.   9.494082E-6            0.
        5520.   9.494082E-6            0.
        5530.   9.494082E-6            0.
        5540.   9.494082E-6            0.
        5550.   9.494082E-6            0.
        5560.   9.494082E-6            0.
        5570.   9.494082E-6            0.
        5580.   9.494082E-6            0.
        5590.   9.494082E-6            0.
        5600.   9.494082E-6            0.
        5610.   9.494082E-6            0.
        5620.   9.494082E-6            0.
        5630.   9.494082E-6            0.
        5640.   9.494082E-6            0.
        5650.   9.494082E-6            0.
        5660.   9.494082E-6            0.
        5670.   9.494082E-6            0.
        5680.   9.494082E-6            0.
        5690.   9.494082E-6            0.
        5700.   9.494082E-6            0.
        5710.   9.494082E-6            0.
        5720.   9.494082E-6            0.
        5730.   9.494082E-6            0.
        5740.   9.494082E-6            0.
        5750.   9.494082E-6            0.
        5760.   9.494082E-6            0.
        5770.   9.494082E-6            0.
        5780.   9.494082E-6            0.
        5790.   9.494082E-6            0.
        5800.   9.494082E-6            0.
        5810.   9.494082E-6            0.
        5820.   9.494082E-6            0.
        5830.   9.494082E-6            0.
        5840.   9.494082E-6            0.
        5850.   9.494082E-6            0.
        5860.   9.494082E-6            0.
        5870.   9.494082E-6            0.
        5880.   9.494082E-6            0.
        5890.   9.494082E-6            0.
        5900.   9.494082E-6            0.
        5910.   9.494082E-6            0.
        5920.   9.494082E-6            0.
        5930.   9.494082E-6            0.
        5940.   9.494082E-6            0.
        5950.   9.494082E-6            0.
        5960.   9.494082E-6            0.
        5970.   9.494082E-6            0.
        5980.   9.494082E-6            0.
        5990.   9.494082E-6            0.
        6000.   9.494082E-6            0.
        6010.   9.494082E-6            0.
        6020.   9.494082E-6            0.
        6030.   9.494082E-6            0.
        6040.   9.494082E-6            0.
        6050.   9.494082E-6            0.
        6060.   9.494082E-6            0.
        6070.   9.494082E-6            0.
        6080.   9.494082E-6            0.
        6090.   9.494082E-6            0.
        6100.   1.898816E-5            0.
        6110.   1.898816E-5            0.
        6144.   9.494083E-5            0.
        6145.   1.898817E-4            0.
        6146.   1.898817E-4            0.
        6147.   2.848225E-4            0.
        6148.   4.747042E-4            0.
        6149.   5.696450E-4            0.
        6150.   7.595266E-4            0.
        6151.   9.494083E-4            0.
        6152.   0.001234231            0.
        6153.   0.001613994            0.
        6154.   0.001993757            0.
        6155.   0.002658343            0.
        6156.   0.003512811            0.
        6157.   0.004462219            0.
        6158.    0.00579139            0.
        6159.   0.007595267            0.
        6160.   0.009589024            0.
        6161.    0.01224737            0.
        6162.    0.01566524            0.
        6163.    0.01974769            0.
        6164.     0.0253492            0.
        6165.    0.03246976            0.
        6166.    0.04167902            0.
        6167.    0.05240734            0.
        6168.    0.06512941            0.
        6169.    0.08221876            0.
        6170.     0.1019664            0.
        6171.     0.1259865            0.
        6172.     0.1527598            0.
        6173.     0.1852296            0.
        6174.     0.2220666            0.
        6175.     0.2639355            0.
        6176.     0.3112161            0.
        6177.     0.3603954            0.
        6178.     0.4097646            0.
        6179.     0.4655898            0.
        6180.     0.5222695            0.
        6181.     0.5736325            0.
        6182.     0.6186345            0.
        6183.     0.6581298            0.
        6184.     0.6911692            0.
        6185.     0.7158539            0.
        6186.     0.7337028            0.
        6187.     0.7485135            0.
        6188.     0.7576278            0.
        6189.     0.7657927            0.
        6190.     0.7711094            0.
        6191.     0.7757615            0.
        6192.     0.7795591            0.
        6193.     0.7822175            0.
        6194.     0.7843062            0.
        6195.     0.7868696            0.
        6196.     0.7883887            0.
        6197.     0.7898127            0.
        6198.     0.7920913            0.
        6199.     0.7928509            0.
        6200.     0.7933256            0.
        6201.     0.7940851            0.
        6202.      0.794275            0.
        6203.       0.79418            0.
        6204.     0.7935154            0.
        6205.     0.7928509            0.
        6206.     0.7919964            0.
        6207.      0.789528            0.
        6208.     0.7864898            0.
        6209.     0.7824074            0.
        6210.     0.7754767            0.
        6211.     0.7673118            0.
        6212.     0.7564886            0.
        6213.     0.7436715            0.
        6214.     0.7264872            0.
        6215.     0.7058851            0.
        6216.     0.6793016            0.
        6217.     0.6476864            0.
        6218.     0.6080011            0.
        6219.     0.5595812            0.
        6220.     0.5058448            0.
        6221.     0.4480258            0.
        6222.     0.3853648            0.
        6223.     0.3254572            0.
        6224.     0.2655495            0.
        6225.     0.2103889            0.
        6226.     0.1648173            0.
        6227.     0.1265561            0.
        6228.    0.09636494            0.
        6229.    0.07243986            0.
        6230.    0.05449603            0.
        6231.    0.04110938            0.
        6232.    0.03104565            0.
        6233.    0.02402003            0.
        6234.     0.0186084            0.
        6235.    0.01433607            0.
        6236.    0.01120302            0.
        6237.   0.008924438            0.
        6238.   0.007025621            0.
        6239.   0.005506568            0.
        6240.   0.004367278            0.
        6241.    0.00341787            0.
        6242.   0.002753284            0.
        6243.   0.002183639            0.
        6244.   0.001708935            0.
        6245.   0.001329172            0.
        6246.   0.001044349            0.
        6247.   8.544674E-4            0.
        6248.   6.645858E-4            0.
        6249.   4.747042E-4            0.
        6250.   3.797633E-4            0.
        6251.   2.848225E-4            0.
        6252.   1.898817E-4            0.
        6253.   9.494083E-5            0.
        6290.   1.898816E-5            0.
        6300.   1.898816E-5            0.
        6310.   9.494082E-6            0.
        6320.   9.494082E-6            0.
        6330.   9.494082E-6            0.
        6340.   9.494082E-6            0.
        6350.   9.494082E-6            0.
        6360.   9.494082E-6            0.
        6370.   9.494082E-6            0.
        6380.   9.494082E-6            0.
        6390.   9.494082E-6            0.
        6400.   9.494082E-6            0.
        6410.   9.494082E-6            0.
        6420.   9.494082E-6            0.
        6430.   9.494082E-6            0.
        6440.   9.494082E-6            0.
        6450.   9.494082E-6            0.
        6460.   9.494082E-6            0.
        6470.   9.494082E-6            0.
        6480.   9.494082E-6            0.
        6490.   9.494082E-6            0.
        6500.   9.494082E-6            0.
        6510.   9.494082E-6            0.
        6520.   9.494082E-6            0.
        6530.   9.494082E-6            0.
        6540.   9.494082E-6            0.
        6550.   9.494082E-6            0.
        6560.   9.494082E-6            0.
        6570.   9.494082E-6            0.
        6580.   9.494082E-6            0.
        6590.   9.494082E-6            0.
        6600.   9.494082E-6            0.
        6610.   9.494082E-6            0.
        6620.   9.494082E-6            0.
        6630.   9.494082E-6            0.
        6640.   9.494082E-6            0.
        6650.   9.494082E-6            0.
        6660.   9.494082E-6            0.
        6670.   9.494082E-6            0.
        6680.   9.494082E-6            0.
        6690.   9.494082E-6            0.
        6700.   9.494082E-6            0.
        6710.   9.494082E-6            0.
        6720.   9.494082E-6            0.
        6730.   9.494082E-6            0.
        6740.   9.494082E-6            0.
        6750.   9.494082E-6            0.
        6760.   9.494082E-6            0.
        6770.   9.494082E-6            0.
        6780.   9.494082E-6            0.
        6790.   9.494082E-6            0.
        6800.   9.494082E-6            0.
        6810.   9.494082E-6            0.
        6820.   9.494082E-6            0.
        6830.   9.494082E-6            0.
        6840.   9.494082E-6            0.
        6850.   9.494082E-6            0.
        6860.   9.494082E-6            0.
        6870.   9.494082E-6            0.
        6880.   9.494082E-6            0.
        6890.   9.494082E-6            0.
        6900.   9.494082E-6            0.
        6910.   9.494082E-6            0.
        6920.   9.494082E-6            0.
        6930.   9.494082E-6            0.
        6940.   9.494082E-6            0.
        6950.   9.494082E-6            0.
        6960.   9.494082E-6            0.
        6970.   9.494082E-6            0.
        6980.   9.494082E-6            0.
        6990.   9.494082E-6            0.
        7000.   9.494082E-6            0.
        7010.   9.494082E-6            0.
        7020.   9.494082E-6            0.
        7030.   9.494082E-6            0.
        7040.   9.494082E-6            0.
        7050.   9.494082E-6            0.
        7060.   9.494082E-6            0.
        7070.   9.494082E-6            0.
        7080.   9.494082E-6            0.
        7090.   9.494082E-6            0.
        7100.   9.494082E-6            0.
        7110.   9.494082E-6            0.
        7120.   9.494082E-6            0.
        7130.   9.494082E-6            0.
        7140.   9.494082E-6            0.
        7150.   9.494082E-6            0.
        7160.   9.494082E-6            0.
        7170.   9.494082E-6            0.
        7180.   9.494082E-6            0.
        7190.   9.494082E-6            0.
        7200.   9.494082E-6            0.
        7210.   9.494082E-6            0.
        7220.   9.494082E-6            0.
        7230.   9.494082E-6            0.
        7240.   9.494082E-6            0.
        7250.   9.494082E-6            0.
        7260.   9.494082E-6            0.
        7270.   9.494082E-6            0.
        7280.   9.494082E-6            0.
        7290.   9.494082E-6            0.
        7300.   9.494082E-6            0.
        7310.   9.494082E-6            0.
        7320.   9.494082E-6            0.
        7330.   9.494082E-6            0.
        7340.   9.494082E-6            0.
        7350.   9.494082E-6            0.
        7360.   9.494082E-6            0.
        7370.   9.494082E-6            0.
        7380.   9.494082E-6            0.
        7390.   9.494082E-6            0.
        7400.   9.494082E-6            0.
        7410.   9.494082E-6            0.
        7420.   9.494082E-6            0.
        7430.   9.494082E-6            0.
        7440.   9.494082E-6            0.
        7450.   9.494082E-6            0.
        7460.   9.494082E-6            0.
        7470.   9.494082E-6            0.
        7480.   9.494082E-6            0.
        7490.   9.494082E-6            0.
        7500.   9.494082E-6            0.
        7510.   9.494082E-6            0.
        7520.   9.494082E-6            0.
        7530.   9.494082E-6            0.
        7540.   9.494082E-6            0.
        7550.   9.494082E-6            0.
        7560.   9.494082E-6            0.
        7570.   9.494082E-6            0.
        7580.   9.494082E-6            0.
        7590.   9.494082E-6            0.
        7600.   9.494082E-6            0.
        7610.   9.494082E-6            0.
        7620.   9.494082E-6            0.
        7630.   9.494082E-6            0.
        7640.   9.494082E-6            0.
        7650.   9.494082E-6            0.
        7660.   9.494082E-6            0.
        7670.   9.494082E-6            0.
        7680.   9.494082E-6            0.
        7690.   9.494082E-6            0.
        7700.   9.494082E-6            0.
        7710.   9.494082E-6            0.
        7720.   9.494082E-6            0.
        7730.   9.494082E-6            0.
        7740.   9.494082E-6            0.
        7750.   9.494082E-6            0.
        7760.   9.494082E-6            0.
        7770.   9.494082E-6            0.
        7780.   9.494082E-6            0.
        7790.   9.494082E-6            0.
        7800.   9.494082E-6            0.
        7810.   9.494082E-6            0.
        7820.   9.494082E-6            0.
        7830.   9.494082E-6            0.
        7840.   9.494082E-6            0.
        7850.   9.494082E-6            0.
        7860.   9.494082E-6            0.
        7870.   9.494082E-6            0.
        7880.   9.494082E-6            0.
        7890.   9.494082E-6            0.
        7900.   9.494082E-6            0.
        7910.   9.494082E-6            0.
        7920.   9.494082E-6            0.
        7930.   9.494082E-6            0.
        7940.   9.494082E-6            0.
        7950.   9.494082E-6            0.
        7960.   9.494082E-6            0.
        7970.   9.494082E-6            0.
        7980.   9.494082E-6            0.
        7990.   9.494082E-6            0.
        8000.   5.221746E-4            0.
        8010.   4.462219E-4            0.
        8020.   4.082455E-4            0.
        8030.   4.841982E-4            0.
        8040.   4.841982E-4            0.
        8050.   5.221746E-4            0.
        8060.   4.936923E-4            0.
        8070.   4.462219E-4            0.
        8080.   4.177396E-4            0.
        8090.   4.747042E-4            0.
        8100.   4.272337E-4            0.
        8110.   4.841982E-4            0.
        8120.   4.747042E-4            0.
        8130.   4.936923E-4            0.
        8140.   5.506568E-4            0.
        8150.   4.652101E-4            0.
        8160.   5.126804E-4            0.
        8170.   4.936923E-4            0.
        8180.   4.652101E-4            0.
        8190.   4.936923E-4            0.
        8200.   5.411627E-4            0.
        8210.   4.936923E-4            0.
        8220.   4.936923E-4            0.
        8230.   4.557160E-4            0.
        8240.   4.652101E-4            0.
        8250.   4.177396E-4            0.
        8260.   5.126804E-4            0.
        8270.   4.652101E-4            0.
        8280.   4.462219E-4            0.
        8290.   4.841982E-4            0.
        8300.   4.272337E-4            0.
        8310.   5.126804E-4            0.
        8320.   4.557160E-4            0.
        8330.   4.557160E-4            0.
        8340.   4.652101E-4            0.
        8350.   4.462219E-4            0.
        8360.   5.221746E-4            0.
        8370.   4.082455E-4            0.
        8380.   5.031864E-4            0.
        8390.   4.936923E-4            0.
        8400.   4.747042E-4            0.
        8410.   4.557160E-4            0.
        8420.   5.886332E-4            0.
        8430.   4.841982E-4            0.
        8440.   5.316687E-4            0.
        8450.   4.841982E-4            0.
        8460.   4.747042E-4            0.
        8470.   4.747042E-4            0.
        8480.   4.841982E-4            0.
        8490.   4.841982E-4            0.
        8500.   4.936923E-4            0.
        8510.   4.557160E-4            0.
        8520.   4.936923E-4            0.
        8530.   4.841982E-4            0.
        8540.   5.126804E-4            0.
        8550.   4.557160E-4            0.
        8560.   4.177396E-4            0.
        8570.   4.272337E-4            0.
        8580.   4.936923E-4            0.
        8590.   4.367278E-4            0.
        8600.   4.272337E-4            0.
        8610.   5.221746E-4            0.
        8620.   4.557160E-4            0.
        8630.   4.747042E-4            0.
        8640.   4.367278E-4            0.
        8650.   5.031864E-4            0.
        8660.   4.841982E-4            0.
        8670.   4.936923E-4            0.
        8680.   4.841982E-4            0.
        8690.   4.652101E-4            0.
        8700.   4.272337E-4            0.
        8710.   4.747042E-4            0.
        8720.   4.652101E-4            0.
        8730.   4.462219E-4            0.
        8740.   4.462219E-4            0.
        8750.   4.177396E-4            0.
        8760.   4.841982E-4            0.
        8770.   4.652101E-4            0.
        8780.   5.031864E-4            0.
        8790.   5.031864E-4            0.
        8800.   4.747042E-4            0.
        8810.   4.652101E-4            0.
        8820.   4.652101E-4            0.
        8830.   4.841982E-4            0.
        8840.   4.747042E-4            0.
        8850.   4.557160E-4            0.
        8860.   4.652101E-4            0.
        8870.   4.557160E-4            0.
        8880.   5.601509E-4            0.
        8890.   4.557160E-4            0.
        8900.   4.747042E-4            0.
        8910.   4.557160E-4            0.
        8920.   5.031864E-4            0.
        8930.   5.221746E-4            0.
        8940.   5.221746E-4            0.
        8950.   5.316687E-4            0.
        8960.   5.221746E-4            0.
        8970.   5.031864E-4            0.
        8980.   4.272337E-4            0.
        8990.   5.031864E-4            0.
        9000.   4.462219E-4            0.
        9010.   4.841982E-4            0.
        9020.   4.557160E-4            0.
        9030.   4.747042E-4            0.
        9040.   5.126804E-4            0.
        9050.   4.367278E-4            0.
        9060.   4.936923E-4            0.
        9070.   5.126804E-4            0.
        9080.   4.841982E-4            0.
        9090.   5.126804E-4            0.
        9100.   4.367278E-4            0.
        9110.   4.652101E-4            0.
        9120.   4.841982E-4            0.
        9130.   4.652101E-4            0.
        9140.   5.031864E-4            0.
        9150.   4.841982E-4            0.
        9160.   4.082455E-4            0.
        9170.   4.936923E-4            0.
        9180.   5.221746E-4            0.
        9190.   5.031864E-4            0.
        9200.   4.936923E-4            0.
        9210.   4.652101E-4            0.
        9220.   4.652101E-4            0.
        9230.   5.126804E-4            0.
        9240.   5.031864E-4            0.
        9250.   4.462219E-4            0.
        9260.   5.031864E-4            0.
        9270.   4.747042E-4            0.
        9280.   5.126804E-4            0.
        9290.   4.747042E-4            0.
        9300.   4.936923E-4            0.
        9310.   5.031864E-4            0.
        9320.   5.221746E-4            0.
        9330.   4.936923E-4            0.
        9340.   4.747042E-4            0.
        9350.   5.411627E-4            0.
        9360.   4.747042E-4            0.
        9370.   4.367278E-4            0.
        9380.   5.221746E-4            0.
        9390.   4.557160E-4            0.
        9400.   4.652101E-4            0.
        9410.   5.221746E-4            0.
        9420.   4.747042E-4            0.
        9430.   5.221746E-4            0.
        9440.   5.316687E-4            0.
        9450.   3.987515E-4            0.
        9460.   4.272337E-4            0.
        9470.   5.031864E-4            0.
        9480.   5.031864E-4            0.
        9490.   4.747042E-4            0.
        9500.   4.652101E-4            0.
        9510.   5.126804E-4            0.
        9520.   4.652101E-4            0.
        9530.   4.652101E-4            0.
        9540.   4.462219E-4            0.
        9550.   4.841982E-4            0.
        9560.   4.936923E-4            0.
        9570.   4.367278E-4            0.
        9580.   5.126804E-4            0.
        9590.   4.557160E-4            0.
        9600.   4.462219E-4            0.
        9610.   4.747042E-4            0.
        9620.   4.557160E-4            0.
        9630.   3.987515E-4            0.
        9640.   4.557160E-4            0.
        9650.   4.747042E-4            0.
        9660.   4.747042E-4            0.
        9670.   4.557160E-4            0.
        9680.   4.557160E-4            0.
        9690.   4.557160E-4            0.
        9700.   4.936923E-4            0.
        9710.   4.557160E-4            0.
        9720.   5.221746E-4            0.
        9730.   4.652101E-4            0.
        9740.   4.177396E-4            0.
        9750.   4.747042E-4            0.
        9760.   4.652101E-4            0.
        9770.   5.506568E-4            0.
        9780.   4.557160E-4            0.
        9790.   4.462219E-4            0.
        9800.   4.272337E-4            0.
        9810.   4.557160E-4            0.
        9820.   5.031864E-4            0.
        9830.   4.557160E-4            0.
        9840.   5.411627E-4            0.
        9850.   5.221746E-4            0.
        9860.   5.126804E-4            0.
        9870.   4.841982E-4            0.
        9880.   4.557160E-4            0.
        9890.   4.557160E-4            0.
        9900.   5.031864E-4            0.
        9910.   5.031864E-4            0.
        9920.   5.316687E-4            0.
        9930.   5.221746E-4            0.
        9940.   5.221746E-4            0.
        9950.   4.841982E-4            0.
        9960.   4.367278E-4            0.
        9970.   4.652101E-4            0.
        9980.   4.936923E-4            0.
        9990.   4.557160E-4            0.
       10000.   5.031864E-4            0.
       10010.   4.652101E-4            0.
       10020.   5.126804E-4            0.
       10030.   4.936923E-4            0.
       10040.   4.936923E-4            0.
       10050.   4.936923E-4            0.
       10060.   4.652101E-4            0.
       10070.   4.841982E-4            0.
       10080.   5.316687E-4            0.
       10090.   4.936923E-4            0.
       10100.   4.841982E-4            0.
       10110.   4.841982E-4            0.
       10120.   4.936923E-4            0.
       10130.   4.841982E-4            0.
       10140.   4.652101E-4            0.
       10150.   4.367278E-4            0.
       10160.   4.936923E-4            0.
       10170.   4.841982E-4            0.
       10180.   4.747042E-4            0.
       10190.   4.841982E-4            0.
       10200.   4.272337E-4            0.
       10210.   4.747042E-4            0.
       10220.   4.841982E-4            0.
       10230.   4.177396E-4            0.
       10240.   4.841982E-4            0.
       10250.   4.652101E-4            0.
       10260.   4.557160E-4            0.
       10270.   4.841982E-4            0.
       10280.   4.747042E-4            0.
       10290.   4.557160E-4            0.
       10300.   4.936923E-4            0.
       10310.   4.747042E-4            0.
       10320.   5.316687E-4            0.
       10330.   5.221746E-4            0.
       10340.   4.936923E-4            0.
       10350.   4.557160E-4            0.
       10360.   4.652101E-4            0.
       10370.   4.841982E-4            0.
       10380.   5.031864E-4            0.
       10390.   4.841982E-4            0.
       10400.   4.841982E-4            0.
       10410.   4.841982E-4            0.
       10420.   4.082455E-4            0.
       10430.   4.841982E-4            0.
       10440.   4.936923E-4            0.
       10450.   4.747042E-4            0.
       10460.   4.841982E-4            0.
       10470.   4.367278E-4            0.
       10480.   4.936923E-4            0.
       10490.   4.367278E-4            0.
       10500.   5.126804E-4            0.
       10510.   5.126804E-4            0.
       10520.   5.031864E-4            0.
       10530.   5.031864E-4            0.
       10540.   4.841982E-4            0.
       10550.   4.936923E-4            0.
       10560.   5.316687E-4            0.
       10570.   5.126804E-4            0.
       10580.   4.841982E-4            0.
       10590.   5.221746E-4            0.
       10600.   4.462219E-4            0.
       10610.   4.841982E-4            0.
       10620.   5.411627E-4            0.
       10630.   4.841982E-4            0.
       10640.   4.082455E-4            0.
       10650.   5.221746E-4            0.
       10660.   5.316687E-4            0.
       10670.   4.747042E-4            0.
       10680.   5.221746E-4            0.
       10690.   4.936923E-4            0.
       10700.   4.841982E-4            0.
       10710.   4.936923E-4            0.
       10720.   4.462219E-4            0.
       10730.   4.841982E-4            0.
       10740.   4.652101E-4            0.
       10750.   5.031864E-4            0.
       10760.   5.126804E-4            0.
       10770.   4.747042E-4            0.
       10780.   5.126804E-4            0.
       10790.   4.936923E-4            0.
       10800.   4.747042E-4            0.
       10810.   4.652101E-4            0.
       10820.   4.652101E-4            0.
       10830.   5.031864E-4            0.
       10840.   4.841982E-4            0.
       10850.   4.936923E-4            0.
       10860.   5.031864E-4            0.
       10870.   4.841982E-4            0.
       10880.   4.747042E-4            0.
       10890.   4.936923E-4            0.
       10900.   4.747042E-4            0.
       10910.   5.221746E-4            0.
       10920.   5.126804E-4            0.
       10930.   4.652101E-4            0.
       10940.   4.652101E-4            0.
       10950.   4.652101E-4            0.
       10960.   5.316687E-4            0.
       10970.   4.747042E-4            0.
       10980.   4.652101E-4            0.
       10990.   4.841982E-4            0.
       11000.   5.126804E-4            0.
       11010.   5.031864E-4            0.
       11020.   5.221746E-4            0.
       11030.   4.936923E-4            0.
       11040.   4.557160E-4            0.
       11050.   4.272337E-4            0.
       11060.   4.367278E-4            0.
       11070.   4.272337E-4            0.
       11080.   5.031864E-4            0.
       11090.   5.221746E-4            0.
       11100.   4.747042E-4            0.
       13000.            0.            0.
