        1850.   3.529904E-5            0.
        1860.   5.032791E-6            0.
        1870.   2.129332E-5            0.
        1880.   8.093586E-5            0.
        1890.   1.323352E-4            0.
        1900.   2.030877E-4            0.
        1910.   1.092658E-4            0.
        1920.   1.472965E-5            0.
        1930.   3.676621E-7            0.
        1940.   1.897673E-5            0.
        1950.   4.639937E-5            0.
        1960.   5.545337E-6            0.
        1970.   9.577168E-6            0.
        1980.   5.523136E-6            0.
        1990.   3.937237E-7            0.
        2000.   2.183386E-6            0.
        2010.   5.028930E-6            0.
        2020.   3.768320E-6            0.
        2030.   1.356170E-6            0.
        2040.   3.052107E-7            0.
        2050.   5.362906E-7            0.
        2060.   1.027022E-6            0.
        2070.   5.103254E-7            0.
        2080.   1.041500E-6            0.
        2090.   9.884117E-6            0.
        2100.   7.197837E-6            0.
        2110.   1.039570E-6            0.
        2120.   6.702667E-6            0.
        2130.   1.732616E-6            0.
        2140.   1.239375E-6            0.
        2150.   3.677586E-7            0.
        2160.   1.454625E-6            0.
        2170.   2.931451E-6            0.
        2180.   4.964259E-7            0.
        2190.   4.620631E-6            0.
        2200.   2.934347E-6            0.
        2210.   6.257688E-6            0.
        2220.   9.390877E-7            0.
        2230.   4.103260E-7            0.
        2240.   3.267357E-7            0.
        2250.   1.138025E-6            0.
        2260.   1.437251E-6            0.
        2270.   3.052107E-7            0.
        2280.   4.345536E-7            0.
        2290.   1.144781E-6            0.
        2300.   2.594581E-6            0.
        2310.   2.112923E-6            0.
        2320.   4.665999E-7            0.
        2330.   9.266359E-7            0.
        2340.   3.052107E-7            0.
        2350.   2.633191E-6            0.
        2360.   1.106172E-6            0.
        2370.   3.757702E-7            0.
        2380.   9.816549E-7            0.
        2390.   3.052107E-7            0.
        2400.   3.442066E-7            0.
        2410.   7.130271E-7            0.
        2420.   1.295360E-6            0.
        2430.   4.210402E-7            0.
        2440.   1.058875E-6            0.
        2450.   2.784734E-6            0.
        2460.   3.189172E-7            0.
        2470.   3.938203E-6            0.
        2480.   1.999989E-6            0.
        2490.   3.052107E-7            0.
        2500.   3.763494E-7            0.
        2510.   6.300159E-7            0.
        2520.   1.322387E-6            0.
        2530.   4.426617E-7            0.
        2540.   5.195918E-7            0.
        2550.   6.775060E-7            0.
        2560.   9.748983E-7            0.
        2570.   2.486473E-6            0.
        2580.   1.860994E-6            0.
        2590.   3.721022E-7            0.
        2600.   4.560786E-7            0.
        2610.   3.921793E-7            0.
        2620.   1.403467E-6            0.
        2630.   6.929499E-7            0.
        2640.   5.714255E-7            0.
        2650.   3.072377E-7            0.
        2660.   5.076228E-7            0.
        2670.   3.142840E-6            0.
        2680.   3.052107E-7            0.
        2690.   3.383186E-6            0.
        2700.   2.529909E-6            0.
        2710.   9.239333E-7            0.
        2720.   7.108071E-7            0.
        2730.   8.013470E-7            0.
        2740.   1.001925E-6            0.
        2750.   4.163105E-7            0.
        2760.   1.029917E-6            0.
        2770.   3.716196E-7            0.
        2780.   4.859047E-7            0.
        2790.   7.078148E-7            0.
        2800.   8.744161E-7            0.
        2810.   2.388018E-6            0.
        2820.   4.172757E-7            0.
        2830.   1.812732E-6            0.
        2840.   2.517361E-6            0.
        2850.   3.052107E-7            0.
        2860.   1.033778E-6            0.
        2870.   3.052107E-7            0.
        2880.   6.698806E-7            0.
        2890.   3.390908E-7            0.
        2900.   6.337804E-7            0.
        2910.   3.052107E-7            0.
        2920.   3.630289E-7            0.
        2930.   4.319475E-7            0.
        2940.   7.340694E-7            0.
        2950.   1.098450E-6            0.
        2960.   3.364847E-7            0.
        2970.   1.894777E-6            0.
        2980.   7.369651E-7            0.
        2990.   5.765413E-7            0.
        3000.   1.162156E-6            0.
        3010.   4.438200E-7            0.
        3020.   5.883173E-7            0.
        3030.   5.544372E-7            0.
        3040.   2.477786E-6            0.
        3050.   3.372569E-7            0.
        3060.   4.861943E-7            0.
        3070.   3.038594E-6            0.
        3080.   1.334935E-6            0.
        3090.   1.327213E-6            0.
        3100.   3.205581E-6            0.
        3110.   3.052107E-7            0.
        3120.   1.641883E-6            0.
        3130.   1.772191E-6            0.
        3140.   3.259635E-7            0.
        3150.   3.052107E-7            0.
        3160.   3.699787E-7            0.
        3170.   3.625463E-7            0.
        3180.   1.739373E-6            0.
        3190.   3.527973E-7            0.
        3200.   8.515399E-7            0.
        3210.   7.723896E-6            0.
        3220.   3.223921E-7            0.
        3230.   5.302095E-7            0.
        3240.   4.948815E-7            0.
        3250.   3.100369E-6            0.
        3260.   7.026024E-7            0.
        3270.   3.124501E-6            0.
        3280.   5.207501E-7            0.
        3290.   3.052107E-7            0.
        3300.   3.052107E-7            0.
        3310.   4.141870E-7            0.
        3320.   4.743218E-6            0.
        3330.   1.512540E-6            0.
        3340.   1.072388E-6            0.
        3350.   8.049185E-7            0.
        3360.   1.052118E-6            0.
        3370.   2.145741E-6            0.
        3380.   1.039570E-6            0.
        3390.   2.954617E-6            0.
        3400.   5.443986E-6            0.
        3410.   6.189156E-7            0.
        3420.   4.785689E-7            0.
        3430.   5.728734E-6            0.
        3440.   1.208488E-6            0.
        3450.   6.965213E-7            0.
        3460.   4.940128E-6            0.
        3470.   2.301146E-6            0.
        3480.   1.809836E-6            0.
        3490.   3.401526E-7            0.
        3500.   7.405366E-7            0.
        3510.   1.067562E-6            0.
        3520.   3.103265E-6            0.
        3530.   2.253849E-6            0.
        3540.   3.273149E-6            0.
        3550.   4.082989E-7            0.
        3560.   6.436259E-7            0.
        3570.   7.023128E-7            0.
        3580.   4.112912E-7            0.
        3590.   3.617741E-7            0.
        3600.   6.839732E-7            0.
        3610.   3.124501E-7            0.
        3620.   1.799218E-6            0.
        3630.   1.955588E-6            0.
        3640.   2.633191E-6            0.
        3650.   4.165036E-6            0.
        3660.   3.052107E-7            0.
        3670.   5.565607E-7            0.
        3680.   3.463302E-7            0.
        3690.   5.133177E-7            0.
        3700.   3.436275E-7            0.
        3710.   5.306921E-7            0.
        3720.   3.421796E-6            0.
        3730.   1.582038E-6            0.
        3740.   6.482591E-7            0.
        3750.   1.189183E-6            0.
        3760.   1.592655E-6            0.
        3770.   3.204616E-7            0.
        3780.   3.849400E-7            0.
        3790.   3.052107E-7            0.
        3800.   1.044396E-6            0.
        3810.   9.251880E-7            0.
        3820.   3.052107E-7            0.
        3830.   3.052107E-7            0.
        3840.   3.052107E-7            0.
        3850.   4.873526E-7            0.
        3860.   6.282785E-7            0.
        3870.   3.685308E-7            0.
        3880.   1.948831E-6            0.
        3890.   7.473898E-7            0.
        3900.   3.052107E-7            0.
        3910.   5.081054E-7            0.
        3920.   5.305956E-7            0.
        3930.   8.827172E-7            0.
        3940.   8.907288E-7            0.
        3950.   3.052107E-7            0.
        3960.   3.052107E-7            0.
        3970.   7.896676E-7            0.
        3980.   2.064661E-6            0.
        3990.   5.703637E-7            0.
        4000.   3.052107E-7            0.
        4010.   4.968120E-7            0.
        4020.   3.052107E-7            0.
        4030.   6.131241E-7            0.
        4040.   3.052107E-7            0.
        4050.   5.295338E-7            0.
        4060.   1.771226E-6            0.
        4070.   4.274108E-7            0.
        4080.   1.080110E-6            0.
        4090.   3.052107E-7            0.
        4100.   4.883178E-7            0.
        4110.   4.017353E-7            0.
        4120.   5.266381E-7            0.
        4130.   3.052107E-7            0.
        4140.   3.052107E-7            0.
        4150.   3.052107E-7            0.
        4160.   3.052107E-7            0.
        4170.   6.504791E-7            0.
        4180.   1.024126E-6            0.
        4190.   1.207522E-6            0.
        4200.   8.406326E-7            0.
        4210.   5.992246E-7            0.
        4220.   5.304025E-7            0.
        4230.   1.269298E-6            0.
        4240.   3.052107E-7            0.
        4250.   3.052107E-7            0.
        4260.   3.052107E-7            0.
        4270.   3.052107E-7            0.
        4280.   3.052107E-7            0.
        4290.   3.052107E-7            0.
        4300.   3.052107E-7            0.
        4310.   3.052107E-7            0.
        4320.   3.052107E-7            0.
        4330.   3.052107E-7            0.
        4340.   3.052107E-7            0.
        4350.   3.052107E-7            0.
        4360.   3.052107E-7            0.
        4370.   3.052107E-7            0.
        4380.   3.052107E-7            0.
        4390.   2.713306E-6            0.
        4400.   1.424703E-5            0.
        4410.   3.095543E-5            0.
        4420.   3.687239E-5            0.
        4430.   4.753835E-5            0.
        4440.   4.249977E-5            0.
        4450.   3.020254E-5            0.
        4460.   1.824314E-5            0.
        4470.   5.947844E-6            0.
        4480.   1.452695E-6            0.
        4490.   5.497075E-7            0.
        4500.   4.762523E-7            0.
        4510.   3.052107E-7            0.
        4520.   3.304037E-7            0.
        4530.   3.052107E-7            0.
        4540.   3.052107E-7            0.
        4550.   3.052107E-7            0.
        4560.   3.052107E-7            0.
        4570.   3.052107E-7            0.
        4580.   7.325250E-7            0.
        4590.   8.499954E-7            0.
        4600.   8.782771E-7            0.
        4610.   3.052107E-7            0.
        4620.   5.587808E-7            0.
        4630.   4.298240E-7            0.
        4640.   3.058864E-7            0.
        4650.   4.509628E-7            0.
        4660.   3.644768E-7            0.
        4670.   4.764453E-7            0.
        4680.   6.347456E-7            0.
        4690.   4.050171E-7            0.
        4700.   6.598420E-7            0.
        4710.   4.311753E-7            0.
        4720.   3.052107E-7            0.
        4730.   3.052107E-7            0.
        4740.   3.052107E-7            0.
        4750.   5.517345E-7            0.
        4760.   3.052107E-7            0.
        4770.   3.052107E-7            0.
        4780.   3.052107E-7            0.
        4790.   3.052107E-7            0.
        4800.   4.472949E-7            0.
        4810.   3.052107E-7            0.
        4820.   3.052107E-7            0.
        4830.   3.052107E-7            0.
        4840.   3.052107E-7            0.
        4850.   3.052107E-7            0.
        4860.   3.871601E-7            0.
        4870.   4.644763E-7            0.
        4880.   3.052107E-7            0.
        4890.   3.052107E-7            0.
        4900.   3.052107E-7            0.
        4910.   3.154423E-7            0.
        4920.   3.052107E-7            0.
        4930.   3.300175E-7            0.
        4940.   3.052107E-7            0.
        4950.   3.052107E-7            0.
        4960.   3.173728E-7            0.
        4970.   4.348432E-7            0.
        4980.   3.052107E-7            0.
        4990.   5.115803E-7            0.
        5000.   4.686268E-7            0.
        5010.   3.052107E-7            0.
        5020.   3.052107E-7            0.
        5030.   3.052107E-7            0.
        5040.   3.052107E-7            0.
        5050.   3.052107E-7            0.
        5060.   3.052107E-7            0.
        5070.   3.052107E-7            0.
        5080.   3.052107E-7            0.
        5090.   3.052107E-7            0.
        5100.   3.052107E-7            0.
        5110.   3.535695E-7            0.
        5120.   5.106150E-7            0.
        5130.   3.052107E-7            0.
        5140.   3.416970E-7            0.
        5150.   3.052107E-7            0.
        5160.   3.052107E-7            0.
        5170.   3.052107E-7            0.
        5180.   3.052107E-7            0.
        5190.   3.070447E-7            0.
        5200.   3.334924E-7            0.
        5210.   3.052107E-7            0.
        5220.   3.052107E-7            0.
        5230.   3.846504E-7            0.
        5240.   3.052107E-7            0.
        5250.   3.082995E-7            0.
        5260.   3.052107E-7            0.
        5270.   3.052107E-7            0.
        5280.   5.908270E-7            0.
        5290.   3.388978E-7            0.
        5300.   3.052107E-7            0.
        5310.   3.052107E-7            0.
        5320.   5.283756E-7            0.
        5330.   3.052107E-7            0.
        5340.   3.052107E-7            0.
        5350.   3.355194E-7            0.
        5360.   3.071412E-7            0.
        5370.   8.217137E-7            0.
        5380.   7.684321E-7            0.
        5390.   4.690129E-7            0.
        5400.   3.394770E-7            0.
        5410.   3.052107E-7            0.
        5420.   6.059813E-7            0.
        5430.   3.052107E-7            0.
        5440.   3.052107E-7            0.
        5450.   3.052107E-7            0.
        5460.   6.571393E-7            0.
        5470.   3.052107E-7            0.
        5480.   4.730669E-7            0.
        5490.   3.052107E-7            0.
        5500.   5.620626E-7            0.
        5510.   6.295333E-7            0.
        5520.   4.105190E-7            0.
        5530.   6.349387E-7            0.
        5540.   3.052107E-7            0.
        5550.   3.052107E-7            0.
        5560.   3.165041E-7            0.
        5570.   3.052107E-7            0.
        5580.   6.119658E-7            0.
        5590.   1.099415E-6            0.
        5600.   3.052107E-7            0.
        5610.   3.052107E-7            0.
        5620.   3.052107E-7            0.
        5630.   3.101335E-7            0.
        5640.   7.203629E-7            0.
        5650.   3.970056E-7            0.
        5660.   5.452674E-7            0.
        5670.   4.726809E-7            0.
        5680.   3.052107E-7            0.
        5690.   3.052107E-7            0.
        5700.   3.074308E-7            0.
        5710.   3.052107E-7            0.
        5720.   3.927585E-7            0.
        5730.   3.052107E-7            0.
        5740.   3.209443E-7            0.
        5750.   3.052107E-7            0.
        5760.   4.497080E-7            0.
        5770.   1.307908E-6            0.
        5780.   4.280865E-7            0.
        5790.   3.243226E-7            0.
        5800.   3.052107E-7            0.
        5810.   8.869644E-7            0.
        5820.   1.211384E-6            0.
        5830.   3.052107E-7            0.
        5840.   1.116789E-6            0.
        5850.   3.661177E-7            0.
        5860.   3.832991E-7            0.
        5870.   3.416970E-7            0.
        5880.   3.052107E-7            0.
        5890.   4.606153E-7            0.
        5900.   6.815601E-7            0.
        5910.   3.052107E-7            0.
        5920.   3.052107E-7            0.
        5930.   5.715220E-7            0.
        5940.   3.052107E-7            0.
        5950.   3.052107E-7            0.
        5960.   3.099404E-7            0.
        5970.   3.052107E-7            0.
        5980.   7.499960E-7            0.
        5990.   4.356154E-7            0.
        6000.   7.416949E-7            0.
        6010.   3.052107E-7            0.
        6020.   7.845518E-7            0.
        6030.   9.528906E-7            0.
        6040.   8.465205E-7            0.
        6050.   9.913075E-7            0.
        6060.   6.867724E-7            0.
        6070.   8.598409E-7            0.
        6080.   9.550141E-7            0.
        6090.   3.657316E-7            0.
        6100.   1.463313E-6            0.
        6110.   1.794392E-6            0.
        6120.   6.505757E-7            0.
        6130.   9.700719E-7            0.
        6140.   2.073348E-6            0.
        6150.   1.652501E-6            0.
        6160.   1.423738E-6            0.
        6170.   1.127407E-6            0.
        6180.   1.072388E-6            0.
        6190.   1.697867E-6            0.
        6200.   2.671800E-6            0.
        6210.   1.078179E-6            0.
        6220.   6.806914E-7            0.
        6230.   3.098439E-6            0.
        6240.   3.383186E-6            0.
        6250.   1.926631E-6            0.
        6260.   3.530869E-6            0.
        6270.   3.970056E-6            0.
        6280.   3.965230E-6            0.
        6290.   3.049212E-6            0.
        6300.   6.012516E-6            0.
        6310.   7.868684E-6            0.
        6320.   8.563660E-6            0.
        6330.   8.312696E-6            0.
        6340.   8.392813E-6            0.
        6350.   9.577168E-6            0.
        6360.   1.204627E-5            0.
        6370.   1.291499E-5            0.
        6380.   1.383197E-5            0.
        6390.   1.396711E-5            0.
        6400.   1.563698E-5            0.
        6410.   1.684354E-5            0.
        6420.   1.843619E-5            0.
        6430.   2.081070E-5            0.
        6440.   2.416976E-5            0.
        6450.   2.538596E-5            0.
        6460.   2.857128E-5            0.
        6470.   3.179520E-5            0.
        6480.   3.530869E-5            0.
        6490.   3.898628E-5            0.
        6500.   4.405382E-5            0.
        6510.   4.806924E-5            0.
        6520.   5.435299E-5            0.
        6530.   6.128345E-5            0.
        6540.   6.960388E-5            0.
        6550.   7.761541E-5            0.
        6560.   8.754779E-5            0.
        6570.   9.893770E-5            0.
        6580.   1.113894E-4            0.
        6590.   1.236480E-4            0.
        6600.   1.422772E-4            0.
        6610.   1.577212E-4            0.
        6620.   1.780878E-4            0.
        6630.   2.020259E-4            0.
        6640.   2.307903E-4            0.
        6650.   2.606164E-4            0.
        6660.   2.956548E-4            0.
        6670.   3.358090E-4            0.
        6680.   3.844574E-4            0.
        6690.   4.342640E-4            0.
        6700.   5.049201E-4            0.
        6710.   5.748039E-4            0.
        6720.   6.718111E-4            0.
        6730.   7.716175E-4            0.
        6740.   9.072345E-4            0.
        6750.   0.001049222            0.
        6760.   0.001240341            0.
        6770.    0.00145366            0.
        6780.   0.001737442            0.
        6790.   0.002053078            0.
        6800.   0.002471994            0.
        6810.   0.002942069            0.
        6820.   0.003584923            0.
        6830.   0.004277004            0.
        6840.   0.005289547            0.
        6850.   0.006338769            0.
        6860.   0.007867718            0.
        6870.   0.009489331            0.
        6880.    0.01181461            0.
        6890.    0.01414085            0.
        6900.    0.01555976            0.
        6910.      0.019247            0.
        6920.     0.0239767            0.
        6930.    0.02949791            0.
        6940.    0.03637046            0.
        6950.    0.04441096            0.
        6960.    0.05430473            0.
        6970.    0.06562706            0.
        6980.    0.07938181            0.
        6990.    0.09477749            0.
        7000.     0.1130303            0.
        7010.     0.1331074            0.
        7020.     0.1561768            0.
        7030.     0.1809836            0.
        7040.     0.2084931            0.
        7050.      0.237354            0.
        7060.     0.2685314            0.
        7070.     0.2998054            0.
        7080.     0.3345542            0.
        7090.     0.3673725            0.
        7100.     0.4029901            0.
        7110.     0.4358084            0.
        7120.     0.4710399            0.
        7130.     0.5029895            0.
        7140.      0.535808            0.
        7150.     0.5651514            0.
        7160.     0.5959427            0.
        7170.     0.6225835            0.
        7180.     0.6499965            0.
        7190.     0.6730659            0.
        7200.     0.6968109            0.
        7210.      0.716695            0.
        7220.     0.7372548            0.
        7230.     0.7545327            0.
        7240.     0.7720036            0.
        7250.     0.7859031            0.
        7260.     0.8012506            0.
        7270.     0.8140883            0.
        7280.     0.8266366            0.
        7290.     0.8365785            0.
        7300.     0.8470997            0.
        7310.     0.8558834            0.
        7320.     0.8648602            0.
        7330.     0.8723891            0.
        7340.     0.8798214            0.
        7350.      0.885613            0.
        7360.     0.8922732            0.
        7370.     0.8977751            0.
        7380.     0.9024082            0.
        7390.     0.9065588            0.
        7400.     0.9111919            0.
        7410.     0.9138947            0.
        7420.     0.9174661            0.
        7430.     0.9206514            0.
        7440.     0.9223889            0.
        7450.     0.9242229            0.
        7460.     0.9265394            0.
        7470.     0.9279873            0.
        7480.     0.9283734            0.
        7490.     0.9296282            0.
        7500.     0.9307865            0.
        7510.     0.9314622            0.
        7520.     0.9322343            0.
        7530.     0.9314622            0.
        7540.     0.9316553            0.
        7550.     0.9322343            0.
        7560.     0.9322343            0.
        7570.     0.9313657            0.
        7580.     0.9305936            0.
        7590.     0.9299178            0.
        7600.     0.9289526            0.
        7610.     0.9292422            0.
        7620.     0.9291456            0.
        7630.     0.9276977            0.
        7640.      0.927022            0.
        7650.     0.9275047            0.
        7660.     0.9267324            0.
        7670.     0.9255742            0.
        7680.     0.9251881            0.
        7690.     0.9252846            0.
        7700.     0.9249951            0.
        7710.     0.9248984            0.
        7720.      0.924802            0.
        7730.     0.9250916            0.
        7740.     0.9252846            0.
        7750.     0.9250916            0.
        7760.     0.9256707            0.
        7770.     0.9266359            0.
        7780.     0.9273115            0.
        7790.     0.9276012            0.
        7800.     0.9283734            0.
        7810.     0.9289526            0.
        7820.     0.9307865            0.
        7830.     0.9312691            0.
        7840.     0.9325239            0.
        7850.     0.9338753            0.
        7860.     0.9360954            0.
        7870.     0.9366745            0.
        7880.     0.9378327            0.
        7890.      0.940053            0.
        7900.     0.9409216            0.
        7910.     0.9421765            0.
        7920.     0.9437209            0.
        7930.     0.9450722            0.
        7940.     0.9459409            0.
        7950.     0.9482574            0.
        7960.     0.9498984            0.
        7970.     0.9506705            0.
        7980.     0.9516358            0.
        7990.     0.9534698            0.
        8000.     0.9545316            0.
        8010.     0.9554968            0.
        8020.     0.9567516            0.
        8030.     0.9572343            0.
        8040.     0.9579099            0.
        8050.     0.9575238            0.
        8060.     0.9589716            0.
        8070.     0.9581994            0.
        8080.     0.9595507            0.
        8090.     0.9587787            0.
        8100.     0.9594542            0.
        8110.     0.9583925            0.
        8120.     0.9580065            0.
        8130.     0.9578134            0.
        8140.     0.9566551            0.
        8150.     0.9567516            0.
        8160.     0.9554968            0.
        8170.     0.9554003            0.
        8180.     0.9539524            0.
        8190.     0.9517324            0.
        8200.     0.9522151            0.
        8210.     0.9509601            0.
        8220.     0.9502845            0.
        8230.     0.9492226            0.
        8240.     0.9476783            0.
        8250.     0.9470991            0.
        8260.     0.9462304            0.
        8270.     0.9455547            0.
        8280.     0.9455547            0.
        8290.     0.9442034            0.
        8300.     0.9454582            0.
        8310.     0.9451686            0.
        8320.      0.946327            0.
        8330.     0.9453617            0.
        8340.     0.9458444            0.
        8350.     0.9458444            0.
        8360.     0.9469061            0.
        8370.     0.9467131            0.
        8380.     0.9485471            0.
        8390.     0.9487401            0.
        8400.     0.9510567            0.
        8410.     0.9515393            0.
        8420.     0.9518289            0.
        8430.     0.9543384            0.
        8440.     0.9540489            0.
        8450.     0.9553038            0.
        8460.     0.9553038            0.
        8470.      0.954435            0.
        8480.     0.9550142            0.
        8490.     0.9535664            0.
        8500.     0.9525046            0.
        8510.      0.950574            0.
        8520.     0.9479679            0.
        8530.     0.9445896            0.
        8540.     0.9394737            0.
        8550.     0.9350336            0.
        8560.     0.9284699            0.
        8570.     0.9220027            0.
        8580.      0.915053            0.
        8590.     0.9057866            0.
        8600.     0.8963272            0.
        8610.     0.8877366            0.
        8620.     0.8768293            0.
        8630.     0.8662116            0.
        8640.     0.8544356            0.
        8650.     0.8423699            0.
        8660.     0.8310766            0.
        8670.     0.8183354            0.
        8680.     0.8054976            0.
        8690.     0.7939147            0.
        8700.     0.7821386            0.
        8710.     0.7679496            0.
        8720.     0.7588762            0.
        8730.     0.7470037            0.
        8740.      0.738413            0.
        8750.     0.7293397            0.
        8760.     0.7212317            0.
        8770.     0.7149575            0.
        8780.     0.7083939            0.
        8790.     0.7043399            0.
        8800.     0.7011546            0.
        8810.     0.6990309            0.
        8820.     0.6993205            0.
        8830.     0.7007685            0.
        8840.     0.7029884            0.
        8850.     0.7088764            0.
        8860.     0.7132201            0.
        8870.     0.7208455            0.
        8880.     0.7281815            0.
        8890.     0.7381235            0.
        8900.     0.7468106            0.
        8910.     0.7567527            0.
        8920.     0.7635094            0.
        8930.     0.7718105            0.
        8940.     0.7736445            0.
        8950.     0.7738376            0.
        8960.     0.7665017            0.
        8970.     0.7509612            0.
        8980.     0.7294362            0.
        8990.     0.6963283            0.
        9000.      0.657815            0.
        9010.     0.6082979            0.
        9020.     0.5588772            0.
        9030.     0.5023139            0.
        9040.     0.4493219            0.
        9050.     0.3937237            0.
        9060.     0.3452684            0.
        9070.     0.2967165            0.
        9080.     0.2564658            0.
        9090.      0.218049            0.
        9100.     0.1860994            0.
        9110.     0.1563698            0.
        9120.     0.1327213            0.
        9130.     0.1103275            0.
        9140.    0.09297247            0.
        9150.    0.07670809            0.
        9160.     0.0640344            0.
        9280.    0.02268328            0.
        9290.    0.02016398            0.
        9300.    0.01822384            0.
        9310.    0.01629335            0.
        9320.    0.01480687            0.
        9330.    0.01330109            0.
        9340.    0.01211383            0.
        9350.    0.01093624            0.
        9360.   0.009990294            0.
        9370.   0.009052075            0.
        9380.   0.008281808            0.
        9390.   0.007530847            0.
        9400.   0.006941082            0.
        9410.   0.006317533            0.
        9420.   0.005824293            0.
        9430.   0.005352288            0.
        9440.   0.004941093            0.
        9450.   0.004565613            0.
        9460.   0.004223916            0.
        9470.   0.003911176            0.
        9480.   0.003633185            0.
        9490.   0.003363882            0.
        9500.   0.003119674            0.
        9510.   0.002911181            0.
        9520.   0.002715237            0.
        9530.   0.002515431            0.
        9540.   0.002366783            0.
        9550.   0.002194004            0.
        9560.   0.002057904            0.
        9570.   0.001918909            0.
        9580.   0.001814662            0.
        9590.   0.001686284            0.
        9600.   0.001597482            0.
        9610.   0.001486478            0.
        9620.   0.001409259            0.
        9630.   0.001323352            0.
        9640.   0.001260611            0.
        9650.   0.001182426            0.
        9660.   0.001110998            0.
        9670.   0.001052118            0.
        9680.   0.001004821            0.
        9690.   9.471957E-4            0.
        9700.   9.059797E-4            0.
        9710.   8.563661E-4            0.
        9720.   8.228720E-4            0.
        9730.   7.858066E-4            0.
        9740.   7.439149E-4            0.
        9750.   7.082974E-4            0.
        9760.   6.822358E-4            0.
        9770.   6.419850E-4            0.
        9780.   6.193017E-4            0.
        9790.   5.891860E-4            0.
        9800.   5.587808E-4            0.
        9810.   5.347462E-4            0.
        9820.   5.167926E-4            0.
        9830.   4.947850E-4            0.
        9840.   4.865804E-4            0.
        9850.   4.530864E-4            0.
        9860.   4.404417E-4            0.
        9870.   4.223916E-4            0.
        9880.   4.161175E-4            0.
        9890.   3.938203E-4            0.
        9900.   3.817547E-4            0.
        9910.   3.614845E-4            0.
        9920.   3.541487E-4            0.
        9930.   3.389943E-4            0.
        9940.   3.301141E-4            0.
        9950.   3.132223E-4            0.
        9960.   3.150562E-4            0.
        9970.   2.949791E-4            0.
        9980.   2.813691E-4            0.
        9990.   2.763499E-4            0.
       10000.   2.696897E-4            0.
       10010.   2.591685E-4            0.
       10020.   2.558867E-4            0.
       10030.   2.513500E-4            0.
       10040.   2.377400E-4            0.
       10050.   2.344582E-4            0.
       10060.   2.348443E-4            0.
       10070.   2.167942E-4            0.
       10080.   2.159255E-4            0.
       10090.   2.199795E-4            0.
       10100.   2.221996E-4            0.
       10110.   1.966206E-4            0.
       10120.   2.076244E-4            0.
       10130.   1.974893E-4            0.
       10140.   1.946901E-4            0.
       10150.   1.928561E-4            0.
       10160.   1.868716E-4            0.
       10170.   1.777983E-4            0.
       10180.   1.690145E-4            0.
       10190.   1.741303E-4            0.
       10200.   1.675667E-4            0.
       10210.   1.564663E-4            0.
       10220.   1.621613E-4            0.
       10230.   1.666980E-4            0.
       10240.   1.518332E-4            0.
       10250.   1.499027E-4            0.
       10260.   1.438216E-4            0.
       10270.   1.472000E-4            0.
       10280.   1.505783E-4            0.
       10290.   1.473930E-4            0.
       10300.   1.420842E-4            0.
       10310.   1.467173E-4            0.
       10320.   1.363892E-4            0.
       10330.   1.418911E-4            0.
       10340.   1.294395E-4            0.
       10350.   1.339761E-4            0.
       10360.   1.345553E-4            0.
       10370.   1.249993E-4            0.
       10380.   1.303082E-4            0.
       10390.   1.247098E-4            0.
       10400.   1.267368E-4            0.
       10410.   1.240341E-4            0.
       10420.   1.292464E-4            0.
       10430.   1.170843E-4            0.
       10440.   1.228758E-4            0.
       10450.   1.200766E-4            0.
       10460.   1.241306E-4            0.
       10470.   1.126442E-4            0.
       10480.   1.007717E-4            0.
       10490.   1.145747E-4            0.
       10500.   1.277985E-4            0.
       10510.   1.112928E-4            0.
       10520.   1.095554E-4            0.
       10530.   1.174704E-4            0.
       10540.   1.075284E-4            0.
       10550.   9.565585E-5            0.
       10560.   1.046326E-4            0.
       10570.   1.103276E-4            0.
       10580.   1.123546E-4            0.
       10590.   1.131268E-4            0.
       10600.   1.060805E-4            0.
       10610.   9.961337E-5            0.
       10620.   9.498018E-5            0.
       10630.   1.109067E-4            0.
       10640.   1.099415E-4            0.
       10650.   1.050187E-4            0.
       10660.   1.049222E-4            0.
       10670.   1.103276E-4            0.
       10680.   1.162156E-4            0.
       10690.   1.074319E-4            0.
       10700.   9.583926E-5            0.
       10710.   1.074319E-4            0.
       10720.   1.088797E-4            0.
       10730.   1.118720E-4            0.
       10740.   1.001925E-4            0.
       10750.   1.066597E-4            0.
       10760.   1.063701E-4            0.
       10770.   1.083971E-4            0.
       10780.   1.109067E-4            0.
       10790.   1.086867E-4            0.
       10800.   1.110998E-4            0.
       10810.   1.145747E-4            0.
       10820.   1.069492E-4            0.
       10830.   1.070458E-4            0.
       10840.   1.117755E-4            0.
       10850.   1.077214E-4            0.
       10860.   1.132233E-4            0.
       10870.   1.147677E-4            0.
       10880.   1.203662E-4            0.
       10890.   1.098450E-4            0.
       10900.   1.110998E-4            0.
       10910.   1.171808E-4            0.
       10920.   1.192078E-4            0.
       10930.   1.156364E-4            0.
       10940.   1.178565E-4            0.
       10950.   1.194009E-4            0.
       10960.   1.114859E-4            0.
       10970.   1.215244E-4            0.
       10980.   1.207523E-4            0.
       10990.   1.251924E-4            0.
       11000.   1.204627E-4            0.
