        1210.  4.787527E-20            0.
        1228.  4.787527E-20            0.
        1260.  4.787527E-20            0.
        1290.  4.787527E-20            0.
        1320.  4.787527E-20            0.
        1350.  4.787527E-20            0.
        1380.  4.787527E-20            0.
        1410.  4.787527E-20            0.
        1440.  4.787527E-20            0.
        1470.  4.787527E-20            0.
        1500.  4.787527E-20            0.
        1531.  4.787527E-20            0.
        1890.   1.331803E-7            0.
        1910.   5.745032E-5            0.
        1930.   4.857163E-4            0.
        1950.   6.258602E-4            0.
        1970.   7.381496E-4            0.
        1990.   8.408637E-4            0.
        2010.   0.001038458            0.
        2030.   0.001192529            0.
        2050.   0.001545936            0.
        2070.   0.001928068            0.
        2090.   0.002378966            0.
        2110.   0.003005696            0.
        2130.    0.00375168            0.
        2150.   0.004686553            0.
        2170.   0.005969611            0.
        2190.   0.007613908            0.
        2210.   0.009813559            0.
        2230.    0.01285756            0.
        2250.    0.01696874            0.
        2270.    0.02262759            0.
        2290.    0.03032506            0.
        2310.    0.04102649            0.
        2330.    0.05481892            0.
        2350.     0.0719809            0.
        2370.    0.09128769            0.
        2390.     0.1105196            0.
        2410.     0.1267433            0.
        2430.     0.1383543            0.
        2450.     0.1450368            0.
        2470.     0.1477683            0.
        2490.     0.1480764            0.
        2510.     0.1467673            0.
        2530.     0.1447983            0.
        2550.     0.1421696            0.
        2570.     0.1391238            0.
        2590.     0.1355697            0.
        2610.      0.131267            0.
        2630.     0.1264421            0.
        2650.     0.1208485            0.
        2670.      0.114871            0.
        2690.     0.1080057            0.
        2710.     0.1008966            0.
        2730.     0.0934386            0.
        2750.    0.08566451            0.
        2770.     0.0775945            0.
        2790.    0.06927812            0.
        2810.    0.06100092            0.
        2830.    0.05273765            0.
        2850.    0.04487566            0.
        2870.    0.03754465            0.
        2890.    0.03084212            0.
        2910.    0.02505182            0.
        2930.    0.02012502            0.
        2950.    0.01609828            0.
        2970.    0.01280794            0.
        2990.    0.01019569            0.
        3000.   0.007482469            0.
        3010.   0.006736485            0.
        3020.   0.005970481            0.
        3030.   0.005391626            0.
        3040.   0.004802324            0.
        3050.   0.004342722            0.
        3060.   0.003874415            0.
        3070.   0.003508822            0.
        3080.   0.003139747            0.
        3090.   0.002857718            0.
        3100.   0.002561762            0.
        3110.   0.002340665            0.
        3120.   0.002104771            0.
        3130.   0.001929808            0.
        3140.   0.001741789            0.
        3150.   0.001597293            0.
        3160.   0.001449315            0.
        3170.   0.001335285            0.
        3180.   0.001219513            0.
        3190.   0.001125504            0.
        3200.   0.001029753            0.
        3210.   9.540234E-4            0.
        3220.   8.774230E-4            0.
        3230.   8.156204E-4            0.
        3240.   7.503360E-4            0.
        3250.   6.981084E-4            0.
        3260.   6.458809E-4            0.
        3270.   6.040988E-4            0.
        3280.   5.605758E-4            0.
        3290.   5.257574E-4            0.
        3300.   4.865868E-4            0.
        3310.   4.561207E-4            0.
        3320.   4.265251E-4            0.
        3330.   4.004113E-4            0.
        3340.   3.734271E-4            0.
        3350.   3.542770E-4            0.
        3360.   3.307746E-4            0.
        3370.   3.124949E-4            0.
        3380.   2.924743E-4            0.
        3390.   2.785470E-4            0.
        3400.   2.611378E-4            0.
        3410.   2.472105E-4            0.
        3420.   2.358945E-4            0.
        3430.   2.228376E-4            0.
        3440.   2.106512E-4            0.
        3450.   1.993352E-4            0.
        3460.   1.906306E-4            0.
        3470.   1.801851E-4            0.
        3480.   1.714805E-4            0.
        3490.   1.636464E-4            0.
        3500.   1.558122E-4            0.
        3510.   1.479781E-4            0.
        3520.   1.418849E-4            0.
        3530.   1.349212E-4            0.
        3540.   1.296985E-4            0.
        3550.   1.227348E-4            0.
        3560.   1.183825E-4            0.
        3570.   1.122893E-4            0.
        3580.   1.079370E-4            0.
        3590.   1.035847E-4            0.
        3600.   9.923237E-5            0.
        3610.   9.575053E-5            0.
        3620.   9.139823E-5            0.
        3630.   8.791640E-5            0.
        3640.   8.443456E-5            0.
        3650.   8.095273E-5            0.
        3660.   7.834134E-5            0.
        3670.   7.485951E-5            0.
        3680.   7.224813E-5            0.
        3690.   6.963675E-5            0.
        3700.   6.702536E-5            0.
        3710.   6.441399E-5            0.
        3720.   6.267308E-5            0.
        3730.   6.006169E-5            0.
        3740.   5.832078E-5            0.
        3750.   5.570940E-5            0.
        3760.   5.396848E-5            0.
        3770.   5.135711E-5            0.
        3780.   5.048665E-5            0.
        3790.   4.874573E-5            0.
        3800.   4.700481E-5            0.
        3810.   4.526389E-5            0.
        3820.   4.439343E-5            0.
        3830.   4.265251E-5            0.
        3840.   4.091159E-5            0.
        3850.   4.004113E-5            0.
        3860.   3.917067E-5            0.
        3870.   3.742976E-5            0.
        3880.   3.655929E-5            0.
        3890.   3.481837E-5            0.
        3900.   3.394792E-5            0.
        3910.   3.307746E-5            0.
        3920.   3.220700E-5            0.
        3930.   3.133654E-5            0.
        3940.   3.046608E-5            0.
        3950.   2.872516E-5            0.
        3960.   2.785470E-5            0.
        3970.   2.698424E-5            0.
        3980.   2.698424E-5            0.
        3990.   2.611378E-5            0.
        4000.   2.524332E-5            0.
        4010.   2.437286E-5            0.
        4020.   2.350240E-5            0.
        4030.   2.263194E-5            0.
        4040.   2.263194E-5            0.
        4050.   2.176148E-5            0.
        4060.   2.089103E-5            0.
        4070.   2.002056E-5            0.
        4080.   2.002056E-5            0.
        4090.   1.915011E-5            0.
        4100.   1.915011E-5            0.
        4110.   1.827965E-5            0.
        4120.   1.740919E-5            0.
        4130.   1.740919E-5            0.
        4140.   1.653873E-5            0.
        4150.   1.653873E-5            0.
        4160.   1.566827E-5            0.
        4170.   1.566827E-5            0.
        4180.   1.479781E-5            0.
        4190.   1.479781E-5            0.
        4200.   1.392735E-5            0.
        4210.   1.392735E-5            0.
        4220.   1.392735E-5            0.
        4230.   1.305689E-5            0.
        4240.   1.305689E-5            0.
        4250.   1.218643E-5            0.
        4260.   1.218643E-5            0.
        4270.   1.218643E-5            0.
        4280.   1.131597E-5            0.
        4290.   1.131597E-5            0.
        4300.   1.131597E-5            0.
        4310.   1.044551E-5            0.
        4320.   1.044551E-5            0.
        4330.   1.044551E-5            0.
        4340.   9.575053E-6            0.
        4350.   9.575053E-6            0.
        4360.   9.575053E-6            0.
        4370.   8.704594E-6            0.
        4380.   8.704594E-6            0.
        4390.   8.704594E-6            0.
        4400.   8.704594E-6            0.
        4410.   8.704594E-6            0.
        4420.   7.834135E-6            0.
        4430.   7.834135E-6            0.
        4440.   7.834135E-6            0.
        4450.   7.834135E-6            0.
        4460.   6.963675E-6            0.
        4470.   6.963675E-6            0.
        4480.   6.963675E-6            0.
        4490.   6.963675E-6            0.
        4500.   6.963675E-6            0.
        4510.   6.093216E-6            0.
        4520.   6.093216E-6            0.
        4530.   6.093216E-6            0.
        4540.   6.093216E-6            0.
        4550.   6.093216E-6            0.
        4560.   6.093216E-6            0.
        4570.   5.222756E-6            0.
        4580.   5.222756E-6            0.
        4590.   5.222756E-6            0.
        4600.   5.222756E-6            0.
        4610.   5.222756E-6            0.
        4620.   5.222756E-6            0.
        4630.   5.222756E-6            0.
        4640.   4.352297E-6            0.
        4650.   4.352297E-6            0.
        4660.   4.352297E-6            0.
        4670.   4.352297E-6            0.
        4680.   4.352297E-6            0.
        4690.   4.352297E-6            0.
        4700.   4.352297E-6            0.
        4710.   4.352297E-6            0.
        4720.   4.352297E-6            0.
        4730.   3.481837E-6            0.
        4740.   3.481837E-6            0.
        4750.   3.481837E-6            0.
        4760.   3.481837E-6            0.
        4770.   3.481837E-6            0.
        4780.   3.481837E-6            0.
        4790.   3.481837E-6            0.
        4800.   3.481837E-6            0.
        4810.   3.481837E-6            0.
        4820.   3.481837E-6            0.
        4830.   3.481837E-6            0.
        4840.   2.611378E-6            0.
        4850.   2.611378E-6            0.
        4860.   2.611378E-6            0.
        4870.   2.611378E-6            0.
        4880.   2.611378E-6            0.
        4890.   2.611378E-6            0.
        4900.   2.611378E-6            0.
        4910.   2.611378E-6            0.
        4920.   2.611378E-6            0.
        4930.   2.611378E-6            0.
        4940.   2.611378E-6            0.
        4950.   2.611378E-6            0.
        4960.   2.611378E-6            0.
        4970.   2.611378E-6            0.
        4980.   2.611378E-6            0.
        4990.   2.611378E-6            0.
        5000.   1.740919E-6            0.
        5010.   1.740919E-6            0.
        5020.   1.740919E-6            0.
        5030.   1.740919E-6            0.
        5040.   1.740919E-6            0.
        5050.   1.740919E-6            0.
        5060.   1.740919E-6            0.
        5070.   1.740919E-6            0.
        5080.   1.740919E-6            0.
        5090.   1.740919E-6            0.
        5100.   1.740919E-6            0.
        5110.   1.740919E-6            0.
        5120.   1.740919E-6            0.
        5130.   1.740919E-6            0.
        5140.   1.740919E-6            0.
        5150.   1.740919E-6            0.
        5160.   1.740919E-6            0.
        5170.   1.740919E-6            0.
        5180.   1.740919E-6            0.
        5190.   1.740919E-6            0.
        5200.   1.740919E-6            0.
        5210.   1.740919E-6            0.
        5220.   1.740919E-6            0.
        5230.   1.740919E-6            0.
        5240.   1.740919E-6            0.
        5250.   1.740919E-6            0.
        5260.   1.740919E-6            0.
        5270.   1.740919E-6            0.
        5280.   8.704594E-7            0.
        5290.   8.704594E-7            0.
        5300.   8.704594E-7            0.
        5310.   8.704594E-7            0.
        5320.   8.704594E-7            0.
        5330.   8.704594E-7            0.
        5340.   8.704594E-7            0.
        5350.   8.704594E-7            0.
        5360.   8.704594E-7            0.
        5370.   8.704594E-7            0.
        5380.   8.704594E-7            0.
        5390.   8.704594E-7            0.
        5400.   8.704594E-7            0.
        5410.   8.704594E-7            0.
        5420.   8.704594E-7            0.
        5430.   8.704594E-7            0.
        5440.   8.704594E-7            0.
        5450.   8.704594E-7            0.
        5460.   8.704594E-7            0.
        5470.   8.704594E-7            0.
        5480.   8.704594E-7            0.
        5490.   8.704594E-7            0.
        5500.   8.704594E-7            0.
        5510.   8.704594E-7            0.
        5520.   8.704594E-7            0.
        5530.   8.704594E-7            0.
        5540.   8.704594E-7            0.
        5550.   8.704594E-7            0.
        5560.   8.704594E-7            0.
        5570.   8.704594E-7            0.
        5580.   8.704594E-7            0.
        5590.   8.704594E-7            0.
        5600.   8.704594E-7            0.
        5610.   8.704594E-7            0.
        5620.   8.704594E-7            0.
        5630.   8.704594E-7            0.
        5640.   8.704594E-7            0.
        5650.   8.704594E-7            0.
        5660.   8.704594E-7            0.
        5670.   8.704594E-7            0.
        5680.   8.704594E-7            0.
        5690.   8.704594E-7            0.
        5700.   8.704594E-7            0.
        5710.   8.704594E-7            0.
        5720.   8.704594E-7            0.
        5730.   8.704594E-7            0.
        5740.   8.704594E-7            0.
        5750.   8.704594E-7            0.
        5760.   8.704594E-7            0.
        5770.   8.704594E-7            0.
        5780.   8.704594E-7            0.
        5790.   8.704594E-7            0.
        5800.   8.704594E-7            0.
        5810.   8.704594E-7            0.
        5820.   8.704594E-7            0.
        5830.   8.704594E-7            0.
        5840.   8.704594E-7            0.
        5850.   8.704594E-7            0.
        5860.   8.704594E-7            0.
        5870.   8.704594E-7            0.
        5880.            0.            0.
        5890.            0.            0.
        5900.            0.            0.
        5910.            0.            0.
        5920.            0.            0.
        5930.            0.            0.
        5940.            0.            0.
        5950.            0.            0.
        5960.            0.            0.
        5970.            0.            0.
        5980.            0.            0.
        5990.            0.            0.
        6000.            0.            0.
        6010.            0.            0.
        6020.            0.            0.
        6030.            0.            0.
        6040.            0.            0.
        6050.            0.            0.
        6060.            0.            0.
        6070.            0.            0.
        6080.            0.            0.
        6090.            0.            0.
        6100.            0.            0.
        6110.            0.            0.
        6120.            0.            0.
        6130.            0.            0.
        6140.            0.            0.
        6150.            0.            0.
        6160.            0.            0.
        6170.            0.            0.
        6180.            0.            0.
        6190.            0.            0.
        6200.            0.            0.
        6210.            0.            0.
        6220.            0.            0.
        6230.            0.            0.
        6240.            0.            0.
        6250.            0.            0.
        6260.            0.            0.
        6270.            0.            0.
        6280.            0.            0.
        6290.            0.            0.
        6300.            0.            0.
        6310.            0.            0.
        6320.            0.            0.
        6330.            0.            0.
        6340.            0.            0.
        6350.            0.            0.
        6360.            0.            0.
        6370.            0.            0.
        6380.            0.            0.
        6390.            0.            0.
        6400.            0.            0.
        6410.            0.            0.
        6420.            0.            0.
        6430.            0.            0.
        6440.            0.            0.
        6450.            0.            0.
        6460.            0.            0.
        6470.            0.            0.
        6480.            0.            0.
        6490.            0.            0.
        6500.            0.            0.
        6510.            0.            0.
        6520.            0.            0.
        6530.            0.            0.
        6540.            0.            0.
        6550.            0.            0.
        6560.            0.            0.
        6570.            0.            0.
        6580.            0.            0.
        6590.            0.            0.
        6600.            0.            0.
        6610.            0.            0.
        6620.            0.            0.
        6630.            0.            0.
        6640.            0.            0.
        6650.            0.            0.
        6660.            0.            0.
        6670.            0.            0.
        6680.            0.            0.
        6690.            0.            0.
        6700.            0.            0.
        6710.            0.            0.
        6720.            0.            0.
        6730.            0.            0.
        6740.            0.            0.
        6750.            0.            0.
        6760.            0.            0.
        6770.            0.            0.
        6780.            0.            0.
        6790.            0.            0.
        6800.            0.            0.
        6810.            0.            0.
        6820.            0.            0.
        6830.            0.            0.
        6840.            0.            0.
        6850.            0.            0.
        6860.            0.            0.
        6870.            0.            0.
        6880.            0.            0.
        6890.            0.            0.
        6900.            0.            0.
        6910.            0.            0.
        6920.            0.            0.
        6930.            0.            0.
        6940.            0.            0.
        6950.            0.            0.
        6960.            0.            0.
        6970.            0.            0.
        6980.            0.            0.
        6990.            0.            0.
        7000.            0.            0.
        7010.            0.            0.
        7020.            0.            0.
        7030.            0.            0.
        7040.            0.            0.
        7050.            0.            0.
        7060.            0.            0.
        7070.            0.            0.
        7080.            0.            0.
        7090.            0.            0.
        7100.            0.            0.
        7110.            0.            0.
        7120.            0.            0.
        7130.            0.            0.
        7140.            0.            0.
        7150.            0.            0.
        7160.            0.            0.
        7170.            0.            0.
        7180.            0.            0.
        7190.            0.            0.
        7200.            0.            0.
        7210.            0.            0.
        7220.            0.            0.
        7230.            0.            0.
        7240.            0.            0.
        7250.            0.            0.
        7260.            0.            0.
        7270.            0.            0.
        7280.            0.            0.
        7290.            0.            0.
        7300.            0.            0.
        7310.            0.            0.
        7320.            0.            0.
        7330.            0.            0.
        7340.            0.            0.
        7350.            0.            0.
        7360.            0.            0.
        7370.            0.            0.
        7380.            0.            0.
        7390.            0.            0.
        7400.            0.            0.
        7410.            0.            0.
        7420.            0.            0.
        7430.            0.            0.
        7440.            0.            0.
        7450.            0.            0.
        7460.            0.            0.
        7470.            0.            0.
        7480.            0.            0.
        7490.            0.            0.
        7500.            0.            0.
        7510.            0.            0.
        7520.            0.            0.
        7530.            0.            0.
        7540.            0.            0.
        7550.            0.            0.
        7560.            0.            0.
        7570.            0.            0.
        7580.            0.            0.
        7590.            0.            0.
        7600.            0.            0.
        7610.            0.            0.
        7620.            0.            0.
        7630.            0.            0.
        7640.            0.            0.
        7650.            0.            0.
        7660.            0.            0.
        7670.            0.            0.
        7680.            0.            0.
        7690.            0.            0.
        7700.            0.            0.
        7710.            0.            0.
        7720.            0.            0.
        7730.            0.            0.
        7740.            0.            0.
        7750.            0.            0.
        7760.            0.            0.
        7770.            0.            0.
        7780.            0.            0.
        7790.            0.            0.
        7800.            0.            0.
        7810.            0.            0.
        7820.            0.            0.
        7830.            0.            0.
        7840.            0.            0.
        7850.            0.            0.
        7860.            0.            0.
        7870.            0.            0.
        7880.            0.            0.
        7890.            0.            0.
        7900.            0.            0.
        7910.            0.            0.
        7920.            0.            0.
        7930.            0.            0.
        7940.            0.            0.
        7950.            0.            0.
        7960.            0.            0.
        7970.            0.            0.
        7980.            0.            0.
        7990.            0.            0.
        8000.   4.071269E-7            0.
        8010.   4.116707E-7            0.
        8020.   4.162136E-7            0.
        8030.   4.207566E-7            0.
        8040.   4.253004E-7            0.
        8050.   4.298433E-7            0.
        8060.   4.343862E-7            0.
        8070.   4.389300E-7            0.
        8080.   4.434729E-7            0.
        8090.   4.480159E-7            0.
        8100.   4.525597E-7            0.
        8110.   4.549595E-7            0.
        8120.   4.573585E-7            0.
        8130.   4.597583E-7            0.
        8140.   4.621582E-7            0.
        8150.   4.645581E-7            0.
        8160.   4.669579E-7            0.
        8170.   4.693578E-7            0.
        8180.   4.717577E-7            0.
        8190.   4.741575E-7            0.
        8200.   4.765574E-7            0.
        8210.   4.829387E-7            0.
        8220.   4.893192E-7            0.
        8230.   4.957005E-7            0.
        8240.   5.020819E-7            0.
        8250.   5.084623E-7            0.
        8260.   5.148437E-7            0.
        8270.   5.212250E-7            0.
        8280.   5.276063E-7            0.
        8290.   5.339868E-7            0.
        8300.   5.403681E-7            0.
        8310.   5.459426E-7            0.
        8320.   5.515170E-7            0.
        8330.   5.570914E-7            0.
        8340.   5.626658E-7            0.
        8350.   5.682402E-7            0.
        8360.   5.738138E-7            0.
        8370.   5.793882E-7            0.
        8380.   5.849626E-7            0.
        8390.   5.905371E-7            0.
        8400.   5.961115E-7            0.
        8410.   6.017007E-7            0.
        8420.   6.072899E-7            0.
        8430.   6.128791E-7            0.
        8440.   6.184683E-7            0.
        8450.   6.240576E-7            0.
        8460.   6.296468E-7            0.
        8470.   6.352360E-7            0.
        8480.   6.408252E-7            0.
        8490.   6.464144E-7            0.
        8500.   6.520036E-7            0.
        8510.   6.566746E-7            0.
        8520.   6.613454E-7            0.
        8530.   6.660154E-7            0.
        8540.   6.706863E-7            0.
        8550.   6.753572E-7            0.
        8560.   6.800281E-7            0.
        8570.   6.846990E-7            0.
        8580.   6.893699E-7            0.
        8590.   6.940408E-7            0.
        8600.   6.987107E-7            0.
        8610.   6.996065E-7            0.
        8620.   7.005022E-7            0.
        8630.   7.013979E-7            0.
        8640.   7.022936E-7            0.
        8650.   7.031893E-7            0.
        8660.   7.040850E-7            0.
        8670.   7.049807E-7            0.
        8680.   7.058764E-7            0.
        8690.   7.067721E-7            0.
        8700.   7.076669E-7            0.
        8710.   7.067451E-7            0.
        8720.   7.058224E-7            0.
        8730.   7.049006E-7            0.
        8740.   7.039779E-7            0.
        8750.   7.030553E-7            0.
        8760.   7.021334E-7            0.
        8770.   7.012108E-7            0.
        8780.   7.002889E-7            0.
        8790.   6.993662E-7            0.
        8800.   6.984444E-7            0.
        8810.   7.031066E-7            0.
        8820.   7.077687E-7            0.
        8830.   7.124319E-7            0.
        8840.   7.170940E-7            0.
        8850.   7.217570E-7            0.
        8860.   7.264192E-7            0.
        8870.   7.310823E-7            0.
        8880.   7.357445E-7            0.
        8890.   7.404075E-7            0.
        8900.   7.450697E-7            0.
        8910.   7.396023E-7            0.
        8920.   7.341350E-7            0.
        8930.   7.286685E-7            0.
        8940.   7.232011E-7            0.
        8950.   7.177338E-7            0.
        8960.   7.122665E-7            0.
        8970.   7.067991E-7            0.
        8980.   7.013317E-7            0.
        8990.   6.958644E-7            0.
        9000.   6.903970E-7            0.
        9010.   6.877482E-7            0.
        9020.   6.850994E-7            0.
        9030.   6.824506E-7            0.
        9040.   6.798018E-7            0.
        9050.   6.771539E-7            0.
        9060.   6.745050E-7            0.
        9070.   6.718562E-7            0.
        9080.   6.692074E-7            0.
        9090.   6.665586E-7            0.
        9100.   6.639098E-7            0.
        9110.   6.594095E-7            0.
        9120.   6.549092E-7            0.
        9130.   6.504090E-7            0.
        9140.   6.459078E-7            0.
        9150.   6.414076E-7            0.
        9160.   6.369073E-7            0.
        9170.   6.324062E-7            0.
        9180.   6.279059E-7            0.
        9190.   6.234056E-7            0.
        9200.   6.189053E-7            0.
        9210.   6.209622E-7            0.
        9220.   6.230200E-7            0.
        9230.   6.250769E-7            0.
        9240.   6.271346E-7            0.
        9250.   6.291916E-7            0.
        9260.   6.312493E-7            0.
        9270.   6.333062E-7            0.
        9280.   6.353640E-7            0.
        9290.   6.374217E-7            0.
        9300.   6.394786E-7            0.
        9310.   6.367524E-7            0.
        9320.   6.340260E-7            0.
        9330.   6.312998E-7            0.
        9340.   6.285735E-7            0.
        9350.   6.258472E-7            0.
        9360.   6.231209E-7            0.
        9370.   6.203946E-7            0.
        9380.   6.176684E-7            0.
        9390.   6.149421E-7            0.
        9400.   6.122158E-7            0.
        9410.   6.095296E-7            0.
        9420.   6.068433E-7            0.
        9430.   6.041562E-7            0.
        9440.   6.014700E-7            0.
        9450.   5.987829E-7            0.
        9460.   5.960966E-7            0.
        9470.   5.934104E-7            0.
        9480.   5.907233E-7            0.
        9490.   5.880370E-7            0.
        9500.   5.853508E-7            0.
        9510.   5.868994E-7            0.
        9520.   5.884480E-7            0.
        9530.   5.899965E-7            0.
        9540.   5.915451E-7            0.
        9550.   5.930936E-7            0.
        9560.   5.946421E-7            0.
        9570.   5.961916E-7            0.
        9580.   5.977401E-7            0.
        9590.   5.992887E-7            0.
        9600.   6.008372E-7            0.
        9610.   5.903264E-7            0.
        9620.   5.798165E-7            0.
        9630.   5.693057E-7            0.
        9640.   5.587958E-7            0.
        9650.   5.482849E-7            0.
        9660.   5.377750E-7            0.
        9670.   5.272642E-7            0.
        9680.   5.167543E-7            0.
        9690.   5.062435E-7            0.
        9700.   4.957336E-7            0.
        9710.   4.879813E-7            0.
        9720.   4.802289E-7            0.
        9730.   4.724767E-7            0.
        9740.   4.647252E-7            0.
        9750.   4.569729E-7            0.
        9760.   4.492206E-7            0.
        9770.   4.414683E-7            0.
        9780.   4.337168E-7            0.
        9790.   4.259645E-7            0.
        9800.   4.182122E-7            0.
        9810.   4.175010E-7            0.
        9820.   4.167899E-7            0.
        9830.   4.160787E-7            0.
        9840.   4.153676E-7            0.
        9850.   4.146564E-7            0.
        9860.   4.139452E-7            0.
        9870.   4.132340E-7            0.
        9880.   4.125229E-7            0.
        9890.   4.118117E-7            0.
        9900.   4.111006E-7            0.
        9910.   4.048576E-7            0.
        9920.   3.986156E-7            0.
        9930.   3.923735E-7            0.
        9940.   3.861306E-7            0.
        9950.   3.798885E-7            0.
        9960.   3.736455E-7            0.
        9970.   3.674035E-7            0.
        9980.   3.611615E-7            0.
        9990.   3.549185E-7            0.
       10000.   3.486764E-7            0.
       10010.   3.484675E-7            0.
       10020.   3.482595E-7            0.
       10030.   3.480506E-7            0.
       10040.   3.478425E-7            0.
       10050.   3.476336E-7            0.
       10060.   3.474247E-7            0.
       10070.   3.472167E-7            0.
       10080.   3.470078E-7            0.
       10090.   3.467988E-7            0.
       10100.   3.465908E-7            0.
       10110.            0.            0.
       10120.            0.            0.
       10130.   8.704594E-7            0.
       10140.            0.            0.
       10150.   8.704594E-7            0.
       10160.   1.740919E-6            0.
       10170.   8.704594E-7            0.
       10180.            0.            0.
       10190.   1.740919E-6            0.
       10200.   8.704594E-7            0.
       10210.   1.740919E-6            0.
       10220.            0.            0.
       10230.            0.            0.
       10240.   8.704594E-7            0.
       10250.   8.704594E-7            0.
       10260.   8.704594E-7            0.
       10270.   8.704594E-7            0.
       10280.   1.740919E-6            0.
       10290.   2.611378E-6            0.
       10300.            0.            0.
       10310.            0.            0.
       10320.   2.611378E-6            0.
       10330.   1.740919E-6            0.
       10340.            0.            0.
       10350.            0.            0.
       10360.   8.704594E-7            0.
       10370.            0.            0.
       10380.            0.            0.
       10390.   1.740919E-6            0.
       10400.            0.            0.
       10410.            0.            0.
       10420.   2.611378E-6            0.
       10430.            0.            0.
       10440.            0.            0.
       10450.   8.704594E-7            0.
       10460.   2.611378E-6            0.
       10470.            0.            0.
       10480.            0.            0.
       10490.            0.            0.
       10500.            0.            0.
       10510.   8.704594E-7            0.
       10520.   3.481837E-6            0.
       10530.   8.704594E-7            0.
       10540.   4.352297E-6            0.
       10550.   1.740919E-6            0.
       10560.   1.044551E-5            0.
       10570.   4.352297E-6            0.
       10580.            0.            0.
       10590.            0.            0.
       10600.   8.704594E-7            0.
       10610.   8.704594E-7            0.
       10620.   8.704594E-7            0.
       10630.   1.740919E-6            0.
       10640.   2.611378E-6            0.
       10650.   6.963675E-6            0.
       10660.            0.            0.
       10670.            0.            0.
       10680.            0.            0.
       10690.            0.            0.
       10700.   2.611378E-6            0.
       10710.   8.704594E-7            0.
       10720.   8.704594E-7            0.
       10730.   8.704594E-7            0.
       10740.            0.            0.
       10750.   3.481837E-6            0.
       10760.   2.611378E-6            0.
       10770.   8.704594E-7            0.
       10780.            0.            0.
       10790.   2.611378E-6            0.
       10800.   2.611378E-6            0.
       10810.   8.704594E-7            0.
       10820.            0.            0.
       10830.   8.704594E-7            0.
       10840.            0.            0.
       10850.            0.            0.
       10860.   8.704594E-7            0.
       10870.   6.963675E-6            0.
       10880.   2.611378E-6            0.
       10890.   3.481837E-6            0.
       10900.   2.611378E-6            0.
       10910.   1.740919E-6            0.
       10920.   8.704594E-7            0.
       10930.   1.740919E-6            0.
       10940.   8.704594E-7            0.
       10950.   2.611378E-6            0.
       10960.   8.704594E-7            0.
       10970.   2.611378E-6            0.
       10980.   8.704594E-7            0.
       10990.   8.704594E-7            0.
       11000.   1.740919E-6            0.
