        1860.   6.019592E-6            0.
        1870.   2.006531E-6            0.
        1880.   1.504898E-5            0.
        1890.   3.812408E-5            0.
        1900.   4.514694E-5            0.
        1910.   2.006530E-5            0.
        1920.   3.009796E-6            0.
        1930.   2.006531E-6            0.
        1940.   1.304245E-5            0.
        1950.   5.216979E-5            0.
        1960.   4.314041E-5            0.
        1970.   3.912735E-5            0.
        1980.   3.310775E-5            0.
        1990.   3.310775E-5            0.
        2000.   3.712082E-5            0.
        2010.   2.106857E-5            0.
        2020.   1.203918E-5            0.
        2030.   1.504898E-5            0.
        2040.   1.304245E-5            0.
        2050.   3.009796E-6            0.
        2060.   1.003265E-6            0.
        2070.   5.016326E-6            0.
        2080.   1.906204E-5            0.
        2090.   2.407837E-5            0.
        2100.   1.705551E-5            0.
        2110.   1.103592E-5            0.
        2120.   1.103592E-5            0.
        2130.   1.404571E-5            0.
        2140.   1.304245E-5            0.
        2150.   1.304245E-5            0.
        2160.   9.029388E-6            0.
        2170.   7.022857E-6            0.
        2180.   5.016326E-6            0.
        2190.   3.009796E-6            0.
        2200.   4.013062E-6            0.
        2210.   5.016326E-6            0.
        2220.   4.013062E-6            0.
        2230.   2.006531E-6            0.
        2240.   1.003265E-6            0.
        2250.   4.013062E-6            0.
        2260.   6.019592E-6            0.
        2270.   4.013062E-6            0.
        2280.   2.006531E-6            0.
        2290.   1.003265E-6            0.
        2300.   1.003265E-6            0.
        2310.   1.003265E-6            0.
        2320.   1.003265E-6            0.
        2330.   2.006531E-6            0.
        2340.   3.009796E-6            0.
        2350.   4.013062E-6            0.
        2360.   6.019592E-6            0.
        2370.   6.019592E-6            0.
        2380.   6.019592E-6            0.
        2390.   7.022857E-6            0.
        2400.   7.022857E-6            0.
        2410.   5.016326E-6            0.
        2420.   4.013062E-6            0.
        2430.   1.003265E-6            0.
        2440.            0.            0.
        2450.            0.            0.
        2460.            0.            0.
        2470.   1.003265E-6            0.
        2480.   2.006531E-6            0.
        2490.   4.013062E-6            0.
        2500.   4.013062E-6            0.
        2510.   4.013062E-6            0.
        2520.   5.016326E-6            0.
        2530.   6.019592E-6            0.
        2540.   5.016326E-6            0.
        2550.   4.013062E-6            0.
        2560.   4.013062E-6            0.
        2570.   3.009796E-6            0.
        2580.   3.009796E-6            0.
        2590.   3.009796E-6            0.
        2600.   3.009796E-6            0.
        2610.   3.009796E-6            0.
        2620.   2.006531E-6            0.
        2630.   2.006531E-6            0.
        2640.   2.006531E-6            0.
        2650.   3.009796E-6            0.
        2660.   3.009796E-6            0.
        2670.   2.006531E-6            0.
        2680.   1.003265E-6            0.
        2690.   1.003265E-6            0.
        2700.   2.006531E-6            0.
        2710.   3.009796E-6            0.
        2720.   2.006531E-6            0.
        2730.   2.006531E-6            0.
        2740.   2.006531E-6            0.
        2750.   3.009796E-6            0.
        2760.   4.013062E-6            0.
        2770.   4.013062E-6            0.
        2780.   4.013062E-6            0.
        2790.   3.009796E-6            0.
        2800.   2.006531E-6            0.
        2810.   1.003265E-6            0.
        2820.   1.003265E-6            0.
        2830.            0.            0.
        2840.   1.003265E-6            0.
        2850.   3.009796E-6            0.
        2860.   2.006531E-6            0.
        2870.   1.003265E-6            0.
        2880.   2.006531E-6            0.
        2890.   4.013062E-6            0.
        2900.   5.016326E-6            0.
        2910.   4.013062E-6            0.
        2920.   4.013062E-6            0.
        2930.   5.016326E-6            0.
        2940.   5.016326E-6            0.
        2950.   5.016326E-6            0.
        2960.   3.009796E-6            0.
        2970.   3.009796E-6            0.
        2980.   4.013062E-6            0.
        2990.   2.006531E-6            0.
        3000.   1.003265E-6            0.
        3010.   1.003265E-6            0.
        3020.   2.006531E-6            0.
        3030.   1.003265E-6            0.
        3040.   1.003265E-6            0.
        3050.   1.003265E-6            0.
        3060.   2.006531E-6            0.
        3070.   3.009796E-6            0.
        3080.   2.006531E-6            0.
        3090.   2.006531E-6            0.
        3100.   1.003265E-6            0.
        3110.   1.003265E-6            0.
        3120.   1.003265E-6            0.
        3130.   1.003265E-6            0.
        3140.   1.003265E-6            0.
        3150.   2.006531E-6            0.
        3160.   2.006531E-6            0.
        3170.   2.006531E-6            0.
        3180.   3.009796E-6            0.
        3190.   3.009796E-6            0.
        3200.   3.009796E-6            0.
        3210.   1.003265E-6            0.
        3220.            0.            0.
        3230.   1.003265E-6            0.
        3240.   1.003265E-6            0.
        3250.   2.006531E-6            0.
        3260.   1.003265E-6            0.
        3270.   1.003265E-6            0.
        3280.   2.006531E-6            0.
        3290.   2.006531E-6            0.
        3300.   2.006531E-6            0.
        3310.   2.006531E-6            0.
        3320.   1.003265E-6            0.
        3330.            0.            0.
        3340.   1.003265E-6            0.
        3350.   1.003265E-6            0.
        3360.   1.003265E-6            0.
        3370.   1.003265E-6            0.
        3380.   2.006531E-6            0.
        3390.   2.006531E-6            0.
        3400.   4.013062E-6            0.
        3410.   5.016326E-6            0.
        3420.   4.013062E-6            0.
        3430.   5.016326E-6            0.
        3440.   6.019592E-6            0.
        3450.   7.022857E-6            0.
        3460.   8.026123E-6            0.
        3470.   7.022857E-6            0.
        3480.   9.029388E-6            0.
        3490.   2.207184E-5            0.
        3500.   5.417633E-5            0.
        3510.   1.223984E-4            0.
        3520.   2.799110E-4            0.
        3530.   6.009559E-4            0.
        3540.   0.001206928            0.
        3550.   0.002280422            0.
        3560.   0.004048176            0.
        3570.   0.006747962            0.
        3580.    0.01059047            0.
        3590.    0.01554259            0.
        3600.    0.02027298            0.
        3640.    0.02990433            0.
        3642.    0.03176739            0.
        3644.    0.03378898            0.
        3646.    0.03582761            0.
        3648.    0.03782812            0.
        3650.    0.03991691            0.
        3652.    0.04204685            0.
        3654.    0.04420789            0.
        3656.    0.04644115            0.
        3658.    0.04904864            0.
        3660.    0.05170428            0.
        3662.     0.0544121            0.
        3664.    0.05723729            0.
        3666.    0.06014576            0.
        3668.     0.0632599            0.
        3670.    0.06633088            0.
        3672.    0.06945606            0.
        3674.    0.07277185            0.
        3676.    0.07619098            0.
        3678.    0.07956396            0.
        3680.    0.08305431            0.
        3682.    0.08685368            0.
        3684.    0.09068315            0.
        3686.    0.09446646            0.
        3688.    0.09829794            0.
        3690.     0.1024133            0.
        3692.      0.106617            0.
        3694.     0.1108909            0.
        3696.     0.1152853            0.
        3698.     0.1196996            0.
        3700.     0.1240738            0.
        3702.     0.1285083            0.
        3704.     0.1330631            0.
        3706.     0.1376781            0.
        3708.     0.1422931            0.
        3710.     0.1470386            0.
        3712.     0.1516937            0.
        3714.     0.1562887            0.
        3716.     0.1607833            0.
        3718.     0.1655588            0.
        3720.      0.170505            0.
        3722.     0.1750798            0.
        3724.     0.1797651            0.
        3726.     0.1844002            0.
        3728.     0.1890051            0.
        3730.     0.1936302            0.
        3732.     0.1982552            0.
        3734.     0.2029205            0.
        3736.     0.2077261            0.
        3738.      0.212321            0.
        3740.     0.2167254            0.
        3742.     0.2212602            0.
        3744.     0.2255541            0.
        3746.     0.2299284            0.
        3748.     0.2341922            0.
        3750.     0.2383457            0.
        3752.     0.2425294            0.
        3754.     0.2466327            0.
        3756.     0.2508063            0.
        3758.       0.25502            0.
        3760.      0.259013            0.
        3762.     0.2630361            0.
        3764.      0.267009            0.
        3766.     0.2709217            0.
        3768.     0.2746137            0.
        3770.      0.278366            0.
        3772.      0.282329            0.
        3774.     0.2864423            0.
        3776.     0.2903349            0.
        3778.     0.2941273            0.
        3780.     0.2981002            0.
        3782.     0.3019929            0.
        3784.     0.3055846            0.
        3786.     0.3094371            0.
        3788.     0.3134703            0.
        3790.      0.317383            0.
        3792.     0.3213158            0.
        3794.     0.3252285            0.
        3796.     0.3291614            0.
        3798.     0.3331142            0.
        3800.     0.3371273            0.
        3802.     0.3414112            0.
        3804.     0.3457153            0.
        3806.     0.3497484            0.
        3808.     0.3535106            0.
        3810.     0.3577344            0.
        3812.     0.3619681            0.
        3814.     0.3662019            0.
        3816.     0.3703253            0.
        3818.     0.3745992            0.
        3820.      0.379164            0.
        3822.     0.3838493            0.
        3824.     0.3886048            0.
        3826.     0.3933603            0.
        3828.     0.3977545            0.
        3830.     0.4023195            0.
        3832.     0.4071351            0.
        3834.     0.4119106            0.
        3836.     0.4167162            0.
        3838.     0.4214115            0.
        3840.     0.4260266            0.
        3842.     0.4308422            0.
        3844.     0.4357583            0.
        3846.     0.4408348            0.
        3848.      0.445801            0.
        3850.     0.4505464            0.
        3852.     0.4556832            0.
        3854.       0.46086            0.
        3856.     0.4658763            0.
        3858.      0.471013            0.
        3860.     0.4764106            0.
        3862.     0.4814971            0.
        3864.     0.4864734            0.
        3866.     0.4915298            0.
        3868.     0.4963655            0.
        3870.     0.5010207            0.
        3872.     0.5058564            0.
        3874.     0.5110533            0.
        3876.     0.5161098            0.
        3878.     0.5207149            0.
        3880.     0.5253899            0.
        3882.     0.5300651            0.
        3884.     0.5349411            0.
        3886.     0.5393956            0.
        3888.     0.5438701            0.
        3890.     0.5486156            0.
        3892.     0.5528996            0.
        3894.      0.557354            0.
        3896.     0.5618888            0.
        3898.     0.5658417            0.
        3900.     0.5698147            0.
        3902.     0.5740384            0.
        3904.     0.5783222            0.
        3906.      0.582516            0.
        3908.      0.585937            0.
        3910.     0.5892879            0.
        3912.     0.5929999            0.
        3914.     0.5964612            0.
        3916.     0.5993207            0.
        3918.     0.6026615            0.
        3920.     0.6064739            0.
        3922.     0.6099452            0.
        3924.     0.6130754            0.
        3926.     0.6159848            0.
        3928.     0.6184127            0.
        3930.     0.6214426            0.
        3932.     0.6244926            0.
        3934.     0.6271612            0.
        3936.     0.6294487            0.
        3938.     0.6319469            0.
        3940.     0.6346557            0.
        3942.     0.6373143            0.
        3944.     0.6398727            0.
        3946.     0.6418189            0.
        3948.     0.6435043            0.
        3950.     0.6459323            0.
        3952.     0.6485609            0.
        3954.      0.650758            0.
        3956.     0.6525137            0.
        3958.     0.6539384            0.
        3960.     0.6558245            0.
        3962.     0.6582524            0.
        3964.     0.6600984            0.
        3966.     0.6615732            0.
        3968.     0.6636501            0.
        3970.      0.665817            0.
        3972.     0.6674623            0.
        3974.     0.6685961            0.
        3976.     0.6703017            0.
        3978.     0.6722982            0.
        3980.      0.674385            0.
        3982.     0.6762109            0.
        3984.     0.6780769            0.
        3986.     0.6797423            0.
        3988.     0.6812271            0.
        3990.     0.6828625            0.
        3992.     0.6846282            0.
        3994.     0.6865847            0.
        3996.     0.6886514            0.
        3998.     0.6907983            0.
        4000.      0.692845            0.
        4002.     0.6949317            0.
        4004.     0.6969182            0.
        4006.     0.6984835            0.
        4008.     0.7003093            0.
        4010.      0.702356            0.
        4012.     0.7043224            0.
        4014.     0.7059878            0.
        4016.     0.7075529            0.
        4018.     0.7098002            0.
        4020.      0.712208            0.
        4022.     0.7141545            0.
        4024.     0.7158398            0.
        4026.     0.7178464            0.
        4028.     0.7199533            0.
        4030.     0.7219397            0.
        4032.     0.7236051            0.
        4034.     0.7260933            0.
        4036.     0.7287017            0.
        4038.     0.7304273            0.
        4040.     0.7325141            0.
        4042.     0.7351728            0.
        4044.     0.7377009            0.
        4046.     0.7398179            0.
        4048.     0.7415034            0.
        4050.     0.7429481            0.
        4052.      0.745085            0.
        4054.     0.7477236            0.
        4056.     0.7504726            0.
        4058.     0.7527601            0.
        4060.     0.7543852            0.
        4062.      0.756121            0.
        4064.     0.7583583            0.
        4066.     0.7606056            0.
        4068.     0.7627927            0.
        4070.     0.7648394            0.
        4072.      0.766916            0.
        4074.     0.7692336            0.
        4076.     0.7713405            0.
        4078.     0.7729458            0.
        4080.     0.7743102            0.
        4082.     0.7759054            0.
        4084.     0.7778617            0.
        4086.     0.7803096            0.
        4088.     0.7828178            0.
        4090.     0.7843227            0.
        4092.     0.7856871            0.
        4094.     0.7874128            0.
        4096.     0.7892487            0.
        4098.     0.7905329            0.
        4100.     0.7919476            0.
        4102.     0.7933922            0.
        4104.     0.7946363            0.
        4106.     0.7961411            0.
        4108.     0.7976661            0.
        4110.     0.7987497            0.
        4112.     0.8003951            0.
        4114.      0.802241            0.
        4116.     0.8033848            0.
        4118.     0.8043278            0.
        4120.       0.80497            0.
        4122.     0.8057123            0.
        4124.     0.8066755            0.
        4126.     0.8074581            0.
        4128.     0.8081202            0.
        4130.     0.8093442            0.
        4132.      0.810508            0.
        4134.     0.8112403            0.
        4136.     0.8115915            0.
        4138.     0.8117721            0.
        4140.     0.8124943            0.
        4142.     0.8134876            0.
        4144.     0.8135379            0.
        4146.     0.8138588            0.
        4148.     0.8147417            0.
        4150.     0.8154741            0.
        4152.      0.815755            0.
        4154.     0.8155544            0.
        4156.     0.8153437            0.
        4158.     0.8152032            0.
        4160.     0.8155544            0.
        4162.     0.8158755            0.
        4164.     0.8159556            0.
        4166.     0.8161764            0.
        4168.     0.8163972            0.
        4170.     0.8164573            0.
        4172.     0.8166379            0.
        4174.     0.8164774            0.
        4176.     0.8160762            0.
        4178.     0.8159657            0.
        4180.     0.8164473            0.
        4182.     0.8160158            0.
        4184.     0.8156949            0.
        4186.     0.8159356            0.
        4188.     0.8159657            0.
        4190.     0.8159758            0.
        4192.     0.8161764            0.
        4194.     0.8161363            0.
        4196.      0.816377            0.
        4198.      0.816056            0.
        4200.     0.8153136            0.
        4202.     0.8150728            0.
        4204.     0.8148721            0.
        4206.     0.8152735            0.
        4208.      0.816036            0.
        4210.     0.8158554            0.
        4212.     0.8155143            0.
        4214.     0.8158153            0.
        4216.     0.8160158            0.
        4218.     0.8159356            0.
        4220.     0.8156548            0.
        4222.     0.8159556            0.
        4224.     0.8163972            0.
        4226.     0.8166279            0.
        4228.     0.8172499            0.
        4230.     0.8176612            0.
        4232.     0.8173202            0.
        4234.     0.8173903            0.
        4236.     0.8180124            0.
        4238.     0.8185742            0.
        4240.     0.8189154            0.
        4242.     0.8194771            0.
        4244.      0.819738            0.
        4246.     0.8201092            0.
        4248.     0.8207613            0.
        4250.     0.8213533            0.
        4252.     0.8222162            0.
        4254.     0.8231792            0.
        4256.     0.8237712            0.
        4258.     0.8244733            0.
        4260.     0.8250954            0.
        4262.     0.8263997            0.
        4264.     0.8276436            0.
        4266.     0.8287272            0.
        4268.     0.8299413            0.
        4270.     0.8302622            0.
        4272.     0.8312354            0.
        4274.     0.8327604            0.
        4276.     0.8340245            0.
        4278.      0.835108            0.
        4280.     0.8361515            0.
        4282.     0.8371848            0.
        4284.     0.8384891            0.
        4286.     0.8395725            0.
        4288.     0.8410674            0.
        4290.     0.8424319            0.
        4292.     0.8441172            0.
        4294.     0.8461439            0.
        4296.     0.8474382            0.
        4298.     0.8484616            0.
        4300.     0.8501068            0.
        4302.     0.8518324            0.
        4304.     0.8530765            0.
        4306.     0.8543908            0.
        4308.     0.8559459            0.
        4310.     0.8571196            0.
        4312.     0.8584639            0.
        4314.     0.8601696            0.
        4316.     0.8617548            0.
        4318.     0.8630991            0.
        4320.     0.8644034            0.
        4322.     0.8657879            0.
        4324.     0.8674935            0.
        4326.     0.8685369            0.
        4328.     0.8696203            0.
        4330.     0.8711454            0.
        4332.     0.8727105            0.
        4334.     0.8741552            0.
        4336.     0.8753992            0.
        4338.     0.8763623            0.
        4340.      0.877496            0.
        4342.     0.8792517            0.
        4344.     0.8805359            0.
        4346.     0.8817398            0.
        4348.     0.8836058            0.
        4350.       0.88485            0.
        4352.     0.8855723            0.
        4354.     0.8867962            0.
        4356.     0.8880403            0.
        4358.     0.8886423            0.
        4360.     0.8892543            0.
        4362.     0.8904181            0.
        4364.     0.8913812            0.
        4366.     0.8915316            0.
        4368.     0.8921938            0.
        4370.     0.8929663            0.
        4372.     0.8933676            0.
        4374.     0.8937088            0.
        4376.     0.8942705            0.
        4378.     0.8939696            0.
        4380.     0.8937188            0.
        4382.     0.8937188            0.
        4384.     0.8942004            0.
        4386.     0.8940499            0.
        4388.     0.8941703            0.
        4390.     0.8942204            0.
        4392.     0.8938894            0.
        4394.     0.8930867            0.
        4396.     0.8927456            0.
        4398.     0.8921837            0.
        4400.     0.8917925            0.
        4402.     0.8914514            0.
        4404.     0.8908094            0.
        4406.     0.8896956            0.
        4408.     0.8893546            0.
        4410.     0.8887928            0.
        4412.     0.8878095            0.
        4414.     0.8869668            0.
        4416.     0.8865053            0.
        4418.     0.8856024            0.
        4420.     0.8845389            0.
        4422.     0.8836761            0.
        4424.     0.8826728            0.
        4426.     0.8809673            0.
        4428.     0.8793018            0.
        4430.     0.8783488            0.
        4432.     0.8774057            0.
        4434.     0.8758907            0.
        4436.     0.8741451            0.
        4438.     0.8726502            0.
        4440.     0.8714463            0.
        4442.     0.8702925            0.
        4444.     0.8688479            0.
        4446.      0.867965            0.
        4448.     0.8670018            0.
        4450.     0.8652762            0.
        4452.     0.8634102            0.
        4454.     0.8619655            0.
        4456.     0.8602199            0.
        4458.     0.8589556            0.
        4460.     0.8580727            0.
        4462.     0.8566681            0.
        4464.     0.8548021            0.
        4466.     0.8531268            0.
        4468.     0.8515415            0.
        4470.     0.8502974            0.
        4472.     0.8492138            0.
        4474.     0.8485216            0.
        4476.     0.8473178            0.
        4478.     0.8459935            0.
        4480.     0.8449901            0.
        4482.     0.8438465            0.
        4484.     0.8427027            0.
        4486.     0.8420004            0.
        4488.      0.840917            0.
        4490.     0.8395826            0.
        4492.     0.8388401            0.
        4494.     0.8381479            0.
        4496.     0.8370845            0.
        4498.     0.8361815            0.
        4500.     0.8352284            0.
        4502.      0.833904            0.
        4504.     0.8333222            0.
        4506.     0.8329911            0.
        4508.       0.83263            0.
        4510.     0.8323892            0.
        4512.     0.8323691            0.
        4514.     0.8322688            0.
        4516.       0.83261            0.
        4518.     0.8330112            0.
        4520.     0.8331116            0.
        4522.     0.8327705            0.
        4524.     0.8322086            0.
        4526.     0.8325899            0.
        4528.     0.8334928            0.
        4530.     0.8335931            0.
        4532.     0.8336934            0.
        4534.     0.8337135            0.
        4536.     0.8338137            0.
        4538.     0.8337035            0.
        4540.     0.8339644            0.
        4542.     0.8347469            0.
        4544.     0.8361314            0.
        4546.     0.8375861            0.
        4548.     0.8379373            0.
        4550.     0.8382984            0.
        4552.     0.8393819            0.
        4554.     0.8410775            0.
        4556.     0.8423215            0.
        4558.     0.8432245            0.
        4560.     0.8436157            0.
        4562.     0.8444384            0.
        4564.     0.8461339            0.
        4566.     0.8475786            0.
        4568.     0.8484715            0.
        4570.     0.8497958            0.
        4572.     0.8512004            0.
        4574.     0.8524846            0.
        4576.     0.8534678            0.
        4578.     0.8550128            0.
        4580.     0.8570695            0.
        4582.     0.8593168            0.
        4584.      0.860621            0.
        4586.     0.8615941            0.
        4588.      0.862738            0.
        4590.     0.8643231            0.
        4592.     0.8662695            0.
        4594.     0.8679851            0.
        4596.     0.8694397            0.
        4598.     0.8711253            0.
        4600.     0.8730916            0.
        4602.     0.8747169            0.
        4604.     0.8760011            0.
        4606.      0.877526            0.
        4608.     0.8794724            0.
        4610.     0.8814589            0.
        4612.     0.8833049            0.
        4614.     0.8843483            0.
        4616.     0.8849903            0.
        4618.     0.8863147            0.
        4620.     0.8880805            0.
        4622.      0.889786            0.
        4624.     0.8914714            0.
        4626.     0.8931971            0.
        4628.     0.8940799            0.
        4630.     0.8947622            0.
        4632.     0.8961968            0.
        4634.     0.8978623            0.
        4636.     0.8992267            0.
        4638.     0.8994775            0.
        4640.     0.8999993            0.
        4642.     0.9012534            0.
        4644.     0.9019857            0.
        4646.     0.9020058            0.
        4648.     0.9025976            0.
        4650.     0.9035106            0.
        4652.     0.9040524            0.
        4654.     0.9049554            0.
        4656.     0.9058082            0.
        4658.     0.9059286            0.
        4660.       0.90639            0.
        4662.     0.9072729            0.
        4664.      0.907293            0.
        4666.     0.9066809            0.
        4668.      0.906711            0.
        4670.     0.9064302            0.
        4672.     0.9060088            0.
        4674.     0.9052864            0.
        4676.     0.9048851            0.
        4678.     0.9045641            0.
        4680.     0.9038718            0.
        4682.     0.9027483            0.
        4684.     0.9018853            0.
        4686.     0.9010126            0.
        4688.     0.9007717            0.
        4690.     0.9000695            0.
        4692.      0.899036            0.
        4694.     0.8972503            0.
        4696.      0.895615            0.
        4698.     0.8945715            0.
        4700.      0.893789            0.
        4702.     0.8923844            0.
        4704.     0.8908595            0.
        4706.     0.8891941            0.
        4708.     0.8877293            0.
        4710.     0.8861441            0.
        4712.     0.8839972            0.
        4714.     0.8820307            0.
        4716.     0.8805659            0.
        4718.     0.8783186            0.
        4720.      0.875971            0.
        4722.     0.8736936            0.
        4724.     0.8717072            0.
        4726.     0.8700016            0.
        4728.     0.8678346            0.
        4730.     0.8659484            0.
        4732.     0.8641425            0.
        4734.     0.8621962            0.
        4736.     0.8602499            0.
        4738.     0.8583035            0.
        4740.     0.8559558            0.
        4742.     0.8538792            0.
        4744.     0.8521234            0.
        4746.     0.8502974            0.
        4748.       0.84799            0.
        4750.     0.8463847            0.
        4752.     0.8443481            0.
        4754.     0.8417195            0.
        4756.     0.8395524            0.
        4758.     0.8378872            0.
        4760.     0.8356096            0.
        4762.     0.8331015            0.
        4764.     0.8310749            0.
        4766.     0.8294496            0.
        4768.     0.8273427            0.
        4770.      0.825597            0.
        4772.     0.8240821            0.
        4774.     0.8223163            0.
        4776.     0.8206509            0.
        4778.     0.8194069            0.
        4780.     0.8177615            0.
        4782.     0.8162266            0.
        4784.     0.8146415            0.
        4786.     0.8130061            0.
        4788.     0.8120028            0.
        4790.     0.8110597            0.
        4792.     0.8097355            0.
        4794.     0.8083309            0.
        4796.     0.8072875            0.
        4798.     0.8064448            0.
        4800.     0.8051203            0.
        4802.     0.8040368            0.
        4804.     0.8028731            0.
        4806.       0.80195            0.
        4808.     0.8009269            0.
        4810.     0.7997831            0.
        4812.     0.7991108            0.
        4814.     0.7992412            0.
        4816.     0.7988199            0.
        4818.     0.7977364            0.
        4820.      0.796994            0.
        4822.     0.7964121            0.
        4824.      0.796091            0.
        4826.      0.796051            0.
        4828.     0.7957499            0.
        4830.     0.7949474            0.
        4832.      0.794867            0.
        4834.     0.7949674            0.
        4836.     0.7949272            0.
        4838.     0.7951279            0.
        4840.     0.7953687            0.
        4842.     0.7948269            0.
        4844.     0.7946864            0.
        4846.      0.795148            0.
        4848.     0.7954088            0.
        4850.     0.7952483            0.
        4852.     0.7952784            0.
        4854.     0.7953587            0.
        4856.     0.7959908            0.
        4858.     0.7963118            0.
        4860.     0.7962415            0.
        4862.     0.7964321            0.
        4864.     0.7967131            0.
        4866.     0.7971646            0.
        4868.     0.7980273            0.
        4870.     0.7987397            0.
        4872.     0.7992212            0.
        4874.     0.7996325            0.
        4876.     0.8002847            0.
        4878.      0.800987            0.
        4880.     0.8013481            0.
        4882.     0.8018097            0.
        4884.     0.8025321            0.
        4886.     0.8031138            0.
        4888.      0.803465            0.
        4890.     0.8041573            0.
        4892.     0.8050001            0.
        4894.      0.805903            0.
        4896.     0.8066755            0.
        4898.     0.8067757            0.
        4900.     0.8072774            0.
        4902.     0.8085415            0.
        4904.     0.8097355            0.
        4906.     0.8101568            0.
        4908.     0.8102069            0.
        4910.     0.8108792            0.
        4912.     0.8117821            0.
        4914.     0.8125747            0.
        4916.     0.8133772            0.
        4918.      0.813919            0.
        4920.     0.8146415            0.
        4922.     0.8155744            0.
        4924.     0.8162566            0.
        4926.     0.8170593            0.
        4928.     0.8174807            0.
        4930.     0.8180425            0.
        4932.     0.8186644            0.
        4934.     0.8193066            0.
        4936.     0.8198484            0.
        4938.       0.82035            0.
        4940.     0.8207512            0.
        4942.     0.8210623            0.
        4944.     0.8218148            0.
        4946.     0.8226977            0.
        4948.     0.8235202            0.
        4950.     0.8240821            0.
        4952.     0.8247243            0.
        4954.     0.8259683            0.
        4956.     0.8267709            0.
        4958.     0.8270518            0.
        4960.     0.8273929            0.
        4962.     0.8285768            0.
        4964.     0.8297004            0.
        4966.      0.830202            0.
        4968.     0.8309646            0.
        4970.     0.8321283            0.
        4972.     0.8333824            0.
        4974.     0.8345061            0.
        4976.     0.8353488            0.
        4978.     0.8360912            0.
        4980.     0.8371346            0.
        4982.     0.8382583            0.
        4984.     0.8397833            0.
        4986.     0.8411076            0.
        4988.     0.8423114            0.
        4990.     0.8437562            0.
        4992.     0.8453012            0.
        4994.     0.8470067            0.
        4996.     0.8488126            0.
        4998.     0.8507188            0.
        5000.     0.8525548            0.
        5002.     0.8540698            0.
        5004.      0.855675            0.
        5006.     0.8574808            0.
        5008.     0.8597882            0.
        5010.     0.8621962            0.
        5012.     0.8641626            0.
        5014.     0.8661892            0.
        5016.     0.8684565            0.
        5018.     0.8708443            0.
        5020.     0.8731318            0.
        5022.     0.8758406            0.
        5024.     0.8783889            0.
        5026.     0.8801547            0.
        5028.     0.8823719            0.
        5030.     0.8854318            0.
        5032.     0.8884216            0.
        5034.     0.8914112            0.
        5036.     0.8931168            0.
        5038.     0.8948725            0.
        5040.     0.8978924            0.
        5042.     0.9008018            0.
        5044.     0.9028285            0.
        5046.     0.9050356            0.
        5048.     0.9068013            0.
        5050.     0.9087678            0.
        5052.     0.9105334            0.
        5054.     0.9116372            0.
        5056.     0.9121989            0.
        5058.     0.9130617            0.
        5060.      0.913754            0.
        5062.     0.9139045            0.
        5064.     0.9130216            0.
        5066.     0.9120184            0.
        5068.     0.9111355            0.
        5070.     0.9092694            0.
        5072.     0.9067211            0.
        5074.     0.9037113            0.
        5076.     0.8996682            0.
        5078.     0.8955748            0.
        5080.     0.8905585            0.
        5082.     0.8847495            0.
        5084.      0.878439            0.
        5086.     0.8709849            0.
        5088.     0.8625674            0.
        5090.     0.8537086            0.
        5092.     0.8442178            0.
        5094.     0.8331717            0.
        5096.     0.8211526            0.
        5098.     0.8091635            0.
        5100.     0.7961914            0.
        5102.     0.7820855            0.
        5104.     0.7673174            0.
        5106.     0.7521481            0.
        5108.     0.7370589            0.
        5110.     0.7210267            0.
        5112.       0.70358            0.
        5114.      0.686083            0.
        5116.      0.668265            0.
        5118.     0.6497447            0.
        5120.     0.6312847            0.
        5122.     0.6130954            0.
        5124.      0.594204            0.
        5126.     0.5751519            0.
        5128.     0.5561401            0.
        5130.     0.5371783            0.
        5132.     0.5181665            0.
        5134.     0.4995559            0.
        5136.     0.4813667            0.
        5138.     0.4634885            0.
        5140.     0.4458109            0.
        5142.     0.4286752            0.
        5144.       0.41172            0.
        5146.     0.3951462            0.
        5148.     0.3790738            0.
        5150.     0.3635031            0.
        5152.      0.348434            0.
        5154.     0.3338265            0.
        5156.       0.31952            0.
        5158.     0.3058052            0.
        5160.     0.2925121            0.
        5162.      0.279911            0.
        5164.     0.2680323            0.
        5166.      0.256545            0.
        5168.     0.2453084            0.
        5170.     0.2346638            0.
        5172.     0.2244806            0.
        5174.     0.2145884            0.
        5176.     0.2049872            0.
        5178.     0.1958374            0.
        5180.     0.1871892            0.
        5182.     0.1789023            0.
        5184.     0.1709464            0.
        5186.      0.163432            0.
        5188.     0.1561883            0.
        5190.     0.1493762            0.
        5192.      0.142865            0.
        5194.     0.1365144            0.
        5196.     0.1305349            0.
        5198.     0.1248865            0.
        5200.     0.1194989            0.
        5202.      0.114292            0.
        5204.     0.1094462            0.
        5206.     0.1047609            0.
        5208.     0.1002533            0.
        5210.    0.09606867            0.
        5212.    0.09204659            0.
        5214.    0.08813787            0.
        5216.    0.08450805            0.
        5218.    0.08100465            0.
        5220.    0.07763969            0.
        5222.    0.07449345            0.
        5224.    0.07151175            0.
        5226.    0.06858923            0.
        5228.    0.06586336            0.
        5230.    0.06327895            0.
        5232.    0.06073467            0.
        5234.    0.05835092            0.
        5236.    0.05596615            0.
        5238.    0.05380311            0.
        5240.    0.05173839            0.
        5242.    0.04971581            0.
        5244.    0.04775543            0.
        5246.    0.04591544            0.
        5248.    0.04423296            0.
        5250.    0.04260567            0.
        5252.    0.04106265            0.
        5254.    0.03952364            0.
        5256.    0.03802476            0.
        5258.    0.03665831            0.
        5260.    0.03531193            0.
        5262.     0.0340117            0.
        5264.    0.03282985            0.
        5266.    0.03172927            0.
        5268.    0.03062567            0.
        5270.    0.02395597            0.
        5280.    0.02030107            0.
        5290.     0.0172993            0.
        5300.    0.01481923            0.
        5310.    0.01276254            0.
        5320.    0.01104395            0.
        5330.   0.009601248            0.
        5340.   0.008381279            0.
        5350.   0.007351928            0.
        5360.   0.006479087            0.
        5370.   0.005729648            0.
        5380.   0.005080536            0.
        5390.   0.004521717            0.
        5400.    0.00404015            0.
        5410.   0.003623794            0.
        5420.   0.003260612            0.
        5430.   0.002943581            0.
        5440.   0.002663669            0.
        5450.   0.002416866            0.
        5460.   0.002199157            0.
        5470.   0.002005527            0.
        5480.   0.001833969            0.
        5490.   0.001680469            0.
        5500.   0.001544025            0.
        5510.   0.001421627            0.
        5520.   0.001313274            0.
        5530.   0.001214954            0.
        5540.   0.001125664            0.
        5550.   0.001045402            0.
        5560.   9.731673E-4            0.
        5570.   9.069519E-4            0.
        5580.   8.467560E-4            0.
        5590.   7.925796E-4            0.
        5600.   7.424163E-4            0.
        5610.   6.962661E-4            0.
        5620.   6.551323E-4            0.
        5630.   6.170082E-4            0.
        5640.   5.818939E-4            0.
        5650.   5.497893E-4            0.
        5660.   5.206947E-4            0.
        5670.   4.946098E-4            0.
        5680.   4.755478E-4            0.
        5690.   4.635086E-4            0.
        5700.   4.183617E-4            0.
        5710.   3.982963E-4            0.
        5720.   3.802376E-4            0.
        5730.   3.621788E-4            0.
        5740.   3.461265E-4            0.
        5750.   3.310776E-4            0.
        5760.   3.170318E-4            0.
        5770.   3.039894E-4            0.
        5780.   2.919502E-4            0.
        5790.   2.799110E-4            0.
        5800.   2.688751E-4            0.
        5810.   2.588425E-4            0.
        5820.   2.498130E-4            0.
        5830.   2.397804E-4            0.
        5840.   2.317543E-4            0.
        5850.   2.237282E-4            0.
        5860.   2.157020E-4            0.
        5870.   2.086792E-4            0.
        5880.   2.026596E-4            0.
        5890.   1.956367E-4            0.
        5900.   1.896171E-4            0.
        5910.   1.835976E-4            0.
        5920.   1.785812E-4            0.
        5930.   1.725616E-4            0.
        5940.   1.685486E-4            0.
        5950.   1.635323E-4            0.
        5960.   1.585159E-4            0.
        5970.   1.545028E-4            0.
        5980.   1.504898E-4            0.
        5990.   1.464767E-4            0.
        6000.   1.424637E-4            0.
        6010.   1.394539E-4            0.
        6020.   1.354408E-4            0.
        6030.   1.324310E-4            0.
        6040.   1.294212E-4            0.
        6050.   1.264114E-4            0.
        6060.   1.234017E-4            0.
        6070.   1.203918E-4            0.
        6080.   1.183853E-4            0.
        6090.   1.153755E-4            0.
        6100.   1.123657E-4            0.
        6110.   1.103592E-4            0.
        6120.   1.083527E-4            0.
        6130.   1.053429E-4            0.
        6140.   1.033363E-4            0.
        6150.   1.013298E-4            0.
        6160.   9.932326E-5            0.
        6170.   9.731673E-5            0.
        6180.   9.531021E-5            0.
        6190.   9.330368E-5            0.
        6200.   9.230041E-5            0.
        6210.   9.029388E-5            0.
        6220.   8.828735E-5            0.
        6230.   8.628082E-5            0.
        6240.   8.527755E-5            0.
        6250.   8.327102E-5            0.
        6260.   8.226775E-5            0.
        6270.   8.026122E-5            0.
        6280.   7.925796E-5            0.
        6290.   7.825469E-5            0.
        6300.   7.624816E-5            0.
        6310.   7.524491E-5            0.
        6320.   7.424164E-5            0.
        6330.   7.223510E-5            0.
        6340.   7.123184E-5            0.
        6350.   7.022858E-5            0.
        6360.   6.922531E-5            0.
        6370.   6.822204E-5            0.
        6380.   6.621551E-5            0.
        6390.   6.521225E-5            0.
        6400.   6.420899E-5            0.
        6410.   6.320571E-5            0.
        6420.   6.220245E-5            0.
        6430.   6.119918E-5            0.
        6440.   6.019592E-5            0.
        6450.   5.919265E-5            0.
        6460.   5.818939E-5            0.
        6470.   5.718612E-5            0.
        6480.   5.618286E-5            0.
        6490.   5.517959E-5            0.
        6500.   5.417633E-5            0.
        6510.   5.317306E-5            0.
        6520.   5.216979E-5            0.
        6530.   5.116653E-5            0.
        6540.   5.016326E-5            0.
        6550.   5.016326E-5            0.
        6560.   4.916000E-5            0.
        6570.   4.815674E-5            0.
        6580.   4.715347E-5            0.
        6590.   4.715347E-5            0.
        6600.   4.615021E-5            0.
        6610.   4.514694E-5            0.
        6620.   4.514694E-5            0.
        6630.   4.414368E-5            0.
        6640.   4.314041E-5            0.
        6650.   4.314041E-5            0.
        6660.   4.213714E-5            0.
        6670.   4.213714E-5            0.
        6680.   4.113388E-5            0.
        6690.   4.013061E-5            0.
        6700.   4.013061E-5            0.
        6710.   4.013061E-5            0.
        6720.   3.912735E-5            0.
        6730.   3.912735E-5            0.
        6740.   3.812408E-5            0.
        6750.   3.812408E-5            0.
        6760.   3.712082E-5            0.
        6770.   3.712082E-5            0.
        6780.   3.712082E-5            0.
        6790.   3.611755E-5            0.
        6800.   3.611755E-5            0.
        6810.   3.611755E-5            0.
        6820.   3.611755E-5            0.
        6830.   3.511429E-5            0.
        6840.   3.511429E-5            0.
        6850.   3.511429E-5            0.
        6860.   3.511429E-5            0.
        6870.   3.511429E-5            0.
        6880.   3.511429E-5            0.
        6890.   3.511429E-5            0.
        6900.   3.511429E-5            0.
        6910.   3.511429E-5            0.
        6920.   3.511429E-5            0.
        6930.   3.511429E-5            0.
        6940.   3.511429E-5            0.
        6950.   3.611755E-5            0.
        6960.   3.611755E-5            0.
        6970.   3.611755E-5            0.
        6980.   3.712082E-5            0.
        6990.   3.812408E-5            0.
        7000.   3.812408E-5            0.
        7010.   3.912735E-5            0.
        7020.   4.013061E-5            0.
        7030.   4.113388E-5            0.
        7040.   4.213714E-5            0.
        7050.   4.314041E-5            0.
        7060.   4.514694E-5            0.
        7070.   4.715347E-5            0.
        7080.   4.916000E-5            0.
        7090.   5.116653E-5            0.
        7100.   5.417633E-5            0.
        7110.   5.718612E-5            0.
        7120.   6.019592E-5            0.
        7130.   6.420899E-5            0.
        7140.   6.822204E-5            0.
        7150.   7.323837E-5            0.
        7160.   7.825469E-5            0.
        7170.   8.427429E-5            0.
        7180.   8.929062E-5            0.
        7190.   9.531021E-5            0.
        7200.   1.003265E-4            0.
        7210.   1.043396E-4            0.
        7220.   1.063461E-4            0.
        7230.   1.063461E-4            0.
        7240.   1.033363E-4            0.
        7250.   9.731673E-5            0.
        7260.   9.029388E-5            0.
        7270.   8.126449E-5            0.
        7280.   7.223510E-5            0.
        7290.   6.220245E-5            0.
        7300.   5.417633E-5            0.
        7310.   4.615021E-5            0.
        7320.   3.912735E-5            0.
        7330.   3.310775E-5            0.
        7340.   2.809143E-5            0.
        7350.   2.407837E-5            0.
        7360.   2.106857E-5            0.
        7370.   1.805878E-5            0.
        7380.   1.504898E-5            0.
        7390.   1.304245E-5            0.
        7400.   1.203918E-5            0.
        7410.   1.003265E-5            0.
        7420.   9.029388E-6            0.
        7430.   8.026123E-6            0.
        7440.   7.022857E-6            0.
        7450.   7.022857E-6            0.
        7460.   6.019592E-6            0.
        7470.   5.016326E-6            0.
        7480.   5.016326E-6            0.
        7490.   5.016326E-6            0.
        7500.   4.013062E-6            0.
        7510.   4.013062E-6            0.
        7520.   4.013062E-6            0.
        7530.   4.013062E-6            0.
        7540.   3.009796E-6            0.
        7550.   3.009796E-6            0.
        7560.   3.009796E-6            0.
        7570.   3.009796E-6            0.
        7580.   3.009796E-6            0.
        7590.   3.009796E-6            0.
        7600.   3.009796E-6            0.
        7610.   3.009796E-6            0.
        7620.   2.006531E-6            0.
        7630.   2.006531E-6            0.
        7640.   2.006531E-6            0.
        7650.   2.006531E-6            0.
        7660.   2.006531E-6            0.
        7670.   2.006531E-6            0.
        7680.   2.006531E-6            0.
        7690.   2.006531E-6            0.
        7700.   2.006531E-6            0.
        7710.   2.006531E-6            0.
        7720.   2.006531E-6            0.
        7730.   2.006531E-6            0.
        7740.   2.006531E-6            0.
        7750.   2.006531E-6            0.
        7760.   2.006531E-6            0.
        7770.   2.006531E-6            0.
        7780.   2.006531E-6            0.
        7790.   2.006531E-6            0.
        7800.   2.006531E-6            0.
        7810.   2.006531E-6            0.
        7820.   2.006531E-6            0.
        7830.   2.006531E-6            0.
        7840.   2.006531E-6            0.
        7850.   2.006531E-6            0.
        7860.   2.006531E-6            0.
        7870.   2.006531E-6            0.
        7880.   2.006531E-6            0.
        7890.   2.006531E-6            0.
        7900.   2.006531E-6            0.
        7910.   2.006531E-6            0.
        7920.   2.006531E-6            0.
        7930.   2.006531E-6            0.
        7940.   2.006531E-6            0.
        7950.   2.006531E-6            0.
        7960.   2.006531E-6            0.
        7970.   2.006531E-6            0.
        7980.   2.006531E-6            0.
        7990.   2.006531E-6            0.
        8000.   8.026123E-6            0.
        8010.   1.003265E-6            0.
        8020.   3.009796E-6            0.
        8030.   8.026123E-6            0.
        8040.   1.304245E-5            0.
        8050.   1.304245E-5            0.
        8060.   5.016326E-6            0.
        8070.   3.009796E-6            0.
        8080.   4.013062E-6            0.
        8090.   5.016326E-6            0.
        8100.   9.029388E-6            0.
        8110.   1.103592E-5            0.
        8120.   1.003265E-5            0.
        8130.   1.003265E-5            0.
        8140.   9.029388E-6            0.
        8150.   1.003265E-5            0.
        8160.   1.203918E-5            0.
        8170.   1.404571E-5            0.
        8180.   1.404571E-5            0.
        8190.   9.029388E-6            0.
        8200.   7.022857E-6            0.
        8210.   7.022857E-6            0.
        8220.   8.026123E-6            0.
        8230.   9.029388E-6            0.
        8240.   7.022857E-6            0.
        8250.   5.016326E-6            0.
        8260.   5.016326E-6            0.
        8270.   5.016326E-6            0.
        8280.   2.006531E-6            0.
        8290.   3.009796E-6            0.
        8300.   8.026123E-6            0.
        8310.   1.103592E-5            0.
        8320.   6.019592E-6            0.
        8330.   4.013062E-6            0.
        8340.   5.016326E-6            0.
        8350.   5.016326E-6            0.
        8360.   4.013062E-6            0.
        8370.   2.006531E-6            0.
        8380.   3.009796E-6            0.
        8390.   7.022857E-6            0.
        8400.   9.029388E-6            0.
        8410.   8.026123E-6            0.
        8420.   8.026123E-6            0.
        8430.   6.019592E-6            0.
        8440.   3.009796E-6            0.
        8450.   3.009796E-6            0.
        8460.   4.013062E-6            0.
        8470.   2.006531E-6            0.
        8480.   2.006531E-6            0.
        8490.   5.016326E-6            0.
        8500.   9.029388E-6            0.
        8510.   9.029388E-6            0.
        8520.   5.016326E-6            0.
        8530.   2.006531E-6            0.
        8540.   1.003265E-6            0.
        8550.   1.003265E-6            0.
        8560.   1.003265E-6            0.
        8570.   4.013062E-6            0.
        8580.   5.016326E-6            0.
        8590.   2.006531E-6            0.
        8600.   4.013062E-6            0.
        8610.   7.022857E-6            0.
        8620.   2.006531E-6            0.
        8630.   3.009796E-6            0.
        8640.   7.022857E-6            0.
        8650.   8.026123E-6            0.
        8660.   7.022857E-6            0.
        8670.   7.022857E-6            0.
        8680.   6.019592E-6            0.
        8690.   3.009796E-6            0.
        8700.   3.009796E-6            0.
        8710.   6.019592E-6            0.
        8720.   4.013062E-6            0.
        8730.   2.006531E-6            0.
        8740.   1.003265E-6            0.
        8750.   2.006531E-6            0.
        8760.   8.026123E-6            0.
        8770.   1.103592E-5            0.
        8780.   5.016326E-6            0.
        8790.   1.003265E-6            0.
        8800.   2.006531E-6            0.
        8810.   7.022857E-6            0.
        8820.   7.022857E-6            0.
        8830.   5.016326E-6            0.
        8840.   4.013062E-6            0.
        8850.   3.009796E-6            0.
        8860.   5.016326E-6            0.
        8870.   4.013062E-6            0.
        8880.   4.013062E-6            0.
        8890.   6.019592E-6            0.
        8900.   2.006531E-6            0.
        8910.   1.003265E-6            0.
        8920.   3.009796E-6            0.
        8930.   8.026123E-6            0.
        8940.   8.026123E-6            0.
        8950.   8.026123E-6            0.
        8960.   9.029388E-6            0.
        8970.   9.029388E-6            0.
        8980.   8.026123E-6            0.
        8990.   7.022857E-6            0.
        9000.   8.026123E-6            0.
        9010.   1.003265E-5            0.
        9020.   9.029388E-6            0.
        9030.   9.029388E-6            0.
        9040.   8.026123E-6            0.
        9050.   6.019592E-6            0.
        9060.   5.016326E-6            0.
        9070.   6.019592E-6            0.
        9080.   1.003265E-5            0.
        9090.   8.026123E-6            0.
        9100.   6.019592E-6            0.
        9110.   8.026123E-6            0.
        9120.   8.026123E-6            0.
        9130.   6.019592E-6            0.
        9140.   3.009796E-6            0.
        9150.   3.009796E-6            0.
        9160.   3.009796E-6            0.
        9170.   3.009796E-6            0.
        9180.   1.003265E-6            0.
        9190.   1.003265E-6            0.
        9200.   2.006531E-6            0.
        9210.   2.006531E-6            0.
        9220.   1.003265E-6            0.
        9230.   3.009796E-6            0.
        9240.   7.022857E-6            0.
        9250.   6.019592E-6            0.
        9260.   4.013062E-6            0.
        9270.   4.013062E-6            0.
        9280.   2.006531E-6            0.
        9290.   1.003265E-6            0.
        9300.   4.013062E-6            0.
        9310.   9.029388E-6            0.
        9320.   8.026123E-6            0.
        9330.   5.016326E-6            0.
        9340.   3.009796E-6            0.
        9350.   4.013062E-6            0.
        9360.   5.016326E-6            0.
        9370.   8.026123E-6            0.
        9380.   9.029388E-6            0.
        9390.   7.022857E-6            0.
        9400.   8.026123E-6            0.
        9410.   5.016326E-6            0.
        9420.   3.009796E-6            0.
        9430.   4.013062E-6            0.
        9440.   4.013062E-6            0.
        9450.   3.009796E-6            0.
        9460.   5.016326E-6            0.
        9470.   7.022857E-6            0.
        9480.   5.016326E-6            0.
        9490.   3.009796E-6            0.
        9500.   4.013062E-6            0.
        9510.   5.016326E-6            0.
        9520.   1.003265E-6            0.
        9530.   1.003265E-6            0.
        9540.   1.003265E-6            0.
        9550.   1.003265E-6            0.
        9560.   2.006531E-6            0.
        9570.   4.013062E-6            0.
        9580.   6.019592E-6            0.
        9590.   7.022857E-6            0.
        9600.   5.016326E-6            0.
        9610.   6.019592E-6            0.
        9620.   9.029388E-6            0.
        9630.   9.029388E-6            0.
        9640.   3.009796E-6            0.
        9650.   1.003265E-6            0.
        9660.   1.003265E-6            0.
        9670.   3.009796E-6            0.
        9680.   4.013062E-6            0.
        9690.   3.009796E-6            0.
        9700.   4.013062E-6            0.
        9710.   5.016326E-6            0.
        9720.   3.009796E-6            0.
        9730.   5.016326E-6            0.
        9740.   8.026123E-6            0.
        9750.   7.022857E-6            0.
        9760.   3.009796E-6            0.
        9770.   2.006531E-6            0.
        9780.   3.009796E-6            0.
        9790.   2.006531E-6            0.
        9800.   1.003265E-6            0.
        9810.   2.006531E-6            0.
        9820.   3.009796E-6            0.
        9830.   6.019592E-6            0.
        9840.   6.019592E-6            0.
        9850.   4.013062E-6            0.
        9860.   2.006531E-6            0.
        9870.   3.009796E-6            0.
        9880.   6.019592E-6            0.
        9890.   7.022857E-6            0.
        9900.   8.026123E-6            0.
        9910.   1.003265E-5            0.
        9920.   1.103592E-5            0.
        9930.   4.013062E-6            0.
        9940.   1.003265E-6            0.
        9950.   2.006531E-6            0.
        9960.   3.009796E-6            0.
        9970.   3.009796E-6            0.
        9980.   3.009796E-6            0.
        9990.   3.009796E-6            0.
       10000.   1.003265E-6            0.
       10010.   1.003265E-6            0.
       10020.   2.006531E-6            0.
       10030.   3.009796E-6            0.
       10040.   5.016326E-6            0.
       10050.   5.016326E-6            0.
       10060.   5.016326E-6            0.
       10070.   3.009796E-6            0.
       10080.   3.009796E-6            0.
       10090.   6.019592E-6            0.
       10100.   8.026123E-6            0.
       10110.   3.009796E-6            0.
       10120.   2.006531E-6            0.
       10130.   4.013062E-6            0.
       10140.   8.026123E-6            0.
       10150.   7.022857E-6            0.
       10160.   6.019592E-6            0.
       10170.   7.022857E-6            0.
       10180.   4.013062E-6            0.
       10190.   3.009796E-6            0.
       10200.   3.009796E-6            0.
       10210.   4.013062E-6            0.
       10220.   7.022857E-6            0.
       10230.   6.019592E-6            0.
       10240.   4.013062E-6            0.
       10250.   2.006531E-6            0.
       10260.   2.006531E-6            0.
       10270.   5.016326E-6            0.
       10280.   8.026123E-6            0.
       10290.   3.009796E-6            0.
       10300.   3.009796E-6            0.
       10310.   7.022857E-6            0.
       10320.   9.029388E-6            0.
       10330.   1.003265E-5            0.
       10340.   9.029388E-6            0.
       10350.   8.026123E-6            0.
       10360.   7.022857E-6            0.
       10370.   7.022857E-6            0.
       10380.   4.013062E-6            0.
       10390.   4.013062E-6            0.
       10400.   8.026123E-6            0.
       10410.   1.103592E-5            0.
       10420.   9.029388E-6            0.
       10430.   7.022857E-6            0.
       10440.   6.019592E-6            0.
       10450.   8.026123E-6            0.
       10460.   7.022857E-6            0.
       10470.   3.009796E-6            0.
       10480.   4.013062E-6            0.
       10490.   7.022857E-6            0.
       10500.   5.016326E-6            0.
       10510.   4.013062E-6            0.
       10520.   7.022857E-6            0.
       10530.   6.019592E-6            0.
       10540.   5.016326E-6            0.
       10550.   7.022857E-6            0.
       10560.   9.029388E-6            0.
       10570.   1.003265E-5            0.
       10580.   1.304245E-5            0.
       10590.   1.003265E-5            0.
       10600.   8.026123E-6            0.
       10610.   8.026123E-6            0.
       10620.   4.013062E-6            0.
       10630.   2.006531E-6            0.
       10640.   4.013062E-6            0.
       10650.   7.022857E-6            0.
       10660.   6.019592E-6            0.
       10670.   4.013062E-6            0.
       10680.   7.022857E-6            0.
       10690.   9.029388E-6            0.
       10700.   1.003265E-5            0.
       10710.   1.003265E-5            0.
       10720.   8.026123E-6            0.
       10730.   7.022857E-6            0.
       10740.   6.019592E-6            0.
       10750.   5.016326E-6            0.
       10760.   4.013062E-6            0.
       10770.   5.016326E-6            0.
       10780.   8.026123E-6            0.
       10790.   1.103592E-5            0.
       10800.   1.203918E-5            0.
       10810.   9.029388E-6            0.
       10820.   9.029388E-6            0.
       10830.   1.103592E-5            0.
       10840.   8.026123E-6            0.
       10850.   8.026123E-6            0.
       10860.   9.029388E-6            0.
       10870.   1.003265E-5            0.
       10880.   1.203918E-5            0.
       10890.   1.103592E-5            0.
       10900.   9.029388E-6            0.
       10910.   7.022857E-6            0.
       10920.   4.013062E-6            0.
       10930.   4.013062E-6            0.
       10940.   8.026123E-6            0.
       10950.   9.029388E-6            0.
       10960.   1.103592E-5            0.
       10970.   1.304245E-5            0.
       10980.   1.404571E-5            0.
       10990.   1.504898E-5            0.
       11000.   1.003265E-5            0.
