        1850.   9.104453E-7         1860.
        1870.   5.860567E-4         1880.
        1890.   1.700843E-4         1900.
        1910.   2.778476E-4         1920.
        1930.   1.595976E-5         1940.
        1950.   9.209320E-5         1960.
        1970.   8.255529E-5         1980.
        1990.   2.842395E-5         2000.
        2010.   3.265858E-7         2020.
        2030.   1.737796E-6         2040.
        2050.   3.754238E-5         2060.
        2070.   1.248417E-5         2080.
        2090.   4.142746E-7         2100.
        2110.   2.046404E-6         2120.
        2130.   9.262253E-7         2140.
        2150.   1.022703E-6         2160.
        2170.   3.157994E-7         2180.
        2190.   2.530790E-6         2200.
        2210.   3.157994E-7         2220.
        2230.   1.086622E-5         2240.
        2250.   1.298353E-5         2260.
        2270.   2.338035E-6         2280.
        2290.   1.622942E-6         2300.
        2310.   6.928212E-7         2320.
        2330.   3.157994E-7         2340.
        2350.   6.211122E-7         2360.
        2370.   7.485506E-7         2380.
        2390.   3.720281E-6         2400.
        2410.   2.652636E-6         2420.
        2430.   1.030693E-6         2440.
        2450.   8.000853E-6         2460.
        2470.   3.940003E-6         2480.
        2490.   6.524725E-6         2500.
        2510.   4.538244E-7         2520.
        2530.   2.456884E-6         2540.
        2550.   3.157994E-7         2560.
        2570.   1.476128E-6         2580.
        2590.   7.516467E-7         2600.
        2610.   3.234897E-7         2620.
        2630.   1.284371E-6         2640.
        2650.   3.576464E-6         2660.
        2670.   1.090617E-6         2680.
        2690.   3.157994E-7         2700.
        2710.   2.778476E-6         2720.
        2730.   8.037806E-7         2740.
        2750.   4.283567E-7         2760.
        2770.   7.239818E-7         2780.
        2790.   4.386437E-6         2800.
        2810.   4.419395E-7         2820.
        2830.   9.923414E-7         2840.
        2850.   3.685326E-6         2860.
        2870.   5.886534E-6         2880.
        2890.   8.909699E-7         2900.
        2910.   3.157994E-7         2920.
        2930.   4.768951E-7         2940.
        2950.   4.113782E-7         2960.
        2970.   1.612954E-6         2980.
        2990.   1.406216E-6         3000.
        3010.   4.850847E-7         3020.
        3030.   5.629859E-7         3040.
        3050.   3.157994E-7         3060.
        3070.   7.706226E-7         3080.
        3090.   4.109787E-7         3100.
        3110.   2.635657E-6         3120.
        3130.   4.826878E-6         3140.
        3150.   3.157994E-7         3160.
        3170.   5.744714E-7         3180.
        3190.   1.690855E-6         3200.
        3210.   8.595099E-6         3220.
        3230.   8.599093E-7         3240.
        3250.   4.873818E-6         3260.
        3270.   1.172513E-6         3280.
        3290.   7.954911E-6         3300.
        3310.   1.223448E-6         3320.
        3330.   5.537976E-6         3340.
        3350.   1.034688E-5         3360.
        3370.   7.030084E-6         3380.
        3390.   1.392234E-5         3400.
        3410.   1.602967E-5         3420.
        3430.   2.111322E-5         3440.
        3450.   2.114319E-5         3460.
        3470.   1.785735E-5         3480.
        3490.   2.831409E-5         3500.
        3510.   2.717553E-5         3520.
        3530.   2.355013E-5         3540.
        3550.   3.194948E-5         3560.
        3570.   3.481584E-5         3580.
        3590.   3.095074E-5         3600.
        3610.   4.393428E-5         3620.
        3630.   4.758964E-5         3640.
        3650.   5.120505E-5         3660.
        3670.   5.252338E-5         3680.
        3690.   6.072298E-5         3700.
        3710.   6.175168E-5         3720.
        3730.   6.231097E-5         3740.
        3750.   6.612613E-5         3760.
        3770.   7.166910E-5         3780.
        3790.   7.401613E-5         3800.
        3810.   7.323711E-5         3820.
        3830.   7.833065E-5         3840.
        3850.   8.247540E-5         3860.
        3870.   8.331433E-5         3880.
        3890.   8.119702E-5         3900.
        3910.   8.438298E-5         3920.
        3930.   8.601091E-5         3940.
        3950.   8.823809E-5         3960.
        3970.   8.796843E-5         3980.
        3990.   8.894718E-5         4000.
        4010.   9.372113E-5         4020.
        4030.   8.964630E-5         4040.
        4050.   8.950647E-5         4060.
        4070.   8.864757E-5         4080.
        4090.   8.635048E-5         4100.
        4110.   8.845780E-5         4120.
        4130.   8.954643E-5         4140.
        4150.   8.625061E-5         4160.
        4170.   8.993594E-5         4180.
        4190.   8.681988E-5         4200.
        4210.   8.593102E-5         4220.
        4230.   8.303469E-5         4240.
        4250.   8.046794E-5         4260.
        4270.   7.482510E-5         4280.
        4290.   6.589642E-5         4300.
        4310.   6.299011E-5         4320.
        4330.   1.119580E-4         4340.
        4350.   6.244080E-4         4360.
        4370.   0.004132758         4380.
        4390.    0.01977492         4400.
        4410.    0.07972888         4420.
        4430.     0.1935545         4440.
        4450.     0.3442634         4460.
        4470.     0.4922757         4480.
        4490.      0.612623         4500.
        4510.     0.6997126         4520.
        4530.     0.7581385         4540.
        4550.     0.7980878         4560.
        4570.     0.8252533         4580.
        4590.     0.8447286         4600.
        4610.     0.8582115         4620.
        4630.     0.8693973         4640.
        4650.     0.8778865         4660.
        4670.     0.8844782         4680.
        4690.     0.8905705         4700.
        4710.     0.8962632         4720.
        4730.     0.9010571         4740.
        4750.      0.905152         4760.
        4770.     0.9094465         4780.
        4790.     0.9134415         4800.
        4810.     0.9171367         4820.
        4830.     0.9207322         4840.
        4850.     0.9244275         4860.
        4870.     0.9273239         4880.
        4890.     0.9300205         4900.
        4910.     0.9328169         4920.
        4930.     0.9353138         4940.
        4950.     0.9374111         4960.
        4970.     0.9399079         4980.
        4990.     0.9415059         5000.
        5010.     0.9431038         5020.
        5030.      0.944602         5040.
        5050.     0.9455008         5060.
        5070.     0.9470988         5080.
        5090.     0.9473984         5100.
        5110.     0.9480975         5120.
        5130.     0.9479976         5140.
        5150.     0.9481974         5160.
        5170.     0.9477979         5180.
        5190.     0.9467992         5200.
        5210.     0.9457005         5220.
        5230.      0.944602         5240.
        5250.     0.9431038         5260.
        5270.     0.9405071         5280.
        5290.     0.9382101         5300.
        5310.     0.9353138         5320.
        5330.     0.9321178         5340.
        5350.     0.9283226         5360.
        5370.     0.9242278         5380.
        5390.     0.9192342         5400.
        5410.     0.9143403         5420.
        5430.     0.9087474         5440.
        5450.     0.9024554         5460.
        5470.     0.8961634         5480.
        5490.     0.8890724         5500.
        5510.     0.8813821         5520.
        5530.     0.8730927         5540.
        5550.     0.8644036         5560.
        5570.     0.8548158         5580.
        5590.     0.8448285         5600.
        5610.      0.834142         5620.
        5630.     0.8228563         5640.
        5650.     0.8108716         5660.
        5670.     0.7985871         5680.
        5690.     0.7863027         5700.
        5710.     0.7739184         5720.
        5730.     0.7598363         5740.
        5750.     0.7447554         5760.
        5770.      0.730074         5780.
        5790.     0.7140943         5800.
        5810.     0.6978149         5820.
        5830.     0.6811361         5840.
        5850.     0.6640578         5860.
        5870.     0.6467797         5880.
        5890.     0.6288025         5900.
        5910.      0.611025         5920.
        5930.     0.5927482         5940.
        5950.      0.573972         5960.
        5970.     0.5553956         5980.
        5990.     0.5366194         6000.
        6010.     0.5178432         6020.
        6030.     0.4987674         6040.
        6050.     0.4794919         6060.
        6070.     0.4606158         6080.
        6090.     0.4417397         6100.
        6110.     0.4229636         6120.
        6130.     0.4045869         6140.
        6150.     0.3862102         6160.
        6170.     0.3683329         6180.
        6190.     0.3506553         6200.
        6210.     0.3332773         6220.
        6230.     0.3162988         6240.
        6250.     0.2997199         6260.
        6270.     0.2835404         6280.
        6290.     0.2679601         6300.
        6310.     0.2528793         6320.
        6330.     0.2381979         6340.
        6350.     0.2240159         6360.
        6370.     0.2103332         6380.
        6390.     0.1971499         6400.
        6410.     0.1841664         6420.
        6430.     0.1720817         6440.
        6450.     0.1604964         6460.
        6470.     0.1496103         6480.
        6490.     0.1391235         6500.
        6510.     0.1294358         6520.
        6530.     0.1200477         6540.
        6550.     0.1110591         6560.
        6570.     0.1026698         6580.
        6590.    0.09465994         6600.
        6610.    0.08718942         6620.
        6630.    0.08019829         6640.
        6650.    0.07366657         6660.
        6670.    0.06761424         6680.
        6690.    0.06182159         6700.
        6710.     0.0565283         6720.
        6730.    0.05151466         6740.
        6750.    0.04702036         6760.
        6770.    0.04266589         6780.
        6790.     0.0387908         6800.
        6810.    0.03515541         6820.
        6830.    0.03181965         6840.
        6850.    0.02870359         6910.
        6920.    0.02292093         6930.
        6940.    0.02062384         6950.
        6960.    0.01854648         6970.
        6980.    0.01667885         6990.
        7000.    0.01495104         7010.
        7020.      0.013403         7030.
        7040.    0.01199479         7050.
        7060.     0.0107264         7070.
        7080.   0.009596828         7090.
        7100.   0.008569132         7110.
        7120.   0.007646302         7130.
        7140.   0.006813358         7150.
        7160.     0.0060713         7170.
        7180.   0.005403147         7190.
        7200.   0.004801909         7210.
        7220.   0.004269585         7230.
        7240.   0.003794188         7250.
        7260.   0.003367729         7270.
        7280.   0.002997199         7290.
        7300.   0.002658628         7310.
        7320.   0.002360007         7330.
        7340.   0.002093345         7350.
        7360.   0.001856645         7370.
        7380.   0.001649907         7390.
        7400.   0.001462145         7410.
        7420.   0.001295357         7430.
        7440.   0.001147545         7450.
        7460.   0.001019707         7470.
        7480.   9.041533E-4         7490.
        7500.   8.008842E-4         7510.
        7520.   7.126961E-4         7530.
        7540.   6.334965E-4         7550.
        7560.   5.609885E-4         7570.
        7580.   5.020632E-4         7590.
        7600.   4.440368E-4         7610.
        7620.   3.958979E-4         7630.
        7640.   3.527526E-4         7650.
        7660.   3.145011E-4         7670.
        7680.   2.812433E-4         7690.
        7700.   2.496833E-4         7710.
        7720.   2.244154E-4         7730.
        7740.   2.010450E-4         7750.
        7760.   1.795722E-4         7770.
        7780.   1.616949E-4         7790.
        7800.   1.451159E-4         7810.
        7820.   1.301350E-4         7830.
        7840.   1.170515E-4         7850.
        7860.   1.065648E-4         7870.
        7880.   9.491961E-5         7890.
        7900.   8.633050E-5         7910.
        7920.   7.669273E-5         7930.
        7940.   7.130956E-5         7950.
        7960.   6.291021E-5         7970.
        7980.   5.801642E-5         7990.
        8000.   5.856572E-5         8010.
        8020.   6.488770E-5         8030.
        8040.   5.086549E-5         8050.
        8060.   4.330507E-5         8070.
        8080.   4.388434E-5         8090.
        8100.   4.135754E-5         8110.
        8120.   3.565478E-5         8130.
        8140.   3.602431E-5         8150.
        8160.   2.695581E-5         8170.
        8180.   2.658628E-5         8190.
        8200.   1.930551E-5         8210.
        8220.   2.570740E-5         8230.
        8240.   2.518805E-5         8250.
        8260.   2.873356E-5         8270.
        8280.   2.276113E-5         8290.
        8300.   2.254141E-5         8310.
        8320.   5.437104E-6         8330.
        8340.   2.225178E-5         8350.
        8360.   2.242156E-5         8370.
        8380.   1.712828E-5         8390.
        8400.   1.632929E-5         8410.
        8420.   1.558024E-5         8430.
        8440.   1.304346E-5         8450.
        8460.   1.473132E-5         8470.
        8480.   9.431038E-6         8490.
        8500.   9.730658E-6         8510.
        8520.   5.444095E-6         8530.
        8540.   1.001730E-5         8550.
        8560.   1.276381E-5         8570.
        8580.   1.236432E-5         8590.
        8600.   2.058389E-5         8610.
        8620.   4.851846E-6         8630.
        8640.   2.990207E-6         8650.
        8660.   1.554029E-5         8670.
        8680.   9.703692E-7         8690.
        8700.   1.079631E-5         8710.
        8720.   5.656826E-6         8730.
        8740.   3.167982E-6         8750.
        8760.   1.523068E-5         8770.
        8780.   3.113052E-6         8790.
        8800.   1.896595E-5         8810.
        8820.   5.473058E-6         8830.
        8840.   5.336232E-6         8850.
        8860.   1.079631E-5         8870.
        8880.   9.636778E-6         8890.
        8900.   7.025090E-6         8910.
        8920.   7.569399E-6         8930.
        8940.   2.452889E-6         8950.
        8960.   9.692706E-6         8970.
        8980.   8.950647E-6         8990.
        9000.   6.045333E-6         9010.
        9020.   3.959977E-6         9030.
        9040.   5.556952E-6         9050.
        9060.   9.927409E-6         9070.
        9080.   6.464801E-6         9090.
        9100.   6.202134E-6         9110.
        9120.   5.925484E-6         9130.
        9140.   1.739793E-5         9150.
        9160.   2.479855E-6         9170.
        9180.   1.303347E-5         9190.
        9200.   1.004726E-5         9210.
        9220.   1.639920E-5         9230.
        9240.   4.728003E-6         9250.
        9260.   5.752704E-6         9270.
        9280.   4.480317E-6         9290.
        9300.   3.390699E-6         9310.
        9320.   1.414206E-5         9330.
        9340.   1.081628E-6         9350.
        9360.   8.381370E-6         9370.
        9380.   1.402221E-5         9390.
        9400.   1.089618E-5         9410.
        9420.   7.159919E-6         9430.
        9440.   1.046673E-5         9450.
        9460.   6.285029E-6         9470.
        9480.   7.082018E-6         9490.
        9500.   6.397885E-6         9510.
        9520.   8.459270E-6         9530.
        9540.   1.775748E-5         9550.
        9560.   1.089618E-5         9570.
        9580.   1.612954E-5         9590.
        9600.   1.462146E-5         9610.
        9620.   1.979489E-5         9630.
        9640.   1.492107E-5         9650.
        9660.   1.146546E-5         9670.
        9680.   5.857571E-6         9690.
        9700.   1.173512E-5         9710.
        9720.   3.093077E-6         9730.
        9740.   1.775748E-5         9750.
        9760.   8.935667E-6         9770.
        9780.   7.717212E-6         9790.
        9800.   2.522800E-5         9810.
        9820.   1.061654E-5         9830.
        9840.   1.189491E-5         9850.
        9860.   8.362394E-6         9870.
        9880.   2.932281E-6         9890.
        9900.   1.301349E-5         9910.
        9920.   8.603089E-6         9930.
        9940.   3.214923E-5         9950.
        9960.   1.953522E-5         9970.
        9980.   1.906582E-5         9990.
       10000.   2.127302E-5        10010.
       10020.   2.991206E-5        10030.
       10040.   2.662623E-5        10050.
       10060.   2.184230E-5        10070.
       10080.   2.855378E-5        10090.
       10100.   3.084089E-5        10110.
       10120.   2.617680E-5        10130.
       10140.   3.452621E-5        10150.
       10160.   2.899323E-5        10170.
       10180.   2.912306E-5        10190.
       10200.   2.942268E-5        10210.
       10220.   4.406411E-5        10230.
       10240.   3.688322E-5        10250.
       10260.   3.192950E-5        10270.
       10280.   3.404682E-5        10290.
       10300.   3.501559E-5        10310.
       10320.   4.416399E-5        10330.
       10340.   3.893062E-5        10350.
       10360.   4.934741E-5        10370.
       10380.   5.515005E-5        10390.
       10400.   5.650833E-5        10410.
       10420.   4.667081E-5        10430.
       10440.   5.090544E-5        10450.
       10460.   5.457079E-5        10470.
       10480.   6.397885E-5        10490.
       10500.   5.212389E-5        10510.
       10520.   6.425850E-5        10530.
       10540.   5.502022E-5        10550.
       10560.   5.880541E-5        10570.
       10580.   6.024359E-5        10590.
       10600.   7.642307E-5        10610.
       10620.   6.738454E-5        10630.
       10640.   7.551422E-5        10650.
       10660.   7.678261E-5        10670.
       10680.   8.022824E-5        10690.
       10700.   8.353405E-5        10710.
       10720.   9.859494E-5        10730.
       10740.   1.069643E-4        10750.
       10760.   9.957371E-5        10770.
       10780.   1.101603E-4        10790.
       10800.   1.121577E-4        10810.
       10820.   1.169517E-4        10830.
       10840.   1.251413E-4        10850.
       10860.   1.222450E-4        10870.
       10880.   1.315332E-4        10890.
       10900.   1.347291E-4        10910.
       10920.   1.369263E-4        10930.
       10940.   1.476128E-4        10950.
       10960.   1.441172E-4        10970.
       10980.   1.618947E-4        10990.
       11000.   1.535053E-4         INDEF
