        1900.            0.         1950.
        2000.            0.         2050.
        2100.            0.         2150.
        2200.            0.         2250.
        2300.            0.         2350.
        2400.            0.         2450.
        2500.            0.         2550.
        2600.            0.         2650.
        2700.            0.         2750.
        2800.            0.         2850.
        2900.            0.         2950.
        3000.            0.         3050.
        3100.            0.         3150.
        3200.            0.         3250.
        3300.            0.         3350.
        3400.            0.         3450.
        3500.            0.         3550.
        3600.            0.         3650.
        3700.            0.         3750.
        3800.            0.         3850.
        3900.            0.         3950.
        4000.            0.         4050.
        4100.            0.         4150.
        4200.            0.         4250.
        4300.            0.         4350.
        4400.            0.         4450.
        4500.            0.         4550.
        4600.            0.         4650.
        4700.            0.         4750.
        4800.            0.         4850.
        4900.            0.         4950.
        5000.            0.         5050.
        5100.            0.         5150.
        5200.            0.         5250.
        5300.            0.         5350.
        5400.            0.         5450.
        5500.            0.         5550.
        5600.            0.         5650.
        5700.            0.         5750.
        5800.            0.         5850.
        5900.            0.         5950.
        6000.            0.         6050.
        6100.            0.         6150.
        6200.            0.         6250.
        6300.            0.         6350.
        6400.            0.         6450.
        6500.            0.         6550.
        6600.            0.         6650.
        6700.            0.         6750.
        6800.            0.         6850.
        6900.            0.         6950.
        7000.            0.         7050.
        7100.            0.         7150.
        7200.            0.         7250.
        7300.            0.         7350.
        7400.            0.         7450.
        7500.            0.         7550.
        7600.            0.         7650.
        7700.            0.         7750.
        7800.            0.         7850.
        7900.            0.         8310.
        8320.    0.01080694         8330.
        8340.     0.0267296         8350.
        8360.    0.04822797         8370.
        8380.    0.07632338         8390.
        8400.     0.1108557         8410.
        8420.     0.1510398         8430.
        8440.     0.1974349         8450.
        8460.     0.2487238         8470.
        8480.     0.3023228         8490.
        8500.     0.3578469         8510.
        8520.     0.4133103         8530.
        8540.     0.4668586         8550.
        8560.     0.5173775         8570.
        8580.     0.5644311         8590.
        8600.     0.6065403         8610.
        8620.      0.645853         8630.
        8640.     0.6820652         8650.
        8660.      0.713485         8670.
        8680.     0.7414497         8690.
        8700.     0.7673272         8710.
        8720.     0.7903677         8730.
        8740.     0.8108549         8750.
        8760.     0.8289711         8770.
        8780.     0.8438452         8790.
        8800.     0.8582733         8810.
        8820.     0.8692566         8830.
        8840.     0.8796926         8850.
        8860.     0.8867649         8870.
        8880.     0.8952354         8890.
        8900.     0.9022873         8910.
        8920.     0.9093393         8930.
        8940.     0.9147904         8950.
        8960.     0.9185595         8970.
        8980.     0.9217207         8990.
        9000.     0.9268476         9010.
        9020.     0.9294617         9030.
        9040.     0.9325622         9050.
        9060.     0.9357842         9070.
        9080.     0.9371216         9090.
        9100.     0.9386414         9110.
        9120.     0.9403031         9130.
        9140.     0.9423093         9150.
        9160.     0.9440114         9170.
        9180.     0.9443357         9190.
        9200.     0.9453084         9210.
        9220.     0.9466053         9230.
        9240.     0.9475375         9250.
        9260.     0.9474362         9270.
        9280.     0.9478009         9290.
        9300.     0.9496855         9310.
        9320.      0.949726         9330.
        9340.     0.9508203         9350.
        9360.     0.9499692         9370.
        9380.     0.9506987         9390.
        9400.     0.9512053         9410.
        9420.     0.9505771         9430.
        9440.     0.9515093         9450.
        9460.     0.9510635         9470.
        9480.     0.9526035         9490.
        9500.      0.952178         9510.
        9520.     0.9522996         9530.
        9540.     0.9521983         9550.
        9560.     0.9535965         9570.
        9580.     0.9517727         9590.
        9600.     0.9521172         9610.
        9620.      0.951874         9630.
        9640.      0.952482         9650.
        9660.     0.9528872         9670.
        9680.     0.9504555         9690.
        9700.     0.9533128         9710.
        9720.     0.9536167         9730.
        9740.     0.9517322         9750.
        9760.     0.9531507         9770.
        9780.     0.9526035         9790.
        9800.     0.9531507         9810.
        9820.     0.9531304         9830.
        9840.     0.9512661         9850.
        9860.     0.9526035         9870.
        9880.     0.9532318         9890.
        9900.     0.9529075         9910.
        9920.     0.9522996         9930.
        9940.     0.9526441         9950.
        9960.     0.9529683         9970.
        9980.      0.953637         9990.
       10000.     0.9531102        10010.
       10020.     0.9542044        10030.
       10040.     0.9526238        10050.
       10060.     0.9528062        10070.
       10080.     0.9520361        10090.
       10100.     0.9514485        10110.
       10120.       0.95157        10130.
       10140.     0.9525427        10150.
       10160.      0.952178        10170.
       10180.     0.9528466        10190.
       10200.     0.9522793        10210.
       10220.      0.952563        10230.
       10240.     0.9534141        10250.
       10260.     0.9505365        10270.
       10280.     0.9508811        10290.
       10300.     0.9519348        10310.
       10320.     0.9505771        10330.
       10340.     0.9514485        10350.
       10360.     0.9517524        10370.
       10380.     0.9513674        10390.
       10400.     0.9510027        10410.
       10420.     0.9499692        10430.
       10440.      0.950111        10450.
       10460.     0.9506784        10470.
       10480.     0.9501718        10490.
       10500.     0.9500097        10510.
       10520.     0.9489763        10530.
       10540.      0.950334        10550.
       10560.      0.948956        10570.
       10580.     0.9482467        10590.
       10600.     0.9485102        10610.
       10620.     0.9501718        10630.
       10640.     0.9490978        10650.
       10660.     0.9496855        10670.
       10680.     0.9471322        10690.
       10700.     0.9480238        10710.
       10720.     0.9471525        10730.
       10740.     0.9483886        10750.
       10760.     0.9499692        10770.
       10780.     0.9483886        10790.
       10800.     0.9480238        10810.
       10820.     0.9486317        10830.
       10840.     0.9462405        10850.
       10860.     0.9470511        10870.
       10880.     0.9472335        10890.
       10900.     0.9486115        10910.
       10920.     0.9472538        10930.
       10940.      0.945815        10950.
       10960.     0.9463824        10970.
       10980.     0.9472335        10990.
       11000.     0.9471727         INDEF
