        1860.   5.147688E-6            0.
        1870.   3.431792E-6            0.
        1880.   7.721532E-6            0.
        1890.   8.579480E-7            0.
        1900.   4.289740E-6            0.
        1910.   5.147688E-6            0.
        1920.   8.579480E-7            0.
        1930.   2.573844E-6            0.
        1940.   8.579480E-7            0.
        1950.   3.431792E-6            0.
        1960.   2.573844E-6            0.
        1970.   1.715896E-6            0.
        1980.   2.573844E-6            0.
        1990.   1.715896E-6            0.
        2000.   1.715896E-6            0.
        2010.   1.715896E-6            0.
        2020.   1.715896E-6            0.
        2030.   8.579480E-7            0.
        2040.   8.579480E-7            0.
        2050.   8.579480E-7            0.
        2060.   8.579480E-7            0.
        2070.   8.579480E-7            0.
        2080.   8.579480E-7            0.
        2090.   8.579480E-7            0.
        2100.   8.579480E-7            0.
        2110.   8.579480E-7            0.
        2120.   8.579480E-7            0.
        2130.   8.579480E-7            0.
        2140.   8.579480E-7            0.
        2150.   8.579480E-7            0.
        2160.   8.579480E-7            0.
        2170.   8.579480E-7            0.
        2180.   8.579480E-7            0.
        2190.   8.579480E-7            0.
        2200.   8.579480E-7            0.
        2210.   8.579480E-7            0.
        2220.   8.579480E-7            0.
        2230.   8.579480E-7            0.
        2240.   8.579480E-7            0.
        2250.   8.579480E-7            0.
        2260.   8.579480E-7            0.
        2270.   8.579480E-7            0.
        2280.   8.579480E-7            0.
        2290.   8.579480E-7            0.
        2300.   8.579480E-7            0.
        2310.   8.579480E-7            0.
        2320.   8.579480E-7            0.
        2330.   8.579480E-7            0.
        2340.   8.579480E-7            0.
        2350.   8.579480E-7            0.
        2360.   8.579480E-7            0.
        2370.   8.579480E-7            0.
        2380.   8.579480E-7            0.
        2390.   8.579480E-7            0.
        2400.   8.579480E-7            0.
        2410.   8.579480E-7            0.
        2420.   8.579480E-7            0.
        2430.   8.579480E-7            0.
        2440.   8.579480E-7            0.
        2450.   8.579480E-7            0.
        2460.   8.579480E-7            0.
        2470.   8.579480E-7            0.
        2480.   8.579480E-7            0.
        2490.   8.579480E-7            0.
        2500.   8.579480E-7            0.
        2510.   8.579480E-7            0.
        2520.   8.579480E-7            0.
        2530.   8.579480E-7            0.
        2540.   8.579480E-7            0.
        2550.   8.579480E-7            0.
        2560.   8.579480E-7            0.
        2570.   8.579480E-7            0.
        2580.   8.579480E-7            0.
        2590.   8.579480E-7            0.
        2600.   8.579480E-7            0.
        2610.   8.579480E-7            0.
        2620.   8.579480E-7            0.
        2630.   8.579480E-7            0.
        2640.   8.579480E-7            0.
        2650.   8.579480E-7            0.
        2660.   8.579480E-7            0.
        2670.   8.579480E-7            0.
        2680.   8.579480E-7            0.
        2690.   8.579480E-7            0.
        2700.   8.579480E-7            0.
        2710.   8.579480E-7            0.
        2720.   8.579480E-7            0.
        2730.   8.579480E-7            0.
        2740.   8.579480E-7            0.
        2750.   8.579480E-7            0.
        2760.   8.579480E-7            0.
        2770.   8.579480E-7            0.
        2780.   8.579480E-7            0.
        2790.   8.579480E-7            0.
        2800.   8.579480E-7            0.
        2810.   8.579480E-7            0.
        2820.   8.579480E-7            0.
        2830.   8.579480E-7            0.
        2840.   8.579480E-7            0.
        2850.   8.579480E-7            0.
        2860.   8.579480E-7            0.
        2870.   8.579480E-7            0.
        2880.   8.579480E-7            0.
        2890.   8.579480E-7            0.
        2900.   8.579480E-7            0.
        2910.   8.579480E-7            0.
        2920.   8.579480E-7            0.
        2930.   8.579480E-7            0.
        2940.   8.579480E-7            0.
        2950.   8.579480E-7            0.
        2960.   8.579480E-7            0.
        2970.   8.579480E-7            0.
        2980.   8.579480E-7            0.
        2990.   8.579480E-7            0.
        3000.   8.579480E-7            0.
        3010.   8.579480E-7            0.
        3020.   8.579480E-7            0.
        3030.   8.579480E-7            0.
        3040.   8.579480E-7            0.
        3050.   8.579480E-7            0.
        3060.   8.579480E-7            0.
        3070.   8.579480E-7            0.
        3080.   8.579480E-7            0.
        3090.   8.579480E-7            0.
        3100.   8.579480E-7            0.
        3110.   8.579480E-7            0.
        3120.   8.579480E-7            0.
        3130.   8.579480E-7            0.
        3140.   8.579480E-7            0.
        3150.   8.579480E-7            0.
        3160.   8.579480E-7            0.
        3170.   8.579480E-7            0.
        3180.   8.579480E-7            0.
        3190.   8.579480E-7            0.
        3200.   8.579480E-7            0.
        3210.   8.579480E-7            0.
        3220.   8.579480E-7            0.
        3230.   8.579480E-7            0.
        3240.   8.579480E-7            0.
        3250.   8.579480E-7            0.
        3260.   8.579480E-7            0.
        3270.   8.579480E-7            0.
        3280.   8.579480E-7            0.
        3290.   8.579480E-7            0.
        3300.   8.579480E-7            0.
        3310.   8.579480E-7            0.
        3320.   8.579480E-7            0.
        3330.   8.579480E-7            0.
        3340.   8.579480E-7            0.
        3350.   8.579480E-7            0.
        3360.   8.579480E-7            0.
        3370.   8.579480E-7            0.
        3380.   8.579480E-7            0.
        3390.   8.579480E-7            0.
        3400.   8.579480E-7            0.
        3410.   8.579480E-7            0.
        3420.   8.579480E-7            0.
        3430.   8.579480E-7            0.
        3440.   8.579480E-7            0.
        3450.   8.579480E-7            0.
        3460.   8.579480E-7            0.
        3470.   8.579480E-7            0.
        3480.   8.579480E-7            0.
        3490.   8.579480E-7            0.
        3500.   8.579480E-7            0.
        3510.   8.579480E-7            0.
        3520.   8.579480E-7            0.
        3530.   8.579480E-7            0.
        3540.   8.579480E-7            0.
        3550.   8.579480E-7            0.
        3560.   8.579480E-7            0.
        3570.   8.579480E-7            0.
        3580.   8.579480E-7            0.
        3590.   8.579480E-7            0.
        3600.   8.579480E-7            0.
        3610.   8.579480E-7            0.
        3620.   8.579480E-7            0.
        3630.   8.579480E-7            0.
        3640.   8.579480E-7            0.
        3650.   8.579480E-7            0.
        3660.   8.579480E-7            0.
        3670.   8.579480E-7            0.
        3680.   8.579480E-7            0.
        3690.   8.579480E-7            0.
        3700.   8.579480E-7            0.
        3710.   8.579480E-7            0.
        3720.   8.579480E-7            0.
        3730.   8.579480E-7            0.
        3740.   8.579480E-7            0.
        3750.   8.579480E-7            0.
        3760.   8.579480E-7            0.
        3770.   8.579480E-7            0.
        3780.   8.579480E-7            0.
        3790.   8.579480E-7            0.
        3800.   8.579480E-7            0.
        3810.   8.579480E-7            0.
        3820.   8.579480E-7            0.
        3830.   8.579480E-7            0.
        3840.   8.579480E-7            0.
        3850.   8.579480E-7            0.
        3860.   8.579480E-7            0.
        3870.   8.579480E-7            0.
        3880.   8.579480E-7            0.
        3890.   8.579480E-7            0.
        3900.   8.579480E-7            0.
        3910.   8.579480E-7            0.
        3920.   8.579480E-7            0.
        3930.   8.579480E-7            0.
        3940.   8.579480E-7            0.
        3950.   8.579480E-7            0.
        3960.   8.579480E-7            0.
        3970.   8.579480E-7            0.
        3980.   8.579480E-7            0.
        3990.   8.579480E-7            0.
        4000.   8.579480E-7            0.
        4010.   8.579480E-7            0.
        4020.   8.579480E-7            0.
        4030.   8.579480E-7            0.
        4040.   8.579480E-7            0.
        4050.   8.579480E-7            0.
        4060.   8.579480E-7            0.
        4070.   8.579480E-7            0.
        4080.   8.579480E-7            0.
        4090.   8.579480E-7            0.
        4100.   8.579480E-7            0.
        4110.   8.579480E-7            0.
        4120.   8.579480E-7            0.
        4130.   8.579480E-7            0.
        4140.   8.579480E-7            0.
        4150.   8.579480E-7            0.
        4160.   8.579480E-7            0.
        4170.   8.579480E-7            0.
        4180.   8.579480E-7            0.
        4190.   8.579480E-7            0.
        4200.   8.579480E-7            0.
        4210.   8.579480E-7            0.
        4220.   8.579480E-7            0.
        4230.   8.579480E-7            0.
        4240.   8.579480E-7            0.
        4250.   8.579480E-7            0.
        4260.   8.579480E-7            0.
        4270.   8.579480E-7            0.
        4280.   8.579480E-7            0.
        4290.   8.579480E-7            0.
        4300.   8.579480E-7            0.
        4310.   8.579480E-7            0.
        4320.   8.579480E-7            0.
        4330.   8.579480E-7            0.
        4340.   8.579480E-7            0.
        4350.   8.579480E-7            0.
        4360.   8.579480E-7            0.
        4370.   8.579480E-7            0.
        4380.   8.579480E-7            0.
        4390.   8.579480E-7            0.
        4400.   8.579480E-7            0.
        4410.   8.579480E-7            0.
        4420.   8.579480E-7            0.
        4430.   8.579480E-7            0.
        4440.   8.579480E-7            0.
        4450.   8.579480E-7            0.
        4460.   8.579480E-7            0.
        4470.   8.579480E-7            0.
        4480.   8.579480E-7            0.
        4490.   8.579480E-7            0.
        4500.   8.579480E-7            0.
        4510.   8.579480E-7            0.
        4520.   8.579480E-7            0.
        4530.   8.579480E-7            0.
        4540.   8.579480E-7            0.
        4550.   8.579480E-7            0.
        4560.   8.579480E-7            0.
        4570.   8.579480E-7            0.
        4580.   8.579480E-7            0.
        4590.   8.579480E-7            0.
        4600.   8.579480E-7            0.
        4610.   8.579480E-7            0.
        4620.   8.579480E-7            0.
        4630.   8.579480E-7            0.
        4640.   8.579480E-7            0.
        4650.   8.579480E-7            0.
        4660.   8.579480E-7            0.
        4670.   8.579480E-7            0.
        4680.   8.579480E-7            0.
        4690.   8.579480E-7            0.
        4700.   8.579480E-7            0.
        4710.   8.579480E-7            0.
        4720.   8.579480E-7            0.
        4730.   8.579480E-7            0.
        4740.   8.579480E-7            0.
        4750.   8.579480E-7            0.
        4760.   8.579480E-7            0.
        4770.   8.579480E-7            0.
        4780.   8.579480E-7            0.
        4790.   8.579480E-7            0.
        4800.   8.579480E-7            0.
        4810.   8.579480E-7            0.
        4820.   8.579480E-7            0.
        4830.   8.579480E-7            0.
        4840.   8.579480E-7            0.
        4850.   8.579480E-7            0.
        4860.   8.579480E-7            0.
        4870.   8.579480E-7            0.
        4880.   8.579480E-7            0.
        4890.   8.579480E-7            0.
        4900.   8.579480E-7            0.
        4910.   8.579480E-7            0.
        4920.   8.579480E-7            0.
        4930.   8.579480E-7            0.
        4940.   8.579480E-7            0.
        4950.   8.579480E-7            0.
        4960.   8.579480E-7            0.
        4970.   8.579480E-7            0.
        4980.   8.579480E-7            0.
        4990.   8.579480E-7            0.
        5000.   8.579480E-7            0.
        5010.   8.579480E-7            0.
        5020.   8.579480E-7            0.
        5030.   8.579480E-7            0.
        5040.   8.579480E-7            0.
        5050.   8.579480E-7            0.
        5060.   8.579480E-7            0.
        5070.   8.579480E-7            0.
        5080.   8.579480E-7            0.
        5090.   8.579480E-7            0.
        5100.   8.579480E-7            0.
        5110.   8.579480E-7            0.
        5120.   8.579480E-7            0.
        5130.   8.579480E-7            0.
        5140.   8.579480E-7            0.
        5150.   8.579480E-7            0.
        5160.   8.579480E-7            0.
        5170.   8.579480E-7            0.
        5180.   8.579480E-7            0.
        5190.   8.579480E-7            0.
        5200.   8.579480E-7            0.
        5210.   8.579480E-7            0.
        5220.   8.579480E-7            0.
        5230.   8.579480E-7            0.
        5240.   8.579480E-7            0.
        5250.   8.579480E-7            0.
        5260.   8.579480E-7            0.
        5270.   8.579480E-7            0.
        5280.   8.579480E-7            0.
        5290.   8.579480E-7            0.
        5300.   8.579480E-7            0.
        5310.   8.579480E-7            0.
        5320.   8.579480E-7            0.
        5330.   8.579480E-7            0.
        5340.   8.579480E-7            0.
        5350.   8.579480E-7            0.
        5360.   8.579480E-7            0.
        5370.   8.579480E-7            0.
        5380.   8.579480E-7            0.
        5390.   8.579480E-7            0.
        5400.   8.579480E-7            0.
        5410.   8.579480E-7            0.
        5420.   8.579480E-7            0.
        5430.   8.579480E-7            0.
        5440.   8.579480E-7            0.
        5450.   8.579480E-7            0.
        5460.   8.579480E-7            0.
        5470.   8.579480E-7            0.
        5480.   8.579480E-7            0.
        5490.   8.579480E-7            0.
        5500.   8.579480E-7            0.
        5510.   8.579480E-7            0.
        5520.   8.579480E-7            0.
        5530.   8.579480E-7            0.
        5540.   8.579480E-7            0.
        5550.   8.579480E-7            0.
        5560.   8.579480E-7            0.
        5570.   8.579480E-7            0.
        5580.   8.579480E-7            0.
        5590.   8.579480E-7            0.
        5600.   8.579480E-7            0.
        5610.   8.579480E-7            0.
        5620.   8.579480E-7            0.
        5630.   8.579480E-7            0.
        5640.   8.579480E-7            0.
        5650.   8.579480E-7            0.
        5660.   8.579480E-7            0.
        5670.   8.579480E-7            0.
        5680.   8.579480E-7            0.
        5690.   8.579480E-7            0.
        5700.   8.579480E-7            0.
        5710.   8.579480E-7            0.
        5720.   8.579480E-7            0.
        5730.   8.579480E-7            0.
        5740.   8.579480E-7            0.
        5750.   8.579480E-7            0.
        5760.   8.579480E-7            0.
        5770.   8.579480E-7            0.
        5780.   8.579480E-7            0.
        5790.   8.579480E-7            0.
        5800.   8.579480E-7            0.
        5810.   8.579480E-7            0.
        5820.   8.579480E-7            0.
        5830.   8.579480E-7            0.
        5840.   8.579480E-7            0.
        5850.   8.579480E-7            0.
        5860.   8.579480E-7            0.
        5870.   8.579480E-7            0.
        5880.   8.579480E-7            0.
        5890.   8.579480E-7            0.
        5900.   8.579480E-7            0.
        5910.   8.579480E-7            0.
        5920.   8.579480E-7            0.
        5930.   8.579480E-7            0.
        5940.   8.579480E-7            0.
        5950.   8.579480E-7            0.
        5960.   8.579480E-7            0.
        5970.   8.579480E-7            0.
        5980.   8.579480E-7            0.
        5990.   8.579480E-7            0.
        6000.   8.579480E-7            0.
        6010.   8.579480E-7            0.
        6020.   8.579480E-7            0.
        6030.   8.579480E-7            0.
        6040.   8.579480E-7            0.
        6050.   8.579480E-7            0.
        6060.   8.579480E-7            0.
        6070.   8.579480E-7            0.
        6080.   8.579480E-7            0.
        6090.   8.579480E-7            0.
        6100.   8.579480E-7            0.
        6110.   8.579480E-7            0.
        6120.   8.579480E-7            0.
        6130.   8.579480E-7            0.
        6140.   8.579480E-7            0.
        6150.   8.579480E-7            0.
        6160.   8.579480E-7            0.
        6170.   8.579480E-7            0.
        6180.   8.579480E-7            0.
        6190.   8.579480E-7            0.
        6200.   8.579480E-7            0.
        6210.   8.579480E-7            0.
        6220.   8.579480E-7            0.
        6230.   8.579480E-7            0.
        6240.   8.579480E-7            0.
        6250.   8.579480E-7            0.
        6260.   8.579480E-7            0.
        6270.   8.579480E-7            0.
        6280.   8.579480E-7            0.
        6290.   8.579480E-7            0.
        6300.   8.579480E-7            0.
        6310.   8.579480E-7            0.
        6320.   8.579480E-7            0.
        6330.   8.579480E-7            0.
        6340.   8.579480E-7            0.
        6350.   8.579480E-7            0.
        6360.   8.579480E-7            0.
        6370.   8.579480E-7            0.
        6380.   8.579480E-7            0.
        6390.   8.579480E-7            0.
        6400.   8.579480E-7            0.
        6410.   8.579480E-7            0.
        6420.   8.579480E-7            0.
        6430.   8.579480E-7            0.
        6440.   8.579480E-7            0.
        6450.   8.579480E-7            0.
        6460.   8.579480E-7            0.
        6470.   8.579480E-7            0.
        6480.   8.579480E-7            0.
        6490.   8.579480E-7            0.
        6500.   8.579480E-7            0.
        6510.   8.579480E-7            0.
        6520.   8.579480E-7            0.
        6530.   8.579480E-7            0.
        6540.   8.579480E-7            0.
        6550.   8.579480E-7            0.
        6560.   8.579480E-7            0.
        6570.   8.579480E-7            0.
        6580.   8.579480E-7            0.
        6590.   8.579480E-7            0.
        6600.   8.579480E-7            0.
        6610.   8.579480E-7            0.
        6620.   8.579480E-7            0.
        6630.   8.579480E-7            0.
        6640.   8.579480E-7            0.
        6650.   8.579480E-7            0.
        6660.   8.579480E-7            0.
        6670.   8.579480E-7            0.
        6680.   8.579480E-7            0.
        6690.   8.579480E-7            0.
        6700.   8.579480E-7            0.
        6710.   8.579480E-7            0.
        6720.   8.579480E-7            0.
        6730.   8.579480E-7            0.
        6740.   8.579480E-7            0.
        6750.   8.579480E-7            0.
        6760.   8.579480E-7            0.
        6770.   8.579480E-7            0.
        6780.   8.579480E-7            0.
        6790.   8.579480E-7            0.
        6800.   8.579480E-7            0.
        6810.   8.579480E-7            0.
        6820.   8.579480E-7            0.
        6830.   8.579480E-7            0.
        6840.   8.579480E-7            0.
        6850.   8.579480E-7            0.
        6860.   8.579480E-7            0.
        6870.   8.579480E-7            0.
        6880.   8.579480E-7            0.
        6890.   8.579480E-7            0.
        6900.   8.579480E-7            0.
        6910.   8.579480E-7            0.
        6920.   8.579480E-7            0.
        6930.   8.579480E-7            0.
        6940.   8.579480E-7            0.
        6950.   8.579480E-7            0.
        6960.   8.579480E-7            0.
        6970.   8.579480E-7            0.
        6980.   8.579480E-7            0.
        6990.   8.579480E-7            0.
        7000.   8.579480E-7            0.
        7010.   8.579480E-7            0.
        7020.   8.579480E-7            0.
        7030.   8.579480E-7            0.
        7040.   8.579480E-7            0.
        7050.   8.579480E-7            0.
        7060.   8.579480E-7            0.
        7070.   8.579480E-7            0.
        7080.   8.579480E-7            0.
        7090.   8.579480E-7            0.
        7100.   8.579480E-7            0.
        7110.   8.579480E-7            0.
        7120.   8.579480E-7            0.
        7130.   8.579480E-7            0.
        7140.   8.579480E-7            0.
        7150.   8.579480E-7            0.
        7160.   8.579480E-7            0.
        7170.   8.579480E-7            0.
        7180.   8.579480E-7            0.
        7190.   8.579480E-7            0.
        7200.   8.579480E-7            0.
        7210.   8.579480E-7            0.
        7220.   8.579480E-7            0.
        7230.   8.579480E-7            0.
        7240.   8.579480E-7            0.
        7250.   8.579480E-7            0.
        7260.   8.579480E-7            0.
        7270.   8.579480E-7            0.
        7280.   8.579480E-7            0.
        7290.   8.579480E-7            0.
        7300.   8.579480E-7            0.
        7310.   8.579480E-7            0.
        7320.   8.579480E-7            0.
        7330.   8.579480E-7            0.
        7340.   8.579480E-7            0.
        7350.   8.579480E-7            0.
        7360.   8.579480E-7            0.
        7370.   8.579480E-7            0.
        7380.   8.579480E-7            0.
        7390.   1.715896E-6            0.
        7400.   1.715896E-6            0.
        7410.   1.715896E-6            0.
        7420.   1.715896E-6            0.
        7430.   1.715896E-6            0.
        7440.   1.715896E-6            0.
        7450.   1.715896E-6            0.
        7460.   1.715896E-6            0.
        7470.   1.715896E-6            0.
        7480.   1.715896E-6            0.
        7490.   1.715896E-6            0.
        7500.   1.715896E-6            0.
        7510.   1.715896E-6            0.
        7520.   1.715896E-6            0.
        7530.   1.715896E-6            0.
        7540.   1.715896E-6            0.
        7550.   1.715896E-6            0.
        7560.   2.573844E-6            0.
        7570.   3.431792E-6            0.
        7580.   5.147688E-6            0.
        7590.   5.147688E-6            0.
        7600.   3.431792E-6            0.
        7610.   2.573844E-6            0.
        7620.   1.715896E-6            0.
        7630.   1.715896E-6            0.
        7640.   8.579480E-7            0.
        7650.   8.579480E-7            0.
        7660.   8.579480E-7            0.
        7670.   8.579480E-7            0.
        7680.   8.579480E-7            0.
        7690.   8.579480E-7            0.
        7700.   8.579480E-7            0.
        7710.   8.579480E-7            0.
        7720.   8.579480E-7            0.
        7730.   8.579480E-7            0.
        7740.   8.579480E-7            0.
        7750.   8.579480E-7            0.
        7760.   8.579480E-7            0.
        7770.   8.579480E-7            0.
        7780.   8.579480E-7            0.
        7790.   8.579480E-7            0.
        7800.   8.579480E-7            0.
        7810.   8.579480E-7            0.
        7820.   8.579480E-7            0.
        7830.   8.579480E-7            0.
        7840.   8.579480E-7            0.
        7850.   8.579480E-7            0.
        7860.   8.579480E-7            0.
        7870.   8.579480E-7            0.
        7880.   8.579480E-7            0.
        7890.   8.579480E-7            0.
        7900.   8.579480E-7            0.
        7910.   8.579480E-7            0.
        7920.   8.579480E-7            0.
        7930.   8.579480E-7            0.
        7940.   8.579480E-7            0.
        7950.   8.579480E-7            0.
        7960.   8.579480E-7            0.
        7970.   8.579480E-7            0.
        7980.   8.579480E-7            0.
        7990.   8.579480E-7            0.
        8000.   9.437428E-6            0.
        8010.   1.029538E-5            0.
        8020.   6.005636E-6            0.
        8030.   9.437428E-6            0.
        8040.   5.147688E-6            0.
        8050.   8.579480E-7            0.
        8060.   2.573844E-5            0.
        8070.   8.579480E-7            0.
        8080.   2.059075E-5            0.
        8090.   1.286922E-5            0.
        8100.   1.286922E-5            0.
        8110.   6.005636E-6            0.
        8120.   2.573844E-6            0.
        8130.            0.            0.
        8140.   9.437428E-6            0.
        8150.   3.431792E-6            0.
        8160.   7.721532E-6            0.
        8170.   2.745434E-5            0.
        8180.   8.579479E-6            0.
        8190.   3.431792E-6            0.
        8200.   2.573844E-6            0.
        8210.   7.721532E-6            0.
        8220.   6.863584E-6            0.
        8230.   6.863584E-6            0.
        8240.   8.579479E-6            0.
        8250.   7.721532E-6            0.
        8260.   1.973280E-5            0.
        8270.   6.863584E-6            0.
        8280.   2.402254E-5            0.
        8290.   1.201127E-5            0.
        8300.   6.863584E-6            0.
        8310.   2.144870E-5            0.
        8320.   1.115332E-5            0.
        8330.   6.863584E-6            0.
        8340.   8.579480E-7            0.
        8350.   3.002818E-5            0.
        8360.   1.029538E-5            0.
        8370.   5.147688E-6            0.
        8380.   2.573844E-6            0.
        8390.   4.289740E-6            0.
        8400.   8.579480E-7            0.
        8410.   4.289740E-6            0.
        8420.   8.579480E-7            0.
        8430.   9.437428E-6            0.
        8440.   6.005636E-6            0.
        8450.   6.863584E-6            0.
        8460.   2.573844E-6            0.
        8470.   8.579480E-7            0.
        8480.   8.579479E-6            0.
        8490.   8.579479E-6            0.
        8500.   2.573844E-6            0.
        8510.   1.544306E-5            0.
        8520.   2.573844E-6            0.
        8530.   2.573844E-6            0.
        8540.   7.721532E-6            0.
        8550.            0.            0.
        8560.   8.579480E-7            0.
        8570.   4.289740E-6            0.
        8580.   4.289740E-6            0.
        8590.   6.005636E-6            0.
        8600.   5.147688E-6            0.
        8610.   1.715896E-6            0.
        8620.   8.579480E-7            0.
        8630.   6.005636E-6            0.
        8640.   1.715896E-6            0.
        8650.   3.431792E-6            0.
        8660.   1.887486E-5            0.
        8670.   6.005636E-6            0.
        8680.            0.            0.
        8690.   4.289740E-6            0.
        8700.   8.579480E-7            0.
        8710.   2.573844E-6            0.
        8720.   8.579480E-7            0.
        8730.   1.544306E-5            0.
        8740.   2.745434E-5            0.
        8750.   5.147688E-6            0.
        8760.   3.431792E-6            0.
        8770.   1.458512E-5            0.
        8780.   1.544306E-5            0.
        8790.   2.573844E-6            0.
        8800.   8.579480E-7            0.
        8810.   6.863584E-6            0.
        8820.   8.579480E-7            0.
        8830.   1.715896E-6            0.
        8840.   2.573844E-6            0.
        8850.   2.573844E-6            0.
        8860.   8.579480E-7            0.
        8870.   9.437428E-6            0.
        8880.   3.431792E-6            0.
        8890.   8.579480E-7            0.
        8900.   5.147688E-6            0.
        8910.   7.721532E-6            0.
        8920.   3.431792E-6            0.
        8930.   1.715896E-6            0.
        8940.   3.431792E-6            0.
        8950.   8.579480E-7            0.
        8960.   2.573844E-6            0.
        8970.   1.201127E-5            0.
        8980.   2.917023E-5            0.
        8990.   1.715896E-6            0.
        9000.   6.005636E-6            0.
        9010.   8.579479E-6            0.
        9020.   1.715896E-6            0.
        9030.   8.579480E-7            0.
        9040.   3.431792E-6            0.
        9050.   2.230665E-5            0.
        9060.   1.458512E-5            0.
        9070.   3.946561E-5            0.
        9080.   3.431792E-5            0.
        9090.   8.579479E-6            0.
        9100.   4.289740E-6            0.
        9110.   3.345997E-5            0.
        9120.   2.316460E-5            0.
        9130.   1.715896E-6            0.
        9140.   8.579479E-6            0.
        9150.   8.579479E-6            0.
        9160.   2.144870E-5            0.
        9170.   1.029538E-5            0.
        9180.   7.721532E-6            0.
        9190.   4.289740E-6            0.
        9200.   5.147688E-6            0.
        9210.   1.286922E-5            0.
        9220.   1.115332E-5            0.
        9230.   7.721532E-6            0.
        9240.   1.201127E-5            0.
        9250.   6.863584E-6            0.
        9260.   2.573844E-6            0.
        9270.   5.319277E-5            0.
        9280.   1.544306E-5            0.
        9290.   1.715896E-6            0.
        9300.   8.579480E-7            0.
        9310.   1.715896E-6            0.
        9320.   2.917023E-5            0.
        9330.   2.144870E-5            0.
        9340.   1.544306E-5            0.
        9350.   3.002818E-5            0.
        9360.   7.721532E-6            0.
        9370.   9.437428E-6            0.
        9380.   1.458512E-5            0.
        9390.            0.            0.
        9400.   2.573844E-6            0.
        9410.   4.289740E-6            0.
        9420.   2.917023E-5            0.
        9430.   1.201127E-5            0.
        9440.   8.579480E-7            0.
        9450.   3.431792E-6            0.
        9460.   1.887486E-5            0.
        9470.   3.431792E-6            0.
        9480.   6.863584E-6            0.
        9490.   2.059075E-5            0.
        9500.   3.174408E-5            0.
        9510.   1.973280E-5            0.
        9520.   3.431792E-5            0.
        9530.   3.431792E-6            0.
        9540.   1.201127E-5            0.
        9550.   3.088613E-5            0.
        9560.   2.659638E-5            0.
        9570.   2.402254E-5            0.
        9580.   1.973280E-5            0.
        9590.   3.002818E-5            0.
        9600.   3.345997E-5            0.
        9610.   3.260202E-5            0.
        9620.   4.718714E-5            0.
        9630.   2.745434E-5            0.
        9640.   2.144870E-5            0.
        9650.   2.659638E-5            0.
        9660.   3.946561E-5            0.
        9670.   4.976098E-5            0.
        9680.   5.147688E-5            0.
        9690.   5.405072E-5            0.
        9700.   7.292558E-5            0.
        9710.   8.751069E-5            0.
        9720.   7.120968E-5            0.
        9730.   1.020958E-4            0.
        9740.   1.166809E-4            0.
        9750.   9.094248E-5            0.
        9760.   1.244025E-4            0.
        9770.   1.372717E-4            0.
        9780.   1.904644E-4            0.
        9790.   2.367936E-4            0.
        9800.   2.771172E-4            0.
        9810.   3.543325E-4            0.
        9820.   4.641499E-4            0.
        9830.   5.688195E-4            0.
        9840.   7.292558E-4            0.
        9850.   0.001037259            0.
        9860.   0.001359847            0.
        9870.    0.00195269            0.
        9880.   0.002735996            0.
        9890.   0.004094986            0.
        9900.   0.005911261            0.
        9920.   0.008933812            0.
        9930.    0.01454908            0.
        9940.    0.02419327            0.
        9950.     0.0398534            0.
        9960.    0.06774957            0.
        9970.     0.1123912            0.
        9980.     0.1850165            0.
        9990.     0.2855594            0.
       10000.     0.4013224            0.
       10010.     0.4975584            0.
       10020.     0.5551009            0.
       10030.     0.5794408            0.
       10040.     0.5898392            0.
       10050.     0.6009583            0.
       10060.     0.6196529            0.
       10070.     0.6474676            0.
       10080.       0.68055            0.
       10090.     0.7164037            0.
       10100.     0.7492031            0.
       10110.     0.7801921            0.
       10120.     0.8006971            0.
       10130.      0.813592            0.
       10140.     0.8164061            0.
       10150.      0.813961            0.
       10160.     0.8050641            0.
       10170.      0.793619            0.
       10180.     0.7837183            0.
       10190.     0.7724878            0.
       10200.     0.7640799            0.
       10210.      0.757877            0.
       10220.     0.7543594            0.
       10230.      0.753896            0.
       10240.     0.7533126            0.
       10250.     0.7549942            0.
       10260.     0.7608711            0.
       10270.     0.7656071            0.
       10280.     0.7713124            0.
       10290.     0.7764173            0.
       10300.     0.7811016            0.
       10310.     0.7861807            0.
       10320.     0.7907021            0.
       10330.     0.7953864            0.
       10340.     0.7990156            0.
       10350.     0.7997105            0.
       10360.     0.8024645            0.
       10370.     0.8022243            0.
       10380.     0.8046522            0.
       10390.     0.8048238            0.
       10400.       0.80376            0.
       10410.     0.8044121            0.
       10420.     0.8045836            0.
       10430.     0.8030393            0.
       10440.     0.8036999            0.
       10450.     0.8019068            0.
       10460.     0.8019411            0.
       10470.      0.800637            0.
       10480.     0.8013148            0.
       10490.     0.8015551            0.
       10500.     0.8004655            0.
       10510.     0.8003625            0.
       10520.     0.7981833            0.
       10530.     0.7972309            0.
       10540.     0.7942282            0.
       10550.     0.7925295            0.
       10560.     0.7910623            0.
       10570.     0.7890805            0.
       10580.     0.7864637            0.
       10590.     0.7858202            0.
       10600.     0.7835982            0.
       10610.      0.783581            0.
       10620.     0.7830834            0.
       10630.     0.7803208            0.
       10640.     0.7793685            0.
       10650.     0.7765288            0.
       10660.     0.7741607            0.
       10670.     0.7719044            0.
       10680.     0.7693048            0.
       10690.      0.769442            0.
       10700.     0.7690731            0.
       10710.       0.76728            0.
       10720.      0.765547            0.
       10730.     0.7615919            0.
       10740.     0.7548226            0.
       10750.     0.7457026            0.
       10760.     0.7339574            0.
       10770.     0.7219632            0.
       10780.     0.7135296            0.
       10790.     0.7068377            0.
       10800.     0.7084334            0.
       10810.     0.7155115            0.
       10820.     0.7325589            0.
       10830.     0.7575424            0.
       10840.     0.7843188            0.
       10850.     0.8081098            0.
       10860.     0.8072088            0.
       10870.     0.7611371            0.
       10880.      0.663228            0.
       10890.     0.5162015            0.
       10900.     0.3751206            0.
       10910.     0.2473378            0.
       10920.     0.1623924            0.
       10930.      0.101847            0.
       10940.      0.066835            0.
       10950.    0.04282619            0.
       10960.    0.02893172            0.
       10970.    0.01906189            0.
       10980.    0.01321669            0.
       10990.   0.008926091            0.
       11000.   0.006516973            0.
