         100.            0.            0.
        1910.       0.06264            0.
        1920.       0.07173            0.
        1930.       0.07504            0.
        1940.       0.08512            0.
        1950.       0.08446            0.
        1960.       0.08751            0.
        1970.       0.08823            0.
        1980.       0.08934            0.
        1990.       0.09132            0.
        2000.       0.09052            0.
        2010.       0.09069            0.
        2020.       0.08976            0.
        2030.       0.09281            0.
        2040.       0.09629            0.
        2050.       0.09873            0.
        2060.       0.10402            0.
        2070.       0.10307            0.
        2080.       0.11036            0.
        2090.       0.11542            0.
        2100.       0.11973            0.
        2110.       0.12394            0.
        2120.       0.13025            0.
        2130.       0.13415            0.
        2140.       0.13768            0.
        2150.       0.14439            0.
        2160.        0.1491            0.
        2170.       0.15225            0.
        2180.       0.15719            0.
        2190.        0.1603            0.
        2200.       0.16505            0.
        2210.       0.16942            0.
        2220.       0.17458            0.
        2230.       0.17982            0.
        2240.       0.18407            0.
        2250.       0.18914            0.
        2260.       0.19498            0.
        2270.       0.20064            0.
        2280.       0.20663            0.
        2290.       0.21282            0.
        2300.       0.21901            0.
        2310.       0.22608            0.
        2320.       0.23275            0.
        2330.       0.23963            0.
        2340.       0.24647            0.
        2350.       0.25347            0.
        2360.       0.25988            0.
        2370.       0.26682            0.
        2380.       0.27423            0.
        2390.       0.28069            0.
        2400.       0.28765            0.
        2410.        0.2934            0.
        2420.       0.29956            0.
        2430.       0.30575            0.
        2440.       0.31177            0.
        2450.       0.31769            0.
        2460.       0.32243            0.
        2470.       0.32794            0.
        2480.       0.33358            0.
        2490.       0.33867            0.
        2500.       0.34309            0.
        2510.       0.34849            0.
        2520.       0.35239            0.
        2530.       0.35702            0.
        2540.       0.36166            0.
        2550.       0.36606            0.
        2560.       0.36997            0.
        2570.       0.37425            0.
        2580.       0.37822            0.
        2590.       0.38231            0.
        2600.       0.38627            0.
        2610.       0.38997            0.
        2620.       0.39392            0.
        2630.       0.39746            0.
        2640.       0.40148            0.
        2650.       0.40529            0.
        2660.       0.40831            0.
        2670.       0.41205            0.
        2680.       0.41597            0.
        2690.       0.41884            0.
        2700.       0.42154            0.
        2710.       0.42518            0.
        2720.       0.42875            0.
        2730.       0.43109            0.
        2740.       0.43438            0.
        2750.       0.43692            0.
        2760.       0.44024            0.
        2770.       0.44224            0.
        2780.       0.44524            0.
        2790.       0.44726            0.
        2800.        0.4514            0.
        2810.        0.4527            0.
        2820.       0.45447            0.
        2830.       0.45664            0.
        2840.       0.45897            0.
        2850.       0.46104            0.
        2860.       0.46337            0.
        2870.       0.46497            0.
        2880.       0.46686            0.
        2890.       0.46871            0.
        2900.       0.47074            0.
        2910.       0.47209            0.
        2920.        0.4739            0.
        2930.       0.47582            0.
        2940.       0.47755            0.
        2950.        0.4795            0.
        2960.       0.48101            0.
        2970.       0.48235            0.
        2980.       0.48391            0.
        2990.       0.48524            0.
        3000.       0.48679            0.
        3010.        0.4882            0.
        3020.       0.48985            0.
        3030.        0.4917            0.
        3040.        0.4924            0.
        3050.       0.49426            0.
        3060.       0.49591            0.
        3070.       0.49733            0.
        3080.       0.49958            0.
        3090.       0.50043            0.
        3100.       0.50239            0.
        3110.       0.50403            0.
        3120.       0.50536            0.
        3130.       0.50647            0.
        3140.       0.50822            0.
        3150.       0.51023            0.
        3160.       0.51177            0.
        3170.       0.51377            0.
        3180.       0.51612            0.
        3190.       0.51711            0.
        3200.       0.51953            0.
        3210.       0.52109            0.
        3220.       0.52355            0.
        3230.       0.52625            0.
        3240.       0.52812            0.
        3250.       0.53001            0.
        3260.         0.532            0.
        3270.       0.53463            0.
        3280.       0.53666            0.
        3290.       0.53867            0.
        3300.       0.54121            0.
        3310.       0.54311            0.
        3320.        0.5449            0.
        3330.       0.54697            0.
        3340.       0.54904            0.
        3350.       0.55177            0.
        3360.       0.55341            0.
        3370.       0.55514            0.
        3380.       0.55717            0.
        3390.       0.55848            0.
        3400.       0.56204            0.
        3410.       0.56328            0.
        3420.       0.56532            0.
        3430.       0.56678            0.
        3440.       0.56814            0.
        3450.       0.56923            0.
        3460.       0.57116            0.
        3470.       0.57262            0.
        3480.       0.57389            0.
        3490.       0.57507            0.
        3500.       0.57634            0.
        3510.       0.57746            0.
        3520.       0.57889            0.
        3530.       0.58005            0.
        3540.       0.58113            0.
        3550.       0.58216            0.
        3560.       0.58339            0.
        3570.       0.58437            0.
        3580.       0.58565            0.
        3590.       0.58636            0.
        3600.       0.58735            0.
        3610.       0.58844            0.
        3620.        0.5892            0.
        3630.       0.59026            0.
        3640.       0.59127            0.
        3650.       0.59205            0.
        3660.       0.59289            0.
        3670.        0.5937            0.
        3680.       0.59473            0.
        3690.       0.59524            0.
        3700.       0.59624            0.
        3710.       0.59714            0.
        3720.       0.59812            0.
        3730.       0.59869            0.
        3740.       0.59929            0.
        3750.       0.60006            0.
        3760.       0.60076            0.
        3770.       0.60177            0.
        3780.       0.60214            0.
        3790.       0.60288            0.
        3800.       0.60354            0.
        3810.       0.60428            0.
        3820.       0.60495            0.
        3830.        0.6056            0.
        3840.       0.60613            0.
        3850.        0.6066            0.
        3860.       0.60746            0.
        3870.         0.608            0.
        3880.       0.60832            0.
        3890.       0.60872            0.
        3900.       0.60928            0.
        3910.       0.61004            0.
        3920.       0.61056            0.
        3930.       0.61119            0.
        3940.       0.61138            0.
        3950.       0.61168            0.
        3960.         0.612            0.
        3970.       0.61233            0.
        3980.       0.61268            0.
        3990.       0.61304            0.
        4000.       0.61342            0.
        4010.       0.61401            0.
        4020.       0.61444            0.
        4030.       0.61448            0.
        4040.       0.61456            0.
        4050.       0.61499            0.
        4060.       0.61499            0.
        4070.       0.61582            0.
        4080.       0.61577            0.
        4090.       0.61591            0.
        4100.       0.61583            0.
        4110.       0.61653            0.
        4120.        0.6163            0.
        4130.       0.61651            0.
        4140.       0.61681            0.
        4150.       0.61687            0.
        4160.       0.61709            0.
        4170.       0.61733            0.
        4180.       0.61752            0.
        4190.       0.61752            0.
        4200.       0.61791            0.
        4210.       0.61799            0.
        4220.       0.61813            0.
        4230.        0.6182            0.
        4240.       0.61841            0.
        4250.       0.61865            0.
        4260.       0.61886            0.
        4270.        0.6189            0.
        4280.       0.61916            0.
        4290.       0.61908            0.
        4300.       0.61925            0.
        4310.        0.6193            0.
        4320.       0.61951            0.
        4330.       0.61954            0.
        4340.       0.61981            0.
        4350.       0.61984            0.
        4360.       0.62023            0.
        4370.       0.62015            0.
        4380.       0.62018            0.
        4390.       0.62072            0.
        4400.       0.62072            0.
        4410.       0.62094            0.
        4420.       0.62097            0.
        4430.       0.62138            0.
        4440.        0.6216            0.
        4450.       0.62165            0.
        4460.       0.62203            0.
        4470.       0.62234            0.
        4480.       0.62262            0.
        4490.       0.62287            0.
        4500.        0.6233            0.
        4510.        0.6235            0.
        4520.       0.62389            0.
        4530.       0.62429            0.
        4540.       0.62438            0.
        4550.       0.62471            0.
        4560.       0.62521            0.
        4570.       0.62545            0.
        4580.       0.62598            0.
        4590.       0.62616            0.
        4600.       0.62655            0.
        4610.       0.62701            0.
        4620.       0.62738            0.
        4630.       0.62797            0.
        4640.       0.62837            0.
        4650.       0.62858            0.
        4660.       0.62859            0.
        4670.       0.62964            0.
        4680.       0.62967            0.
        4690.       0.63028            0.
        4700.       0.63049            0.
        4710.        0.6311            0.
        4720.       0.63127            0.
        4730.       0.63208            0.
        4740.       0.63227            0.
        4750.       0.63296            0.
        4760.       0.63322            0.
        4770.       0.63397            0.
        4780.       0.63424            0.
        4790.       0.63501            0.
        4800.       0.63542            0.
        4810.       0.63621            0.
        4820.       0.63661            0.
        4830.       0.63717            0.
        4840.       0.63766            0.
        4850.       0.63829            0.
        4860.       0.63887            0.
        4870.       0.63931            0.
        4880.       0.64027            0.
        4890.        0.6407            0.
        4900.       0.64146            0.
        4910.       0.64193            0.
        4920.       0.64291            0.
        4930.       0.64342            0.
        4940.       0.64435            0.
        4950.       0.64499            0.
        4960.       0.64572            0.
        4970.       0.64631            0.
        4980.       0.64746            0.
        4990.       0.64786            0.
        5000.       0.64887            0.
        5010.       0.64979            0.
        5020.        0.6507            0.
        5030.       0.65124            0.
        5040.       0.65241            0.
        5050.       0.65304            0.
        5060.       0.65392            0.
        5070.       0.65468            0.
        5080.        0.6558            0.
        5090.        0.6565            0.
        5100.       0.65744            0.
        5110.       0.65834            0.
        5120.       0.65896            0.
        5130.       0.65979            0.
        5140.       0.66093            0.
        5150.       0.66169            0.
        5160.       0.66263            0.
        5170.       0.66331            0.
        5180.       0.66395            0.
        5190.       0.66474            0.
        5200.       0.66527            0.
        5210.       0.66639            0.
        5220.       0.66691            0.
        5230.       0.66793            0.
        5240.       0.66843            0.
        5250.       0.66904            0.
        5260.        0.6696            0.
        5270.       0.67043            0.
        5280.       0.67088            0.
        5290.       0.67136            0.
        5300.       0.67206            0.
        5310.       0.67241            0.
        5320.       0.67278            0.
        5330.       0.67321            0.
        5340.        0.6736            0.
        5350.       0.67399            0.
        5360.       0.67429            0.
        5370.       0.67464            0.
        5380.       0.67482            0.
        5390.       0.67475            0.
        5400.       0.67463            0.
        5410.       0.67494            0.
        5420.        0.6751            0.
        5430.       0.67518            0.
        5440.       0.67499            0.
        5450.       0.67493            0.
        5460.       0.67493            0.
        5470.       0.67459            0.
        5480.       0.67454            0.
        5490.       0.67441            0.
        5500.        0.6741            0.
        5510.       0.67385            0.
        5520.       0.67372            0.
        5530.       0.67318            0.
        5540.       0.67298            0.
        5550.       0.67253            0.
        5560.       0.67226            0.
        5570.       0.67174            0.
        5580.       0.67139            0.
        5590.       0.67104            0.
        5600.       0.67064            0.
        5610.       0.67039            0.
        5620.       0.66994            0.
        5630.       0.66957            0.
        5640.       0.66907            0.
        5650.       0.66873            0.
        5660.        0.6682            0.
        5670.       0.66763            0.
        5680.       0.66719            0.
        5690.       0.66721            0.
        5700.       0.66618            0.
        5710.       0.66595            0.
        5720.       0.66562            0.
        5730.       0.66526            0.
        5740.       0.66492            0.
        5750.       0.66458            0.
        5760.       0.66436            0.
        5770.       0.66376            0.
        5780.       0.66368            0.
        5790.       0.66322            0.
        5800.       0.66286            0.
        5810.       0.66289            0.
        5820.       0.66251            0.
        5830.        0.6622            0.
        5840.        0.6618            0.
        5850.       0.66201            0.
        5860.       0.66176            0.
        5870.       0.66161            0.
        5880.       0.66129            0.
        5890.       0.66103            0.
        5900.       0.66111            0.
        5910.       0.66131            0.
        5920.       0.66121            0.
        5930.       0.66091            0.
        5940.       0.66078            0.
        5950.       0.66095            0.
        5960.       0.66101            0.
        5970.       0.66099            0.
        5980.       0.66106            0.
        5990.       0.66098            0.
        6000.       0.66123            0.
        6010.       0.66132            0.
        6020.       0.66147            0.
        6030.       0.66163            0.
        6040.       0.66181            0.
        6050.       0.66203            0.
        6060.       0.66249            0.
        6070.       0.66267            0.
        6080.       0.66294            0.
        6090.       0.66332            0.
        6100.       0.66377            0.
        6110.       0.66385            0.
        6120.       0.66422            0.
        6130.       0.66452            0.
        6140.       0.66496            0.
        6150.       0.66538            0.
        6160.       0.66602            0.
        6170.       0.66627            0.
        6180.       0.66657            0.
        6190.       0.66702            0.
        6200.        0.6673            0.
        6210.        0.6676            0.
        6220.       0.66854            0.
        6230.       0.66862            0.
        6240.       0.66948            0.
        6250.       0.66975            0.
        6260.       0.67024            0.
        6270.       0.67096            0.
        6280.       0.67114            0.
        6290.       0.67155            0.
        6300.        0.6721            0.
        6310.       0.67267            0.
        6320.       0.67312            0.
        6330.       0.67375            0.
        6340.        0.6739            0.
        6350.        0.6746            0.
        6360.       0.67442            0.
        6370.       0.67526            0.
        6380.       0.67533            0.
        6390.       0.67602            0.
        6400.       0.67597            0.
        6410.       0.67618            0.
        6420.       0.67623            0.
        6430.       0.67663            0.
        6440.       0.67703            0.
        6450.       0.67738            0.
        6460.       0.67761            0.
        6470.       0.67803            0.
        6480.       0.67836            0.
        6490.        0.6784            0.
        6500.       0.67915            0.
        6510.       0.67907            0.
        6520.       0.68031            0.
        6530.        0.6805            0.
        6540.       0.68076            0.
        6550.       0.68128            0.
        6560.         0.681            0.
        6570.       0.68159            0.
        6580.        0.6808            0.
        6590.       0.68126            0.
        6600.       0.68067            0.
        6610.       0.68106            0.
        6620.       0.68017            0.
        6630.       0.68063            0.
        6640.       0.68007            0.
        6650.       0.68017            0.
        6660.       0.67974            0.
        6670.       0.68014            0.
        6680.       0.68025            0.
        6690.       0.68021            0.
        6700.        0.6809            0.
        6710.       0.68089            0.
        6720.       0.68175            0.
        6730.        0.6819            0.
        6740.       0.68286            0.
        6750.       0.68273            0.
        6760.       0.68378            0.
        6770.         0.684            0.
        6780.       0.68521            0.
        6790.       0.68514            0.
        6800.       0.68585            0.
        6810.       0.68622            0.
        6820.       0.68714            0.
        6830.       0.68694            0.
        6840.       0.68796            0.
        6850.       0.68783            0.
        6860.       0.68882            0.
        6870.       0.68846            0.
        6880.       0.68922            0.
        6890.       0.68926            0.
        6900.       0.69017            0.
        6910.       0.69013            0.
        6920.       0.69062            0.
        6930.       0.69064            0.
        6940.       0.69104            0.
        6950.       0.69115            0.
        6960.       0.69153            0.
        6970.       0.69155            0.
        6980.        0.6919            0.
        6990.       0.69165            0.
        7000.       0.69208            0.
        7010.       0.69238            0.
        7020.       0.69246            0.
        7030.       0.69234            0.
        7040.       0.69271            0.
        7050.       0.69293            0.
        7060.       0.69296            0.
        7070.       0.69292            0.
        7080.       0.69306            0.
        7090.       0.69338            0.
        7100.       0.69348            0.
        7110.       0.69329            0.
        7120.       0.69351            0.
        7130.       0.69367            0.
        7140.       0.69386            0.
        7150.       0.69353            0.
        7160.        0.6941            0.
        7170.       0.69367            0.
        7180.       0.69401            0.
        7190.       0.69385            0.
        7200.       0.69393            0.
        7210.       0.69367            0.
        7220.       0.69409            0.
        7230.       0.69393            0.
        7240.       0.69438            0.
        7250.       0.69415            0.
        7260.       0.69401            0.
        7270.       0.69412            0.
        7280.       0.69404            0.
        7290.       0.69416            0.
        7300.       0.69421            0.
        7310.       0.69424            0.
        7320.       0.69438            0.
        7330.       0.69433            0.
        7340.       0.69465            0.
        7350.       0.69427            0.
        7360.        0.6944            0.
        7370.       0.69432            0.
        7380.       0.69452            0.
        7390.       0.69465            0.
        7400.       0.69431            0.
        7410.       0.69478            0.
        7420.       0.69445            0.
        7430.       0.69448            0.
        7440.       0.69467            0.
        7450.       0.69458            0.
        7460.       0.69473            0.
        7470.       0.69492            0.
        7480.       0.69496            0.
        7490.       0.69456            0.
        7500.        0.6949            0.
        7510.         0.695            0.
        7520.       0.69523            0.
        7530.       0.69501            0.
        7540.       0.69539            0.
        7550.       0.69509            0.
        7560.       0.69533            0.
        7570.       0.69534            0.
        7580.       0.69546            0.
        7590.       0.69594            0.
        7600.       0.69582            0.
        7610.       0.69593            0.
        7620.       0.69596            0.
        7630.       0.69653            0.
        7640.       0.69656            0.
        7650.       0.69672            0.
        7660.       0.69712            0.
        7670.       0.69732            0.
        7680.       0.69748            0.
        7690.       0.69752            0.
        7700.       0.69819            0.
        7710.       0.69844            0.
        7720.       0.69871            0.
        7730.       0.69899            0.
        7740.       0.69946            0.
        7750.       0.69986            0.
        7760.       0.70021            0.
        7770.       0.70109            0.
        7780.       0.70082            0.
        7790.       0.70149            0.
        7800.       0.70204            0.
        7810.       0.70235            0.
        7820.       0.70273            0.
        7830.       0.70348            0.
        7840.       0.70384            0.
        7850.       0.70463            0.
        7860.       0.70475            0.
        7870.       0.70587            0.
        7880.       0.70609            0.
        7890.       0.70682            0.
        7900.        0.7074            0.
        7910.         0.708            0.
        7920.       0.70853            0.
        7930.       0.70934            0.
        7940.       0.70989            0.
        7950.        0.7104            0.
        7960.       0.71101            0.
        7970.       0.71173            0.
        7980.       0.71224            0.
        7990.       0.71328            0.
        8000.       0.72487            0.
        8010.       0.72564            0.
        8020.       0.72585            0.
        8030.       0.72587            0.
        8040.        0.7272            0.
        8050.       0.72713            0.
        8060.       0.72828            0.
        8070.       0.72927            0.
        8080.       0.72885            0.
        8090.       0.72959            0.
        8100.         0.731            0.
        8110.       0.73068            0.
        8120.       0.73155            0.
        8130.       0.73194            0.
        8140.       0.73258            0.
        8150.       0.73357            0.
        8160.       0.73406            0.
        8170.       0.73418            0.
        8180.       0.73496            0.
        8190.       0.73554            0.
        8200.       0.73634            0.
        8210.        0.7373            0.
        8220.       0.73821            0.
        8230.       0.73785            0.
        8240.       0.73907            0.
        8250.       0.73896            0.
        8260.       0.73958            0.
        8270.       0.74013            0.
        8280.       0.74182            0.
        8290.       0.74138            0.
        8300.       0.74235            0.
        8310.       0.74242            0.
        8320.       0.74366            0.
        8330.        0.7433            0.
        8340.       0.74517            0.
        8350.       0.74526            0.
        8360.       0.74665            0.
        8370.       0.74592            0.
        8380.       0.74644            0.
        8390.        0.7473            0.
        8400.       0.74839            0.
        8410.       0.74877            0.
        8420.       0.74947            0.
        8430.       0.74985            0.
        8440.       0.74977            0.
        8450.       0.75075            0.
        8460.       0.75218            0.
        8470.       0.75265            0.
        8480.       0.75224            0.
        8490.       0.75303            0.
        8500.       0.75384            0.
        8510.       0.75384            0.
        8520.       0.75521            0.
        8530.       0.75546            0.
        8540.       0.75643            0.
        8550.        0.7565            0.
        8560.       0.75676            0.
        8570.       0.75822            0.
        8580.       0.75875            0.
        8590.       0.75878            0.
        8600.       0.76047            0.
        8610.       0.76096            0.
        8620.       0.76104            0.
        8630.       0.76155            0.
        8640.        0.7614            0.
        8650.       0.76315            0.
        8660.       0.76242            0.
        8670.       0.76436            0.
        8680.       0.76451            0.
        8690.       0.76574            0.
        8700.       0.76553            0.
        8710.       0.76648            0.
        8720.       0.76712            0.
        8730.       0.76748            0.
        8740.       0.76841            0.
        8750.        0.7694            0.
        8760.       0.77006            0.
        8770.         0.771            0.
        8780.       0.77109            0.
        8790.       0.77173            0.
        8800.       0.77241            0.
        8810.       0.77275            0.
        8820.       0.77317            0.
        8830.       0.77397            0.
        8840.       0.77502            0.
        8850.       0.77557            0.
        8860.       0.77561            0.
        8870.       0.77709            0.
        8880.       0.77675            0.
        8890.       0.77834            0.
        8900.       0.77851            0.
        8910.        0.7793            0.
        8920.       0.77891            0.
        8930.       0.78033            0.
        8940.       0.78159            0.
        8950.       0.78121            0.
        8960.        0.7817            0.
        8970.       0.78278            0.
        8980.       0.78427            0.
        8990.       0.78414            0.
        9000.       0.78523            0.
        9010.       0.78466            0.
        9020.       0.78754            0.
        9030.       0.78668            0.
        9040.       0.78854            0.
        9050.       0.78836            0.
        9060.       0.78955            0.
        9070.       0.78949            0.
        9080.       0.79094            0.
        9090.       0.79047            0.
        9100.       0.79224            0.
        9110.       0.79302            0.
        9120.       0.79381            0.
        9130.       0.79508            0.
        9140.       0.79475            0.
        9150.       0.79623            0.
        9160.       0.79575            0.
        9170.       0.79776            0.
        9180.       0.79812            0.
        9190.       0.79892            0.
        9200.       0.80062            0.
        9210.       0.79976            0.
        9220.       0.80171            0.
        9230.       0.80205            0.
        9240.       0.80184            0.
        9250.       0.80445            0.
        9260.       0.80393            0.
        9270.       0.80494            0.
        9280.       0.80534            0.
        9290.       0.80641            0.
        9300.       0.80721            0.
        9310.       0.80849            0.
        9320.       0.80817            0.
        9330.        0.8087            0.
        9340.       0.81099            0.
        9350.       0.81022            0.
        9360.       0.81155            0.
        9370.       0.81152            0.
        9380.       0.81156            0.
        9390.       0.81326            0.
        9400.       0.81365            0.
        9410.       0.81548            0.
        9420.       0.81529            0.
        9430.       0.81605            0.
        9440.       0.81681            0.
        9450.       0.81779            0.
        9460.       0.81868            0.
        9470.       0.81748            0.
        9480.        0.8204            0.
        9490.       0.82193            0.
        9500.        0.8213            0.
        9510.       0.82341            0.
        9520.       0.82381            0.
        9530.       0.82356            0.
        9540.       0.82517            0.
        9550.       0.82531            0.
        9560.       0.82677            0.
        9570.       0.82767            0.
        9580.       0.82795            0.
        9590.       0.82899            0.
        9600.       0.82882            0.
        9610.        0.8303            0.
        9620.       0.83126            0.
        9630.        0.8304            0.
        9640.        0.8333            0.
        9650.       0.83266            0.
        9660.       0.83359            0.
        9670.       0.83534            0.
        9680.       0.83501            0.
        9690.       0.83637            0.
        9700.        0.8371            0.
        9710.       0.83774            0.
        9720.       0.83882            0.
        9730.       0.83838            0.
        9740.       0.84039            0.
        9750.       0.84072            0.
        9760.       0.84107            0.
        9770.       0.84133            0.
        9780.       0.84221            0.
        9790.       0.84306            0.
        9800.       0.84378            0.
        9810.         0.846            0.
        9820.       0.84534            0.
        9830.       0.84522            0.
        9840.       0.84667            0.
        9850.       0.84681            0.
        9860.       0.84815            0.
        9870.       0.84942            0.
        9880.       0.84937            0.
        9890.       0.85022            0.
        9900.       0.85136            0.
        9910.       0.85094            0.
        9920.       0.85236            0.
        9930.       0.85272            0.
        9940.       0.85379            0.
        9950.       0.85477            0.
        9960.       0.85528            0.
        9970.       0.85462            0.
        9980.       0.85544            0.
        9990.       0.85645            0.
       10000.       0.85661            0.
       10010.       0.85859            0.
       10020.       0.85813            0.
       10030.       0.85864            0.
       10040.        0.8577            0.
       10050.       0.86053            0.
       10060.       0.86113            0.
       10070.       0.86103            0.
       10080.       0.86224            0.
       10090.       0.86321            0.
       10100.       0.86313            0.
       10110.       0.86441            0.
       10120.       0.86539            0.
       10130.       0.86565            0.
       10140.       0.86633            0.
       10150.       0.86634            0.
       10160.       0.86717            0.
       10170.       0.86826            0.
       10180.       0.86853            0.
       10190.       0.86888            0.
       10200.       0.86896            0.
       10210.       0.87088            0.
       10220.       0.86998            0.
       10230.       0.87069            0.
       10240.       0.87226            0.
       10250.       0.87419            0.
       10260.       0.87288            0.
       10270.       0.87357            0.
       10280.       0.87484            0.
       10290.       0.87353            0.
       10300.       0.87453            0.
       10310.       0.87695            0.
       10320.       0.87696            0.
       10330.       0.87754            0.
       10340.       0.87782            0.
       10350.       0.87847            0.
       10360.       0.87848            0.
       10370.       0.87825            0.
       10380.        0.8802            0.
       10390.       0.88142            0.
       10400.       0.88178            0.
       10410.       0.88269            0.
       10420.       0.88106            0.
       10430.       0.88236            0.
       10440.       0.88281            0.
       10450.       0.88403            0.
       10460.       0.88421            0.
       10470.       0.88369            0.
       10480.       0.88506            0.
       10490.        0.8845            0.
       10500.       0.88568            0.
       10510.       0.88654            0.
       10520.       0.88675            0.
       10530.       0.88762            0.
       10540.       0.88781            0.
       10550.       0.88943            0.
       10560.       0.88927            0.
       10570.       0.88841            0.
       10580.       0.88913            0.
       10590.       0.88999            0.
       10600.       0.89044            0.
       10610.       0.89104            0.
       10620.       0.89194            0.
       10630.       0.89104            0.
       10640.        0.8916            0.
       10650.       0.89302            0.
       10660.       0.89358            0.
       10670.       0.89436            0.
       10680.       0.89379            0.
       10690.       0.89355            0.
       10700.       0.89396            0.
       10710.       0.89488            0.
       10720.       0.89667            0.
       10730.        0.8965            0.
       10740.       0.89568            0.
       10750.       0.89691            0.
       10760.       0.89784            0.
       10770.        0.8976            0.
       10780.       0.89957            0.
       10790.       0.89989            0.
       10800.        0.8993            0.
       10810.       0.89856            0.
       10820.       0.90027            0.
       10830.       0.89987            0.
       10840.       0.90087            0.
       10850.       0.90037            0.
       10860.       0.90196            0.
       10870.       0.90234            0.
       10880.       0.90275            0.
       10890.       0.90283            0.
       10900.       0.90344            0.
       10910.       0.90295            0.
       10920.       0.90371            0.
       10930.       0.90475            0.
       10940.       0.90508            0.
       10950.        0.9052            0.
       10960.       0.90516            0.
       10970.       0.90509            0.
       10980.       0.90576            0.
       10990.       0.90764            0.
       11000.        0.9073            0.
       11010.       0.90704            0.
       11020.       0.90751            0.
       13000.            0.            0.
