         100.            0.            0.
        1354.        0.1023            0.
        1487.        0.1219            0.
        1545.        0.1382            0.
        1648.        0.1425            0.
        1750.        0.1534            0.
        1879.        0.1507            0.
        2000.        0.1424            0.
        2138.        0.1392            0.
        2296.          0.14            0.
        2537.        0.1448            0.
        2700.        0.1309            0.
        2900.        0.1309            0.
        3100.        0.1102            0.
        4000.        0.1675            0.
        4200.        0.1636            0.
        4500.        0.1683            0.
        5000.        0.2535            0.
        5600.         0.363            0.
        6000.        0.4159            0.
        6500.        0.4216            0.
        7000.        0.4232            0.
        7500.        0.3885            0.
        8000.        0.3211            0.
        8500.        0.2253            0.
        9000.        0.1485            0.
        9500.        0.0671            0.
       10000.        0.0228            0.
       10500.        0.0035            0.
       11000.   7.000000E-4            0.
       13000.            0.            0.
