        1100.   1.403064E-8            0.
        1130.   0.001403064            0.
        1140.    0.03507661            0.
        1150.     0.0631379            0.
        1160.    0.09119917            0.
        1170.     0.1139989            0.
        1180.     0.1367988            0.
        1190.     0.1525832            0.
        1200.     0.1683677            0.
        1210.     0.1834001            0.
        1220.      0.185906            0.
        1230.     0.1894137            0.
        1240.     0.1929213            0.
        1250.     0.1911675            0.
        1260.     0.1894137            0.
        1270.     0.1648601            0.
        1280.     0.1403064            0.
        1290.     0.1262759            0.
        1300.     0.1122451            0.
        1310.    0.09646068            0.
        1320.    0.08067621            0.
        1330.    0.06138406            0.
        1340.    0.04209193            0.
        1350.    0.03507661            0.
        1360.    0.02806129            0.
        1370.    0.02455363            0.
        1400.    0.02244903            0.
        1500.    0.01403064            0.
        1600.    0.01010206            0.
        1700.   0.007015322            0.
        1800.   0.004770419            0.
        1900.   0.003367355            0.
        1990.   0.002361357            0.
        2000.   0.002274353            0.
        2010.   0.002194379            0.
        2020.   0.002110195            0.
        2030.    0.00204846            0.
        2040.   0.001971291            0.
        2050.   0.001905347            0.
        2060.   0.001836597            0.
        2070.   0.001783281            0.
        2080.   0.001717337            0.
        2090.   0.001665423            0.
        2100.   0.001603688            0.
        2110.   0.001551789            0.
        2120.   0.001501279            0.
        2130.   0.001453561            0.
        2140.   0.001396045            0.
        2150.   0.001362368            0.
        2160.   0.001313263            0.
        2170.   0.001272574            0.
        2180.   0.001227676            0.
        2190.   0.001186987            0.
        2200.   0.001146299            0.
        2210.   0.001114027            0.
        2220.   0.001077549            0.
        2230.   0.001043876            0.
        2240.   0.001010202            0.
        2250.   9.765286E-4            0.
        2260.   9.456626E-4            0.
        2270.   9.204061E-4            0.
        2280.   8.867325E-4            0.
        2290.   8.586711E-4            0.
        2300.   8.278051E-4            0.
        2310.   8.095639E-4            0.
        2320.   7.786980E-4            0.
        2330.   7.576519E-4            0.
        2340.   7.352029E-4            0.
        2350.   7.113508E-4            0.
        2360.   6.889018E-4            0.
        2370.   6.720650E-4            0.
        2380.   6.538251E-4            0.
        2390.   6.341822E-4            0.
        2400.   6.159425E-4            0.
        2410.   5.991057E-4            0.
        2420.   5.822689E-4            0.
        2430.   5.668352E-4            0.
        2440.   5.514029E-4            0.
        2450.   5.387753E-4            0.
        2460.   5.233402E-4            0.
        2470.   5.079079E-4            0.
        2480.   4.966820E-4            0.
        2490.   4.812497E-4            0.
        2500.   4.700251E-4            0.
        2510.   4.588006E-4            0.
        2520.   4.461730E-4            0.
        2530.   4.377547E-4            0.
        2540.   4.237240E-4            0.
        2550.   4.139026E-4            0.
        2560.   4.068873E-4            0.
        2570.   3.956628E-4            0.
        2580.   3.886474E-4            0.
        2590.   3.774229E-4            0.
        2600.   3.704076E-4            0.
        2610.   3.633923E-4            0.
        2620.   3.563770E-4            0.
        2630.   3.451539E-4            0.
        2640.   3.423463E-4            0.
        2650.   3.325263E-4            0.
        2660.   3.283157E-4            0.
        2670.   3.184956E-4            0.
        2680.   3.142864E-4            0.
        2690.   3.086728E-4            0.
        2700.   3.016588E-4            0.
        2710.   2.974482E-4            0.
        2720.   2.904343E-4            0.
        2730.   2.848221E-4            0.
        2740.   2.792098E-4            0.
        2750.   2.750006E-4            0.
        2760.   2.693884E-4            0.
        2770.   2.637761E-4            0.
        2780.   2.595669E-4            0.
        2790.   2.581624E-4            0.
        2800.   2.511485E-4            0.
        2810.   2.469393E-4            0.
        2820.   2.413271E-4            0.
        2830.   2.385210E-4            0.
        2840.   2.357148E-4            0.
        2850.   2.329087E-4            0.
        2860.   2.272964E-4            0.
        2870.   2.216842E-4            0.
        2880.   2.188780E-4            0.
        2890.   2.146688E-4            0.
        2900.   2.118627E-4            0.
        2910.   2.090566E-4            0.
        2920.   2.062504E-4            0.
        2930.   2.006382E-4            0.
        2940.   1.964290E-4            0.
        2950.   1.950259E-4            0.
        2960.   1.936229E-4            0.
        2970.   1.908168E-4            0.
        2980.   1.880106E-4            0.
        2990.   1.866062E-4            0.
        3000.   1.809953E-4            0.
        3010.   1.795922E-4            0.
        3020.   1.753831E-4            0.
        3030.   1.725769E-4            0.
        3040.   1.669647E-4            0.
        3050.   1.655616E-4            0.
        3060.   1.641585E-4            0.
        3070.   1.613524E-4            0.
        3080.   1.585463E-4            0.
        3090.   1.543371E-4            0.
        3100.   1.585463E-4            0.
        3110.   1.543371E-4            0.
        3120.   1.515310E-4            0.
        3130.   1.501279E-4            0.
        3140.   1.473218E-4            0.
        3150.   1.459187E-4            0.
        3160.   1.431126E-4            0.
        3170.   1.403059E-4            0.
        3180.   1.360972E-4            0.
        3190.   1.360971E-4            0.
        3200.   1.346943E-4            0.
        3210.   1.360965E-4            0.
        3220.   1.304850E-4            0.
        3230.   1.304847E-4            0.
        3240.   1.276782E-4            0.
        3250.   1.220667E-4            0.
        3260.   1.234697E-4            0.
        3270.   1.234690E-4            0.
        3280.   1.178580E-4            0.
        3290.   1.220665E-4            0.
        3300.   1.206635E-4            0.
        3310.   1.206633E-4            0.
        3320.   1.178567E-4            0.
        3330.   1.122453E-4            0.
        3340.   1.136479E-4            0.
        3350.   1.108421E-4            0.
        3360.   1.108418E-4            0.
        3370.   1.080358E-4            0.
        3380.   1.066323E-4            0.
        3390.   1.024238E-4            0.
        3400.   1.038266E-4            0.
        3410.   1.024237E-4            0.
        3420.   1.024237E-4            0.
        3430.   1.024236E-4            0.
        3440.   1.010203E-4            0.
        3450.   9.821464E-5            0.
        3460.   9.961728E-5            0.
        3470.   9.681144E-5            0.
        3480.   9.681116E-5            0.
        3490.   9.400517E-5            0.
        3500.   9.260210E-5            0.
        3510.   9.119933E-5            0.
        3520.   9.260196E-5            0.
        3530.   8.979612E-5            0.
        3540.   8.979612E-5            0.
        3550.   8.979555E-5            0.
        3560.   8.558707E-5            0.
        3570.   8.698985E-5            0.
        3580.   8.558665E-5            0.
        3590.   8.278094E-5            0.
        3600.   8.418330E-5            0.
        3610.   7.997467E-5            0.
        3620.   7.997452E-5            0.
        3630.   7.857189E-5            0.
        3640.   8.137759E-5            0.
        3650.   7.997439E-5            0.
        3660.   7.716854E-5            0.
        3670.   7.716868E-5            0.
        3680.   7.857146E-5            0.
        3690.   7.716840E-5            0.
        3700.   7.576533E-5            0.
        3710.   7.436241E-5            0.
        3720.   7.436213E-5            0.
        3730.   7.155642E-5            0.
        3740.   7.295907E-5            0.
        3750.   7.015322E-5            0.
        3760.   7.015322E-5            0.
        3770.   7.015322E-5            0.
        3780.   7.015308E-5            0.
        3790.   6.875015E-5            0.
        3800.   6.875015E-5            0.
        3810.   6.875015E-5            0.
        3820.   6.874987E-5            0.
        3830.   6.594388E-5            0.
        3840.   6.454124E-5            0.
        3850.   6.734695E-5            0.
        3860.   6.594403E-5            0.
        3870.   6.594374E-5            0.
        3880.   6.313789E-5            0.
        3890.   6.313776E-5            0.
        3900.   6.173497E-5            0.
        3910.   6.313776E-5            0.
        3920.   6.173483E-5            0.
        3930.   6.173469E-5            0.
        3940.   6.033177E-5            0.
        3950.   6.033177E-5            0.
        3960.   6.033163E-5            0.
        3970.   5.892870E-5            0.
        3980.   5.892857E-5            0.
        3990.   5.752578E-5            0.
        4000.   5.892857E-5            0.
        4010.   5.752564E-5            0.
        4020.   5.752536E-5            0.
        4030.   5.471965E-5            0.
        4040.   5.612257E-5            0.
        4050.   5.612243E-5            0.
        4060.   5.471937E-5            0.
        4070.   5.331658E-5            0.
        4080.   5.471937E-5            0.
        4090.   5.331645E-5            0.
        4100.   5.331658E-5            0.
        4110.   5.471923E-5            0.
        4120.   5.191338E-5            0.
        4130.   5.191352E-5            0.
        4140.   5.331631E-5            0.
        4150.   5.191324E-5            0.
        4160.   5.051046E-5            0.
        4170.   5.191338E-5            0.
        4180.   5.191310E-5            0.
        4190.   4.910739E-5            0.
        4200.   5.051017E-5            0.
        4210.   4.910711E-5            0.
        4220.   4.770432E-5            0.
        4230.   4.910725E-5            0.
        4240.   4.910725E-5            0.
        4250.   4.910725E-5            0.
        4260.   4.910711E-5            0.
        4270.   4.770419E-5            0.
        4280.   4.770419E-5            0.
        4290.   4.770405E-5            0.
        4300.   4.630112E-5            0.
        4310.   4.630112E-5            0.
        4320.   4.630112E-5            0.
        4330.   4.630112E-5            0.
        4340.   4.630098E-5            0.
        4350.   4.489792E-5            0.
        4360.   4.349528E-5            0.
        4370.   4.630098E-5            0.
        4380.   4.489792E-5            0.
        4390.   4.349486E-5            0.
        4400.   4.209207E-5            0.
        4410.   4.349486E-5            0.
        4420.   4.209207E-5            0.
        4430.   4.349499E-5            0.
        4440.   4.349486E-5            0.
        4450.   4.209207E-5            0.
        4460.   4.349486E-5            0.
        4470.   4.209193E-5            0.
        4480.   4.209193E-5            0.
        4490.   4.209165E-5            0.
        4500.   3.928580E-5            0.
        4510.   3.928594E-5            0.
        4520.   4.068873E-5            0.
        4530.   3.928608E-5            0.
        4540.   4.209165E-5            0.
        4550.   3.928566E-5            0.
        4560.   3.788288E-5            0.
        4570.   3.928580E-5            0.
        4580.   3.928594E-5            0.
        4590.   4.068887E-5            0.
        4600.   4.068873E-5            0.
        4610.   3.928580E-5            0.
        4620.   3.928580E-5            0.
        4630.   3.928580E-5            0.
        4640.   3.928566E-5            0.
        4650.   3.788274E-5            0.
        4660.   3.788260E-5            0.
        4670.   3.647953E-5            0.
        4680.   3.507703E-5            0.
        4690.   3.928552E-5            0.
        4700.   3.647953E-5            0.
        4710.   3.507675E-5            0.
        4720.   3.647981E-5            0.
        4730.   3.788246E-5            0.
        4740.   3.507675E-5            0.
        4750.   3.647953E-5            0.
        4760.   3.507661E-5            0.
        4770.   3.507647E-5            0.
        4780.   3.367368E-5            0.
        4790.   3.507647E-5            0.
        4800.   3.367368E-5            0.
        4810.   3.507661E-5            0.
        4820.   3.507647E-5            0.
        4830.   3.367355E-5            0.
        4840.   3.367368E-5            0.
        4850.   3.507647E-5            0.
        4860.   3.367355E-5            0.
        4870.   3.367355E-5            0.
        4880.   3.367340E-5            0.
        4890.   3.227062E-5            0.
        4900.   3.367340E-5            0.
        4910.   3.227062E-5            0.
        4920.   3.367340E-5            0.
        4930.   3.227048E-5            0.
        4940.   3.227076E-5            0.
        4950.   3.507633E-5            0.
        4960.   3.227034E-5            0.
        4970.   3.086784E-5            0.
        4980.   3.507605E-5            0.
        4990.   2.946449E-5            0.
        5000.   3.086770E-5            0.
        5010.   3.367326E-5            0.
        5020.   3.086756E-5            0.
        5030.   3.227006E-5            0.
        5040.   2.806157E-5            0.
        5050.   3.086756E-5            0.
        5060.   3.227048E-5            0.
        5070.   3.227048E-5            0.
        5080.   3.227034E-5            0.
        5090.   3.086742E-5            0.
        5100.   3.086742E-5            0.
        5110.   3.086742E-5            0.
        5120.   3.086742E-5            0.
        5130.   3.086742E-5            0.
        5140.   3.086742E-5            0.
        5150.   3.086728E-5            0.
        5160.   2.946449E-5            0.
        5170.   3.086742E-5            0.
        5180.   3.086728E-5            0.
        5190.   2.946449E-5            0.
        5200.   3.086728E-5            0.
        5210.   2.946435E-5            0.
        5220.   2.946449E-5            0.
        5230.   3.086742E-5            0.
        5240.   3.086728E-5            0.
        5250.   2.946435E-5            0.
        5260.   2.946421E-5            0.
        5270.   2.806143E-5            0.
        5280.   2.946421E-5            0.
        5290.   2.806143E-5            0.
        5300.   2.946421E-5            0.
        5310.   2.806115E-5            0.
        5320.   2.665850E-5            0.
        5330.   2.946435E-5            0.
        5340.   2.946421E-5            0.
        5350.   2.806143E-5            0.
        5360.   2.946421E-5            0.
        5370.   2.806115E-5            0.
        5380.   2.665836E-5            0.
        5390.   2.806129E-5            0.
        5400.   2.806115E-5            0.
        5410.   2.665836E-5            0.
        5420.   2.806129E-5            0.
        5430.   2.806129E-5            0.
        5440.   2.806129E-5            0.
        5450.   2.806115E-5            0.
        5460.   2.665808E-5            0.
        5470.   2.525544E-5            0.
        5480.   2.806129E-5            0.
        5490.   2.806115E-5            0.
        5500.   2.665822E-5            0.
        5510.   2.665808E-5            0.
        5520.   2.525544E-5            0.
        5530.   2.806115E-5            0.
        5540.   2.665822E-5            0.
        5550.   2.665836E-5            0.
        5560.   2.806115E-5            0.
        5570.   2.665808E-5            0.
        5580.   2.525516E-5            0.
        5590.   2.525530E-5            0.
        5600.   2.665794E-5            0.
        5610.   2.385238E-5            0.
        5620.   2.665808E-5            0.
        5630.   2.525516E-5            0.
        5640.   2.525530E-5            0.
        5650.   2.665808E-5            0.
        5660.   2.525516E-5            0.
        5670.   2.525516E-5            0.
        5680.   2.525488E-5            0.
        5690.   2.244959E-5            0.
        5700.   2.665822E-5            0.
        5710.   2.665822E-5            0.
        5720.   2.665766E-5            0.
        5730.   2.244903E-5            0.
        5740.   2.244959E-5            0.
        5750.   2.665808E-5            0.
        5760.   2.525530E-5            0.
        5770.   2.665794E-5            0.
        5780.   2.385210E-5            0.
        5790.   2.385224E-5            0.
        5800.   2.525530E-5            0.
        5810.   2.665794E-5            0.
        5820.   2.385224E-5            0.
        5830.   2.525516E-5            0.
        5840.   2.525502E-5            0.
        5850.   2.385224E-5            0.
        5860.   2.525516E-5            0.
        5870.   2.525516E-5            0.
        5880.   2.525530E-5            0.
        5890.   2.665808E-5            0.
        5900.   2.525502E-5            0.
        5910.   2.385224E-5            0.
        5920.   2.525530E-5            0.
        5930.   2.665808E-5            0.
        5940.   2.525516E-5            0.
        5950.   2.525530E-5            0.
        5960.   2.665822E-5            0.
        5970.   2.665808E-5            0.
        5980.   2.525502E-5            0.
        5990.   2.385224E-5            0.
        6000.   2.525530E-5            0.
        6010.   2.665822E-5            0.
        6020.   2.665808E-5            0.
        6030.   2.385210E-5            0.
        6040.   2.385224E-5            0.
        6050.   2.525502E-5            0.
        6060.   2.385210E-5            0.
        6070.   2.385224E-5            0.
        6080.   2.525530E-5            0.
        6090.   2.665794E-5            0.
        6100.   2.244931E-5            0.
        6110.   2.665808E-5            0.
        6120.   2.525502E-5            0.
        6130.   2.385210E-5            0.
        6140.   2.385210E-5            0.
        6150.   2.385210E-5            0.
        6160.   2.385224E-5            0.
        6170.   2.525516E-5            0.
        6180.   2.525502E-5            0.
        6190.   2.385210E-5            0.
        6200.   2.385210E-5            0.
        6210.   2.385195E-5            0.
        6220.   2.244917E-5            0.
        6230.   2.385210E-5            0.
        6240.   2.385195E-5            0.
        6250.   2.244917E-5            0.
        6260.   2.525502E-5            0.
        6270.   2.244917E-5            0.
        6280.   2.385210E-5            0.
        6290.   2.385195E-5            0.
        6300.   2.244889E-5            0.
        6310.   2.104624E-5            0.
        6320.   2.525502E-5            0.
        6330.   2.385210E-5            0.
        6340.   2.385195E-5            0.
        6350.   2.244903E-5            0.
        6360.   2.244903E-5            0.
        6370.   2.244917E-5            0.
        6380.   2.385195E-5            0.
        6390.   2.244917E-5            0.
        6400.   2.385195E-5            0.
        6410.   2.244903E-5            0.
        6420.   2.244917E-5            0.
        6430.   2.385210E-5            0.
        6440.   2.385210E-5            0.
        6450.   2.385195E-5            0.
        6460.   2.244917E-5            0.
        6470.   2.385210E-5            0.
        6480.   2.385195E-5            0.
        6490.   2.244917E-5            0.
        6500.   2.385224E-5            0.
        6510.   2.525502E-5            0.
        6520.   2.244917E-5            0.
        6530.   2.385195E-5            0.
        6540.   2.244903E-5            0.
        6550.   2.244903E-5            0.
        6560.   2.244917E-5            0.
        6570.   2.385224E-5            0.
        6580.   2.525530E-5            0.
        6590.   2.665808E-5            0.
        6600.   2.385210E-5            0.
        6610.   2.385195E-5            0.
        6620.   2.244917E-5            0.
        6630.   2.385210E-5            0.
        6640.   2.385210E-5            0.
        6650.   2.385195E-5            0.
        6660.   2.104611E-5            0.
        6670.   2.385210E-5            0.
        6680.   2.385210E-5            0.
        6690.   2.385210E-5            0.
        6700.   2.385210E-5            0.
        6710.   2.385210E-5            0.
        6720.   2.385210E-5            0.
        6730.   2.385224E-5            0.
        6740.   2.525516E-5            0.
        6750.   2.525502E-5            0.
        6760.   2.244917E-5            0.
        6770.   2.385210E-5            0.
        6780.   2.385195E-5            0.
        6790.   2.244917E-5            0.
        6800.   2.525502E-5            0.
        6810.   2.385224E-5            0.
        6820.   2.525502E-5            0.
        6830.   2.385210E-5            0.
        6840.   2.385224E-5            0.
        6850.   2.525516E-5            0.
        6860.   2.525502E-5            0.
        6870.   2.385210E-5            0.
        6880.   2.385195E-5            0.
        6890.   2.244917E-5            0.
        6900.   2.385210E-5            0.
        6910.   2.385210E-5            0.
        6920.   2.385210E-5            0.
        6930.   2.385224E-5            0.
        6940.   2.525516E-5            0.
        6950.   2.525530E-5            0.
        6960.   2.665808E-5            0.
        6970.   2.525516E-5            0.
        6980.   2.525516E-5            0.
        6990.   2.525516E-5            0.
        7000.   2.525516E-5            0.
        7010.   2.525530E-5            0.
        7020.   2.665808E-5            0.
        7030.   2.385210E-5            0.
        7040.   2.385224E-5            0.
        7050.   2.665808E-5            0.
        7060.   2.525516E-5            0.
        7070.   2.525516E-5            0.
        7080.   2.525516E-5            0.
        7090.   2.525530E-5            0.
        7100.   2.665808E-5            0.
        7110.   2.525530E-5            0.
        7120.   2.665822E-5            0.
        7130.   2.665808E-5            0.
        7140.   2.525530E-5            0.
        7150.   2.665808E-5            0.
        7160.   2.525530E-5            0.
        7170.   2.665822E-5            0.
        7180.   2.665822E-5            0.
        7190.   2.665808E-5            0.
        7200.   2.525530E-5            0.
        7210.   2.665808E-5            0.
        7220.   2.525516E-5            0.
        7230.   2.525530E-5            0.
        7240.   2.806115E-5            0.
        7250.   2.665822E-5            0.
        7260.   2.665836E-5            0.
        7270.   2.806115E-5            0.
        7280.   2.665822E-5            0.
        7290.   2.665822E-5            0.
        7300.   2.665836E-5            0.
        7310.   2.806143E-5            0.
        7320.   2.946435E-5            0.
        7330.   2.946421E-5            0.
        7340.   2.806129E-5            0.
        7350.   2.806129E-5            0.
        7360.   2.806129E-5            0.
        7370.   2.806143E-5            0.
        7380.   2.946435E-5            0.
        7390.   2.946435E-5            0.
        7400.   2.946435E-5            0.
        7410.   2.946449E-5            0.
        7420.   3.086728E-5            0.
        7430.   2.946449E-5            0.
        7440.   3.086728E-5            0.
        7450.   2.946449E-5            0.
        7460.   3.086728E-5            0.
        7470.   2.946449E-5            0.
        7480.   3.086742E-5            0.
        7490.   3.086756E-5            0.
        7500.   3.227048E-5            0.
        7510.   3.227048E-5            0.
        7520.   3.227048E-5            0.
        7530.   3.227062E-5            0.
        7540.   3.367340E-5            0.
        7550.   3.227048E-5            0.
        7560.   3.227062E-5            0.
        7570.   3.367355E-5            0.
        7580.   3.367355E-5            0.
        7590.   3.367355E-5            0.
        7600.   3.367368E-5            0.
        7610.   3.507661E-5            0.
        7620.   3.507647E-5            0.
        7630.   3.367382E-5            0.
        7640.   3.788260E-5            0.
        7650.   3.647953E-5            0.
        7660.   3.507675E-5            0.
        7670.   3.647953E-5            0.
        7680.   3.507675E-5            0.
        7690.   3.788274E-5            0.
        7700.   3.788274E-5            0.
        7710.   3.788274E-5            0.
        7720.   3.788274E-5            0.
        7730.   3.788288E-5            0.
        7740.   3.928580E-5            0.
        7750.   3.928594E-5            0.
        7760.   4.068887E-5            0.
        7770.   4.068873E-5            0.
        7780.   3.928580E-5            0.
        7790.   3.928594E-5            0.
        7800.   4.209179E-5            0.
        7810.   4.068901E-5            0.
        7820.   4.209193E-5            0.
        7830.   4.209207E-5            0.
        7840.   4.349499E-5            0.
        7850.   4.349514E-5            0.
        7860.   4.630098E-5            0.
        7870.   4.349514E-5            0.
        7880.   4.489820E-5            0.
        7890.   4.770405E-5            0.
        7900.   4.630112E-5            0.
        7910.   4.630127E-5            0.
        7920.   4.770432E-5            0.
        7930.   4.910725E-5            0.
        7940.   4.910725E-5            0.
        7950.   4.910739E-5            0.
        7960.   5.191324E-5            0.
        7970.   4.910725E-5            0.
        7980.   4.910711E-5            0.
        7990.   4.770447E-5            0.
        8000.   5.331658E-5            0.
        8010.   5.612243E-5            0.
        8020.   5.331645E-5            0.
        8030.   5.331658E-5            0.
        8040.   5.471965E-5            0.
        8050.   5.612272E-5            0.
        8060.   5.752550E-5            0.
        8070.   5.612272E-5            0.
        8080.   5.752578E-5            0.
        8090.   6.033163E-5            0.
        8100.   5.752592E-5            0.
        8110.   6.173469E-5            0.
        8120.   6.033191E-5            0.
        8130.   6.173497E-5            0.
        8140.   6.313789E-5            0.
        8150.   6.313762E-5            0.
        8160.   5.892898E-5            0.
        8170.   6.313803E-5            0.
        8180.   6.454096E-5            0.
        8190.   6.454110E-5            0.
        8200.   6.594388E-5            0.
        8210.   6.454110E-5            0.
        8220.   6.594416E-5            0.
        8230.   6.875030E-5            0.
        8240.   7.155614E-5            0.
        8250.   6.875030E-5            0.
        8260.   7.015336E-5            0.
        8270.   7.155642E-5            0.
        8280.   7.295934E-5            0.
        8290.   7.295949E-5            0.
        8300.   7.576533E-5            0.
        8310.   7.295921E-5            0.
        8320.   7.155656E-5            0.
        8330.   7.576533E-5            0.
        8340.   7.436256E-5            0.
        8350.   7.576561E-5            0.
        8360.   7.716868E-5            0.
        8370.   7.997452E-5            0.
        8380.   7.857174E-5            0.
        8390.   8.137788E-5            0.
        8400.   8.278066E-5            0.
        8410.   8.137788E-5            0.
        8420.   8.278066E-5            0.
        8430.   8.137759E-5            0.
        8440.   7.997481E-5            0.
        8450.   8.278080E-5            0.
        8460.   8.278066E-5            0.
        8470.   7.997481E-5            0.
        8480.   8.137759E-5            0.
        8490.   7.997607E-5            0.
        8500.   1.024237E-4            0.
        8510.   1.080360E-4            0.
        8520.   9.961757E-5            0.
        8530.   8.979612E-5            0.
        8540.   1.010206E-4            0.
        8550.   9.400531E-5            0.
        8560.   1.038268E-4            0.
        8570.   9.961757E-5            0.
        8580.   9.961757E-5            0.
        8590.   1.080360E-4            0.
        8600.   1.220666E-4            0.
        8610.   1.150513E-4            0.
        8620.   1.094390E-4            0.
        8630.   1.094390E-4            0.
        8640.   1.066329E-4            0.
        8650.   1.220666E-4            0.
        8660.   1.178574E-4            0.
        8670.   1.122451E-4            0.
        8680.   1.108421E-4            0.
        8690.   8.979612E-5            0.
        8700.   1.080360E-4            0.
        8710.   1.010206E-4            0.
        8720.   9.119918E-5            0.
        8730.   8.839306E-5            0.
        8740.   1.136482E-4            0.
        8750.   1.122451E-4            0.
        8760.   1.038268E-4            0.
        8770.   9.400531E-5            0.
        8780.   9.400531E-5            0.
        8790.   1.038268E-4            0.
        8800.   1.052298E-4            0.
        8810.   1.024237E-4            0.
        8820.   9.260225E-5            0.
        8830.   9.260225E-5            0.
        8840.   9.961757E-5            0.
        8850.   1.066329E-4            0.
        8860.   1.038268E-4            0.
        8870.   1.038268E-4            0.
        8880.   1.024237E-4            0.
        8890.   1.038268E-4            0.
        8900.   1.108421E-4            0.
        8910.   1.136482E-4            0.
        8920.   1.024237E-4            0.
        8930.   1.010206E-4            0.
        8940.   1.010206E-4            0.
        8950.   1.052298E-4            0.
        8960.   1.010206E-4            0.
        8970.   1.024237E-4            0.
        8980.   1.080360E-4            0.
        8990.   1.066329E-4            0.
        9000.   1.038268E-4            0.
        9010.   1.038268E-4            0.
        9020.   1.010206E-4            0.
        9030.   1.094390E-4            0.
        9040.   1.010206E-4            0.
        9050.   1.024237E-4            0.
        9060.   9.961757E-5            0.
        9070.   9.961757E-5            0.
        9080.   9.681144E-5            0.
        9090.   9.821451E-5            0.
        9100.   9.821451E-5            0.
        9110.   1.010206E-4            0.
        9120.   1.010206E-4            0.
        9130.   9.540838E-5            0.
        9140.   9.260225E-5            0.
        9150.   9.681144E-5            0.
        9160.   1.010206E-4            0.
        9170.   9.961757E-5            0.
        9180.   9.821451E-5            0.
        9190.   9.681144E-5            0.
        9200.   9.821451E-5            0.
        9210.   9.400531E-5            0.
        9220.   9.540838E-5            0.
        9230.   9.681144E-5            0.
        9240.   9.400531E-5            0.
        9250.   9.400531E-5            0.
        9260.   9.681144E-5            0.
        9270.   9.540838E-5            0.
        9280.   1.010206E-4            0.
        9290.   1.038268E-4            0.
        9300.   9.540838E-5            0.
        9310.   9.540838E-5            0.
        9320.   9.681144E-5            0.
        9330.   9.119918E-5            0.
        9340.   8.698999E-5            0.
        9350.   8.278080E-5            0.
        9360.   8.698999E-5            0.
        9370.   8.839306E-5            0.
        9380.   9.260225E-5            0.
        9390.   9.119918E-5            0.
        9400.   9.821451E-5            0.
        9410.   8.698999E-5            0.
        9420.   8.979612E-5            0.
        9430.   8.698999E-5            0.
        9440.   8.979612E-5            0.
        9450.   8.839306E-5            0.
        9460.   8.839306E-5            0.
        9470.   8.698999E-5            0.
        9480.   9.119918E-5            0.
        9490.   8.839306E-5            0.
        9500.   9.119918E-5            0.
        9510.   9.119918E-5            0.
        9520.   9.119918E-5            0.
        9530.   8.839306E-5            0.
        9540.   8.979612E-5            0.
        9550.   8.558692E-5            0.
        9560.   8.698999E-5            0.
        9570.   9.260225E-5            0.
        9580.   8.698999E-5            0.
        9590.   8.278080E-5            0.
        9600.   8.558692E-5            0.
        9610.   8.698999E-5            0.
        9620.   8.698999E-5            0.
        9630.   8.839306E-5            0.
        9640.   9.260225E-5            0.
        9650.   8.418386E-5            0.
        9660.   8.137774E-5            0.
        9670.   8.418386E-5            0.
        9680.   7.997467E-5            0.
        9690.   7.576548E-5            0.
        9700.   8.278080E-5            0.
        9710.   8.418386E-5            0.
        9720.   7.997467E-5            0.
        9730.   7.857160E-5            0.
        9740.   7.997467E-5            0.
        9750.   7.857160E-5            0.
        9760.   7.716854E-5            0.
        9770.   8.137774E-5            0.
        9780.   7.716854E-5            0.
        9790.   7.716854E-5            0.
        9800.   7.716854E-5            0.
        9810.   7.576548E-5            0.
        9820.   8.137774E-5            0.
        9830.   7.295934E-5            0.
        9840.   7.997467E-5            0.
        9850.   7.716854E-5            0.
        9860.   8.418386E-5            0.
        9870.   8.137774E-5            0.
        9880.   7.716854E-5            0.
        9890.   7.576548E-5            0.
        9900.   7.576548E-5            0.
        9910.   8.278080E-5            0.
        9920.   7.857160E-5            0.
        9930.   7.857160E-5            0.
        9940.   7.716854E-5            0.
        9950.   7.857160E-5            0.
        9960.   8.418386E-5            0.
        9970.   8.558692E-5            0.
        9980.   7.857160E-5            0.
        9990.   7.716854E-5            0.
       10000.   7.576548E-5            0.
       10010.   7.436241E-5            0.
       10020.   7.015322E-5            0.
       10030.   7.436241E-5            0.
       10040.   7.716854E-5            0.
       10050.   7.295934E-5            0.
       10060.   6.875015E-5            0.
       10070.   7.716854E-5            0.
       10080.   7.295934E-5            0.
       10090.   7.295934E-5            0.
       10100.   7.155628E-5            0.
       10110.   6.594403E-5            0.
       10120.   6.734709E-5            0.
       10130.   6.173483E-5            0.
       10140.   6.454096E-5            0.
       10150.   6.734709E-5            0.
       10160.   6.875015E-5            0.
       10170.   7.155628E-5            0.
       10180.   7.155628E-5            0.
       10190.   6.313789E-5            0.
       10200.   6.313789E-5            0.
       10210.   6.734709E-5            0.
       10220.   6.875015E-5            0.
       10230.   7.155628E-5            0.
       10240.   8.137774E-5            0.
       10250.   7.015322E-5            0.
       10260.   6.875015E-5            0.
       10270.   6.734709E-5            0.
       10280.   6.594403E-5            0.
       10290.   6.875015E-5            0.
       10300.   6.594403E-5            0.
       10310.   6.875015E-5            0.
       10320.   6.454096E-5            0.
       10330.   6.734709E-5            0.
       10340.   6.033177E-5            0.
       10350.   6.734709E-5            0.
       10360.   7.295934E-5            0.
       10370.   7.015322E-5            0.
       10380.   6.033177E-5            0.
       10390.   6.734709E-5            0.
       10400.   6.454096E-5            0.
       10410.   6.875015E-5            0.
       10420.   6.875015E-5            0.
       10430.   6.454096E-5            0.
       10440.   6.594403E-5            0.
       10450.   6.173483E-5            0.
       10460.   6.734709E-5            0.
       10470.   6.594403E-5            0.
       10480.   6.594403E-5            0.
       10490.   6.173483E-5            0.
       10500.   6.173483E-5            0.
       10510.   5.752564E-5            0.
       10520.   6.313789E-5            0.
       10530.   6.173483E-5            0.
       10540.   6.313789E-5            0.
       10550.   5.892870E-5            0.
       10560.   6.033177E-5            0.
       10570.   5.892870E-5            0.
       10580.   6.173483E-5            0.
       10590.   6.454096E-5            0.
       10600.   6.313789E-5            0.
       10610.   6.173483E-5            0.
       10620.   6.173483E-5            0.
       10630.   6.173483E-5            0.
       10640.   6.454096E-5            0.
       10650.   6.033177E-5            0.
       10660.   5.752564E-5            0.
       10670.   6.173483E-5            0.
       10680.   6.313789E-5            0.
       10690.   6.033177E-5            0.
       10700.   6.734709E-5            0.
       10710.   5.752564E-5            0.
       10720.   5.471950E-5            0.
       10730.   5.752564E-5            0.
       10740.   6.033177E-5            0.
       10750.   6.033177E-5            0.
       10760.   6.033177E-5            0.
       10770.   5.752564E-5            0.
       10780.   5.752564E-5            0.
       10790.   6.454096E-5            0.
       10800.   6.313789E-5            0.
       10810.   5.892870E-5            0.
       10820.   5.752564E-5            0.
       10830.   6.173483E-5            0.
       10840.   6.454096E-5            0.
       10850.   6.454096E-5            0.
       10860.   5.612257E-5            0.
       10870.   5.051032E-5            0.
       10880.   6.033177E-5            0.
       10890.   6.173483E-5            0.
       10900.   6.313789E-5            0.
       10910.   5.471950E-5            0.
       10920.   5.752564E-5            0.
       10930.   5.471950E-5            0.
       10940.   5.331645E-5            0.
       10950.   5.612257E-5            0.
       10960.   6.033177E-5            0.
       10970.   5.612257E-5            0.
       10980.   5.752564E-5            0.
       10990.   5.331645E-5            0.
       11000.   5.471950E-5            0.
