         100.            0.            0.
        1120.       0.06875            0.
        1140.       0.02313            0.
        1160.       0.06188            0.
        1180.       0.09687            0.
        1200.       0.11688            0.
        1214.       0.13438            0.
        1220.       0.13062            0.
        1240.       0.13625            0.
        1260.       0.13187            0.
        1280.         0.103            0.
        1300.        0.0825            0.
        1320.          0.06            0.
        1340.       0.03112            0.
        1360.       0.02063            0.
        1380.       0.01187            0.
        1400.       0.00375            0.
        1420.        0.0025            0.
        1990.       0.00168            0.
        2000.       0.00162            0.
        2010.       0.00156            0.
        2020.        0.0015            0.
        2030.       0.00146            0.
        2040.        0.0014            0.
        2050.       0.00136            0.
        2060.       0.00131            0.
        2070.       0.00127            0.
        2080.       0.00122            0.
        2090.       0.00119            0.
        2100.       0.00114            0.
        2110.       0.00111            0.
        2120.       0.00107            0.
        2130.       0.00104            0.
        2140.         0.001            0.
        2150.   9.700000E-4            0.
        2160.   9.400000E-4            0.
        2170.   9.100000E-4            0.
        2180.   8.800000E-4            0.
        2190.   8.500000E-4            0.
        2200.   8.200000E-4            0.
        2210.   7.900000E-4            0.
        2220.   7.700000E-4            0.
        2230.   7.400000E-4            0.
        2240.   7.200000E-4            0.
        2250.   7.000000E-4            0.
        2260.   6.700000E-4            0.
        2270.   6.600000E-4            0.
        2280.   6.300000E-4            0.
        2290.   6.100000E-4            0.
        2300.   5.900000E-4            0.
        2310.   5.800000E-4            0.
        2320.   5.500000E-4            0.
        2330.   5.400000E-4            0.
        2340.   5.200000E-4            0.
        2350.   5.100000E-4            0.
        2360.   4.900000E-4            0.
        2370.   4.800000E-4            0.
        2380.   4.700000E-4            0.
        2390.   4.500000E-4            0.
        2400.   4.400000E-4            0.
        2410.   4.300000E-4            0.
        2420.   4.100000E-4            0.
        2430.   4.000000E-4            0.
        2440.   3.900000E-4            0.
        2450.   3.800000E-4            0.
        2460.   3.700000E-4            0.
        2470.   3.600000E-4            0.
        2480.   3.500000E-4            0.
        2490.   3.400000E-4            0.
        2500.   3.300000E-4            0.
        2510.   3.300000E-4            0.
        2520.   3.200000E-4            0.
        2530.   3.100000E-4            0.
        2540.   3.000000E-4            0.
        2550.   3.000000E-4            0.
        2560.   2.900000E-4            0.
        2570.   2.800000E-4            0.
        2580.   2.800000E-4            0.
        2590.   2.700000E-4            0.
        2600.   2.600000E-4            0.
        2610.   2.600000E-4            0.
        2620.   2.500000E-4            0.
        2630.   2.500000E-4            0.
        2640.   2.400000E-4            0.
        2650.   2.400000E-4            0.
        2660.   2.300000E-4            0.
        2670.   2.300000E-4            0.
        2680.   2.200000E-4            0.
        2690.   2.200000E-4            0.
        2700.   2.100000E-4            0.
        2710.   2.100000E-4            0.
        2720.   2.100000E-4            0.
        2730.   2.000000E-4            0.
        2740.   2.000000E-4            0.
        2750.   2.000000E-4            0.
        2760.   1.900000E-4            0.
        2770.   1.900000E-4            0.
        2780.   1.800000E-4            0.
        2790.   1.800000E-4            0.
        2800.   1.800000E-4            0.
        2810.   1.800000E-4            0.
        2820.   1.700000E-4            0.
        2830.   1.700000E-4            0.
        2840.   1.700000E-4            0.
        2850.   1.700000E-4            0.
        2860.   1.600000E-4            0.
        2870.   1.600000E-4            0.
        2880.   1.600000E-4            0.
        2890.   1.500000E-4            0.
        2900.   1.500000E-4            0.
        2910.   1.500000E-4            0.
        2920.   1.500000E-4            0.
        2930.   1.400000E-4            0.
        2940.   1.400000E-4            0.
        2950.   1.400000E-4            0.
        2960.   1.400000E-4            0.
        2970.   1.400000E-4            0.
        2980.   1.300000E-4            0.
        2990.   1.300000E-4            0.
        3000.   1.300000E-4            0.
        3010.   1.300000E-4            0.
        3020.   1.300000E-4            0.
        3030.   1.200000E-4            0.
        3040.   1.200000E-4            0.
        3050.   1.200000E-4            0.
        3060.   1.200000E-4            0.
        3070.   1.200000E-4            0.
        3080.   1.100000E-4            0.
        3090.   1.100000E-4            0.
        3100.   1.100000E-4            0.
        3110.   1.100000E-4            0.
        3120.   1.100000E-4            0.
        3130.   1.100000E-4            0.
        3140.   1.000000E-4            0.
        3150.   1.000000E-4            0.
        3160.   1.000000E-4            0.
        3170.   1.000000E-4            0.
        3180.   1.000000E-4            0.
        3190.   1.000000E-4            0.
        3200.   1.000000E-4            0.
        3210.   1.000000E-4            0.
        3220.   9.000000E-5            0.
        3230.   9.000000E-5            0.
        3240.   9.000000E-5            0.
        3250.   9.000000E-5            0.
        3260.   9.000000E-5            0.
        3270.   9.000000E-5            0.
        3280.   8.000000E-5            0.
        3290.   9.000000E-5            0.
        3300.   9.000000E-5            0.
        3310.   9.000000E-5            0.
        3320.   8.000000E-5            0.
        3330.   8.000000E-5            0.
        3340.   8.000000E-5            0.
        3350.   8.000000E-5            0.
        3360.   8.000000E-5            0.
        3370.   8.000000E-5            0.
        3380.   8.000000E-5            0.
        3390.   7.000000E-5            0.
        3400.   7.000000E-5            0.
        3410.   7.000000E-5            0.
        3420.   7.000000E-5            0.
        3430.   7.000000E-5            0.
        3440.   7.000000E-5            0.
        3450.   7.000000E-5            0.
        3460.   7.000000E-5            0.
        3470.   7.000000E-5            0.
        3480.   7.000000E-5            0.
        3490.   7.000000E-5            0.
        3500.   7.000000E-5            0.
        3510.   7.000000E-5            0.
        3520.   7.000000E-5            0.
        3530.   6.000000E-5            0.
        3540.   6.000000E-5            0.
        3550.   6.000000E-5            0.
        3560.   6.000000E-5            0.
        3570.   6.000000E-5            0.
        3580.   6.000000E-5            0.
        3590.   6.000000E-5            0.
        3600.   6.000000E-5            0.
        3610.   6.000000E-5            0.
        3620.   6.000000E-5            0.
        3630.   6.000000E-5            0.
        3640.   6.000000E-5            0.
        3650.   6.000000E-5            0.
        3660.   6.000000E-5            0.
        3670.   6.000000E-5            0.
        3680.   6.000000E-5            0.
        3690.   6.000000E-5            0.
        3700.   5.000000E-5            0.
        3710.   5.000000E-5            0.
        3720.   5.000000E-5            0.
        3730.   5.000000E-5            0.
        3740.   5.000000E-5            0.
        3750.   5.000000E-5            0.
        3760.   5.000000E-5            0.
        3770.   5.000000E-5            0.
        3780.   5.000000E-5            0.
        3790.   5.000000E-5            0.
        3800.   5.000000E-5            0.
        3810.   5.000000E-5            0.
        3820.   5.000000E-5            0.
        3830.   5.000000E-5            0.
        3840.   5.000000E-5            0.
        3850.   5.000000E-5            0.
        3860.   5.000000E-5            0.
        3870.   5.000000E-5            0.
        3880.   5.000000E-5            0.
        3890.   5.000000E-5            0.
        3900.   4.000000E-5            0.
        3910.   5.000000E-5            0.
        3920.   4.000000E-5            0.
        3930.   4.000000E-5            0.
        3940.   4.000000E-5            0.
        3950.   4.000000E-5            0.
        3960.   4.000000E-5            0.
        3970.   4.000000E-5            0.
        3980.   4.000000E-5            0.
        3990.   4.000000E-5            0.
        4000.   4.000000E-5            0.
        4010.   4.000000E-5            0.
        4020.   4.000000E-5            0.
        4030.   4.000000E-5            0.
        4040.   4.000000E-5            0.
        4050.   4.000000E-5            0.
        4060.   4.000000E-5            0.
        4070.   4.000000E-5            0.
        4080.   4.000000E-5            0.
        4090.   4.000000E-5            0.
        4100.   4.000000E-5            0.
        4110.   4.000000E-5            0.
        4120.   4.000000E-5            0.
        4130.   4.000000E-5            0.
        4140.   4.000000E-5            0.
        4150.   4.000000E-5            0.
        4160.   4.000000E-5            0.
        4170.   4.000000E-5            0.
        4180.   4.000000E-5            0.
        4190.   4.000000E-5            0.
        4200.   4.000000E-5            0.
        4210.   4.000000E-5            0.
        4220.   3.000000E-5            0.
        4230.   4.000000E-5            0.
        4240.   4.000000E-5            0.
        4250.   4.000000E-5            0.
        4260.   4.000000E-5            0.
        4270.   3.000000E-5            0.
        4280.   3.000000E-5            0.
        4290.   3.000000E-5            0.
        4300.   3.000000E-5            0.
        4310.   3.000000E-5            0.
        4320.   3.000000E-5            0.
        4330.   3.000000E-5            0.
        4340.   3.000000E-5            0.
        4350.   3.000000E-5            0.
        4360.   3.000000E-5            0.
        4370.   3.000000E-5            0.
        4380.   3.000000E-5            0.
        4390.   3.000000E-5            0.
        4400.   3.000000E-5            0.
        4410.   3.000000E-5            0.
        4420.   3.000000E-5            0.
        4430.   3.000000E-5            0.
        4440.   3.000000E-5            0.
        4450.   3.000000E-5            0.
        4460.   3.000000E-5            0.
        4470.   3.000000E-5            0.
        4480.   3.000000E-5            0.
        4490.   3.000000E-5            0.
        4500.   3.000000E-5            0.
        4510.   3.000000E-5            0.
        4520.   3.000000E-5            0.
        4530.   3.000000E-5            0.
        4540.   3.000000E-5            0.
        4550.   3.000000E-5            0.
        4560.   3.000000E-5            0.
        4570.   3.000000E-5            0.
        4580.   3.000000E-5            0.
        4590.   3.000000E-5            0.
        4600.   3.000000E-5            0.
        4610.   3.000000E-5            0.
        4620.   3.000000E-5            0.
        4630.   3.000000E-5            0.
        4640.   3.000000E-5            0.
        4650.   3.000000E-5            0.
        4660.   3.000000E-5            0.
        4670.   3.000000E-5            0.
        4680.   2.000000E-5            0.
        4690.   3.000000E-5            0.
        4700.   3.000000E-5            0.
        4710.   2.000000E-5            0.
        4720.   3.000000E-5            0.
        4730.   3.000000E-5            0.
        4740.   2.000000E-5            0.
        4750.   3.000000E-5            0.
        4760.   2.000000E-5            0.
        4770.   2.000000E-5            0.
        4780.   2.000000E-5            0.
        4790.   2.000000E-5            0.
        4800.   2.000000E-5            0.
        4810.   2.000000E-5            0.
        4820.   2.000000E-5            0.
        4830.   2.000000E-5            0.
        4840.   2.000000E-5            0.
        4850.   2.000000E-5            0.
        4860.   2.000000E-5            0.
        4870.   2.000000E-5            0.
        4880.   2.000000E-5            0.
        4890.   2.000000E-5            0.
        4900.   2.000000E-5            0.
        4910.   2.000000E-5            0.
        4920.   2.000000E-5            0.
        4930.   2.000000E-5            0.
        4940.   2.000000E-5            0.
        4950.   2.000000E-5            0.
        4960.   2.000000E-5            0.
        4970.   2.000000E-5            0.
        4980.   2.000000E-5            0.
        4990.   2.000000E-5            0.
        5000.   2.000000E-5            0.
        5010.   2.000000E-5            0.
        5020.   2.000000E-5            0.
        5030.   2.000000E-5            0.
        5040.   2.000000E-5            0.
        5050.   2.000000E-5            0.
        5060.   2.000000E-5            0.
        5070.   2.000000E-5            0.
        5080.   2.000000E-5            0.
        5090.   2.000000E-5            0.
        5100.   2.000000E-5            0.
        5110.   2.000000E-5            0.
        5120.   2.000000E-5            0.
        5130.   2.000000E-5            0.
        5140.   2.000000E-5            0.
        5150.   2.000000E-5            0.
        5160.   2.000000E-5            0.
        5170.   2.000000E-5            0.
        5180.   2.000000E-5            0.
        5190.   2.000000E-5            0.
        5200.   2.000000E-5            0.
        5210.   2.000000E-5            0.
        5220.   2.000000E-5            0.
        5230.   2.000000E-5            0.
        5240.   2.000000E-5            0.
        5250.   2.000000E-5            0.
        5260.   2.000000E-5            0.
        5270.   2.000000E-5            0.
        5280.   2.000000E-5            0.
        5290.   2.000000E-5            0.
        5300.   2.000000E-5            0.
        5310.   2.000000E-5            0.
        5320.   2.000000E-5            0.
        5330.   2.000000E-5            0.
        5340.   2.000000E-5            0.
        5350.   2.000000E-5            0.
        5360.   2.000000E-5            0.
        5370.   2.000000E-5            0.
        5380.   2.000000E-5            0.
        5390.   2.000000E-5            0.
        5400.   2.000000E-5            0.
        5410.   2.000000E-5            0.
        5420.   2.000000E-5            0.
        5430.   2.000000E-5            0.
        5440.   2.000000E-5            0.
        5450.   2.000000E-5            0.
        5460.   2.000000E-5            0.
        5470.   2.000000E-5            0.
        5480.   2.000000E-5            0.
        5490.   2.000000E-5            0.
        5500.   2.000000E-5            0.
        5510.   2.000000E-5            0.
        5520.   2.000000E-5            0.
        5530.   2.000000E-5            0.
        5540.   2.000000E-5            0.
        5550.   2.000000E-5            0.
        5560.   2.000000E-5            0.
        5570.   2.000000E-5            0.
        5580.   2.000000E-5            0.
        5590.   2.000000E-5            0.
        5600.   2.000000E-5            0.
        5610.   2.000000E-5            0.
        5620.   2.000000E-5            0.
        5630.   2.000000E-5            0.
        5640.   2.000000E-5            0.
        5650.   2.000000E-5            0.
        5660.   2.000000E-5            0.
        5670.   2.000000E-5            0.
        5680.   2.000000E-5            0.
        5690.   2.000000E-5            0.
        5700.   2.000000E-5            0.
        5710.   2.000000E-5            0.
        5720.   2.000000E-5            0.
        5730.   2.000000E-5            0.
        5740.   2.000000E-5            0.
        5750.   2.000000E-5            0.
        5760.   2.000000E-5            0.
        5770.   2.000000E-5            0.
        5780.   2.000000E-5            0.
        5790.   2.000000E-5            0.
        5800.   2.000000E-5            0.
        5810.   2.000000E-5            0.
        5820.   2.000000E-5            0.
        5830.   2.000000E-5            0.
        5840.   2.000000E-5            0.
        5850.   2.000000E-5            0.
        5860.   2.000000E-5            0.
        5870.   2.000000E-5            0.
        5880.   2.000000E-5            0.
        5890.   2.000000E-5            0.
        5900.   2.000000E-5            0.
        5910.   2.000000E-5            0.
        5920.   2.000000E-5            0.
        5930.   2.000000E-5            0.
        5940.   2.000000E-5            0.
        5950.   2.000000E-5            0.
        5960.   2.000000E-5            0.
        5970.   2.000000E-5            0.
        5980.   2.000000E-5            0.
        5990.   2.000000E-5            0.
        6000.   2.000000E-5            0.
        6010.   2.000000E-5            0.
        6020.   2.000000E-5            0.
        6030.   2.000000E-5            0.
        6040.   2.000000E-5            0.
        6050.   2.000000E-5            0.
        6060.   2.000000E-5            0.
        6070.   2.000000E-5            0.
        6080.   2.000000E-5            0.
        6090.   2.000000E-5            0.
        6100.   2.000000E-5            0.
        6110.   2.000000E-5            0.
        6120.   2.000000E-5            0.
        6130.   2.000000E-5            0.
        6140.   2.000000E-5            0.
        6150.   2.000000E-5            0.
        6160.   2.000000E-5            0.
        6170.   2.000000E-5            0.
        6180.   2.000000E-5            0.
        6190.   2.000000E-5            0.
        6200.   2.000000E-5            0.
        6210.   2.000000E-5            0.
        6220.   2.000000E-5            0.
        6230.   2.000000E-5            0.
        6240.   2.000000E-5            0.
        6250.   2.000000E-5            0.
        6260.   2.000000E-5            0.
        6270.   2.000000E-5            0.
        6280.   2.000000E-5            0.
        6290.   2.000000E-5            0.
        6300.   2.000000E-5            0.
        6310.   1.000000E-5            0.
        6320.   2.000000E-5            0.
        6330.   2.000000E-5            0.
        6340.   2.000000E-5            0.
        6350.   2.000000E-5            0.
        6360.   2.000000E-5            0.
        6370.   2.000000E-5            0.
        6380.   2.000000E-5            0.
        6390.   2.000000E-5            0.
        6400.   2.000000E-5            0.
        6410.   2.000000E-5            0.
        6420.   2.000000E-5            0.
        6430.   2.000000E-5            0.
        6440.   2.000000E-5            0.
        6450.   2.000000E-5            0.
        6460.   2.000000E-5            0.
        6470.   2.000000E-5            0.
        6480.   2.000000E-5            0.
        6490.   2.000000E-5            0.
        6500.   2.000000E-5            0.
        6510.   2.000000E-5            0.
        6520.   2.000000E-5            0.
        6530.   2.000000E-5            0.
        6540.   2.000000E-5            0.
        6550.   2.000000E-5            0.
        6560.   2.000000E-5            0.
        6570.   2.000000E-5            0.
        6580.   2.000000E-5            0.
        6590.   2.000000E-5            0.
        6600.   2.000000E-5            0.
        6610.   2.000000E-5            0.
        6620.   2.000000E-5            0.
        6630.   2.000000E-5            0.
        6640.   2.000000E-5            0.
        6650.   2.000000E-5            0.
        6660.   1.000000E-5            0.
        6670.   2.000000E-5            0.
        6680.   2.000000E-5            0.
        6690.   2.000000E-5            0.
        6700.   2.000000E-5            0.
        6710.   2.000000E-5            0.
        6720.   2.000000E-5            0.
        6730.   2.000000E-5            0.
        6740.   2.000000E-5            0.
        6750.   2.000000E-5            0.
        6760.   2.000000E-5            0.
        6770.   2.000000E-5            0.
        6780.   2.000000E-5            0.
        6790.   2.000000E-5            0.
        6800.   2.000000E-5            0.
        6810.   2.000000E-5            0.
        6820.   2.000000E-5            0.
        6830.   2.000000E-5            0.
        6840.   2.000000E-5            0.
        6850.   2.000000E-5            0.
        6860.   2.000000E-5            0.
        6870.   2.000000E-5            0.
        6880.   2.000000E-5            0.
        6890.   2.000000E-5            0.
        6900.   2.000000E-5            0.
        6910.   2.000000E-5            0.
        6920.   2.000000E-5            0.
        6930.   2.000000E-5            0.
        6940.   2.000000E-5            0.
        6950.   2.000000E-5            0.
        6960.   2.000000E-5            0.
        6970.   2.000000E-5            0.
        6980.   2.000000E-5            0.
        6990.   2.000000E-5            0.
        7000.   2.000000E-5            0.
        7010.   2.000000E-5            0.
        7020.   2.000000E-5            0.
        7030.   2.000000E-5            0.
        7040.   2.000000E-5            0.
        7050.   2.000000E-5            0.
        7060.   2.000000E-5            0.
        7070.   2.000000E-5            0.
        7080.   2.000000E-5            0.
        7090.   2.000000E-5            0.
        7100.   2.000000E-5            0.
        7110.   2.000000E-5            0.
        7120.   2.000000E-5            0.
        7130.   2.000000E-5            0.
        7140.   2.000000E-5            0.
        7150.   2.000000E-5            0.
        7160.   2.000000E-5            0.
        7170.   2.000000E-5            0.
        7180.   2.000000E-5            0.
        7190.   2.000000E-5            0.
        7200.   2.000000E-5            0.
        7210.   2.000000E-5            0.
        7220.   2.000000E-5            0.
        7230.   2.000000E-5            0.
        7240.   2.000000E-5            0.
        7250.   2.000000E-5            0.
        7260.   2.000000E-5            0.
        7270.   2.000000E-5            0.
        7280.   2.000000E-5            0.
        7290.   2.000000E-5            0.
        7300.   2.000000E-5            0.
        7310.   2.000000E-5            0.
        7320.   2.000000E-5            0.
        7330.   2.000000E-5            0.
        7340.   2.000000E-5            0.
        7350.   2.000000E-5            0.
        7360.   2.000000E-5            0.
        7370.   2.000000E-5            0.
        7380.   2.000000E-5            0.
        7390.   2.000000E-5            0.
        7400.   2.000000E-5            0.
        7410.   2.000000E-5            0.
        7420.   2.000000E-5            0.
        7430.   2.000000E-5            0.
        7440.   2.000000E-5            0.
        7450.   2.000000E-5            0.
        7460.   2.000000E-5            0.
        7470.   2.000000E-5            0.
        7480.   2.000000E-5            0.
        7490.   2.000000E-5            0.
        7500.   2.000000E-5            0.
        7510.   2.000000E-5            0.
        7520.   2.000000E-5            0.
        7530.   2.000000E-5            0.
        7540.   2.000000E-5            0.
        7550.   2.000000E-5            0.
        7560.   2.000000E-5            0.
        7570.   2.000000E-5            0.
        7580.   2.000000E-5            0.
        7590.   2.000000E-5            0.
        7600.   2.000000E-5            0.
        7610.   2.000000E-5            0.
        7620.   2.000000E-5            0.
        7630.   2.000000E-5            0.
        7640.   3.000000E-5            0.
        7650.   3.000000E-5            0.
        7660.   2.000000E-5            0.
        7670.   3.000000E-5            0.
        7680.   2.000000E-5            0.
        7690.   3.000000E-5            0.
        7700.   3.000000E-5            0.
        7710.   3.000000E-5            0.
        7720.   3.000000E-5            0.
        7730.   3.000000E-5            0.
        7740.   3.000000E-5            0.
        7750.   3.000000E-5            0.
        7760.   3.000000E-5            0.
        7770.   3.000000E-5            0.
        7780.   3.000000E-5            0.
        7790.   3.000000E-5            0.
        7800.   3.000000E-5            0.
        7810.   3.000000E-5            0.
        7820.   3.000000E-5            0.
        7830.   3.000000E-5            0.
        7840.   3.000000E-5            0.
        7850.   3.000000E-5            0.
        7860.   3.000000E-5            0.
        7870.   3.000000E-5            0.
        7880.   3.000000E-5            0.
        7890.   3.000000E-5            0.
        7900.   3.000000E-5            0.
        7910.   3.000000E-5            0.
        7920.   3.000000E-5            0.
        7930.   4.000000E-5            0.
        7940.   4.000000E-5            0.
        7950.   4.000000E-5            0.
        7960.   4.000000E-5            0.
        7970.   4.000000E-5            0.
        7980.   4.000000E-5            0.
        7990.   3.000000E-5            0.
        8000.   4.000000E-5            0.
        8010.   4.000000E-5            0.
        8020.   4.000000E-5            0.
        8030.   4.000000E-5            0.
        8040.   4.000000E-5            0.
        8050.   4.000000E-5            0.
        8060.   4.000000E-5            0.
        8070.   4.000000E-5            0.
        8080.   4.000000E-5            0.
        8090.   4.000000E-5            0.
        8100.   4.000000E-5            0.
        8110.   4.000000E-5            0.
        8120.   4.000000E-5            0.
        8130.   4.000000E-5            0.
        8140.   5.000000E-5            0.
        8150.   5.000000E-5            0.
        8160.   4.000000E-5            0.
        8170.   5.000000E-5            0.
        8180.   5.000000E-5            0.
        8190.   5.000000E-5            0.
        8200.   5.000000E-5            0.
        8210.   5.000000E-5            0.
        8220.   5.000000E-5            0.
        8230.   5.000000E-5            0.
        8240.   5.000000E-5            0.
        8250.   5.000000E-5            0.
        8260.   5.000000E-5            0.
        8270.   5.000000E-5            0.
        8280.   5.000000E-5            0.
        8290.   5.000000E-5            0.
        8300.   5.000000E-5            0.
        8310.   5.000000E-5            0.
        8320.   5.000000E-5            0.
        8330.   5.000000E-5            0.
        8340.   5.000000E-5            0.
        8350.   5.000000E-5            0.
        8360.   6.000000E-5            0.
        8370.   6.000000E-5            0.
        8380.   6.000000E-5            0.
        8390.   6.000000E-5            0.
        8400.   6.000000E-5            0.
        8410.   6.000000E-5            0.
        8420.   6.000000E-5            0.
        8430.   6.000000E-5            0.
        8440.   6.000000E-5            0.
        8450.   6.000000E-5            0.
        8460.   6.000000E-5            0.
        8470.   6.000000E-5            0.
        8480.   6.000000E-5            0.
        8490.   6.000000E-5            0.
        8500.   7.000000E-5            0.
        8510.   8.000000E-5            0.
        8520.   7.000000E-5            0.
        8530.   6.000000E-5            0.
        8540.   7.000000E-5            0.
        8550.   7.000000E-5            0.
        8560.   7.000000E-5            0.
        8570.   7.000000E-5            0.
        8580.   7.000000E-5            0.
        8590.   8.000000E-5            0.
        8600.   9.000000E-5            0.
        8610.   8.000000E-5            0.
        8620.   8.000000E-5            0.
        8630.   8.000000E-5            0.
        8640.   8.000000E-5            0.
        8650.   9.000000E-5            0.
        8660.   8.000000E-5            0.
        8670.   8.000000E-5            0.
        8680.   8.000000E-5            0.
        8690.   6.000000E-5            0.
        8700.   8.000000E-5            0.
        8710.   7.000000E-5            0.
        8720.   7.000000E-5            0.
        8730.   6.000000E-5            0.
        8740.   8.000000E-5            0.
        8750.   8.000000E-5            0.
        8760.   7.000000E-5            0.
        8770.   7.000000E-5            0.
        8780.   7.000000E-5            0.
        8790.   7.000000E-5            0.
        8800.   8.000000E-5            0.
        8810.   7.000000E-5            0.
        8820.   7.000000E-5            0.
        8830.   7.000000E-5            0.
        8840.   7.000000E-5            0.
        8850.   8.000000E-5            0.
        8860.   7.000000E-5            0.
        8870.   7.000000E-5            0.
        8880.   7.000000E-5            0.
        8890.   7.000000E-5            0.
        8900.   8.000000E-5            0.
        8910.   8.000000E-5            0.
        8920.   7.000000E-5            0.
        8930.   7.000000E-5            0.
        8940.   7.000000E-5            0.
        8950.   8.000000E-5            0.
        8960.   7.000000E-5            0.
        8970.   7.000000E-5            0.
        8980.   8.000000E-5            0.
        8990.   8.000000E-5            0.
        9000.   7.000000E-5            0.
        9010.   7.000000E-5            0.
        9020.   7.000000E-5            0.
        9030.   8.000000E-5            0.
        9040.   7.000000E-5            0.
        9050.   7.000000E-5            0.
        9060.   7.000000E-5            0.
        9070.   7.000000E-5            0.
        9080.   7.000000E-5            0.
        9090.   7.000000E-5            0.
        9100.   7.000000E-5            0.
        9110.   7.000000E-5            0.
        9120.   7.000000E-5            0.
        9130.   7.000000E-5            0.
        9140.   7.000000E-5            0.
        9150.   7.000000E-5            0.
        9160.   7.000000E-5            0.
        9170.   7.000000E-5            0.
        9180.   7.000000E-5            0.
        9190.   7.000000E-5            0.
        9200.   7.000000E-5            0.
        9210.   7.000000E-5            0.
        9220.   7.000000E-5            0.
        9230.   7.000000E-5            0.
        9240.   7.000000E-5            0.
        9250.   7.000000E-5            0.
        9260.   7.000000E-5            0.
        9270.   7.000000E-5            0.
        9280.   7.000000E-5            0.
        9290.   7.000000E-5            0.
        9300.   7.000000E-5            0.
        9310.   7.000000E-5            0.
        9320.   7.000000E-5            0.
        9330.   7.000000E-5            0.
        9340.   6.000000E-5            0.
        9350.   6.000000E-5            0.
        9360.   6.000000E-5            0.
        9370.   6.000000E-5            0.
        9380.   7.000000E-5            0.
        9390.   7.000000E-5            0.
        9400.   7.000000E-5            0.
        9410.   6.000000E-5            0.
        9420.   6.000000E-5            0.
        9430.   6.000000E-5            0.
        9440.   6.000000E-5            0.
        9450.   6.000000E-5            0.
        9460.   6.000000E-5            0.
        9470.   6.000000E-5            0.
        9480.   7.000000E-5            0.
        9490.   6.000000E-5            0.
        9500.   7.000000E-5            0.
        9510.   7.000000E-5            0.
        9520.   7.000000E-5            0.
        9530.   6.000000E-5            0.
        9540.   6.000000E-5            0.
        9550.   6.000000E-5            0.
        9560.   6.000000E-5            0.
        9570.   7.000000E-5            0.
        9580.   6.000000E-5            0.
        9590.   6.000000E-5            0.
        9600.   6.000000E-5            0.
        9610.   6.000000E-5            0.
        9620.   6.000000E-5            0.
        9630.   6.000000E-5            0.
        9640.   7.000000E-5            0.
        9650.   6.000000E-5            0.
        9660.   6.000000E-5            0.
        9670.   6.000000E-5            0.
        9680.   6.000000E-5            0.
        9690.   5.000000E-5            0.
        9700.   6.000000E-5            0.
        9710.   6.000000E-5            0.
        9720.   6.000000E-5            0.
        9730.   6.000000E-5            0.
        9740.   6.000000E-5            0.
        9750.   6.000000E-5            0.
        9760.   6.000000E-5            0.
        9770.   6.000000E-5            0.
        9780.   6.000000E-5            0.
        9790.   6.000000E-5            0.
        9800.   6.000000E-5            0.
        9810.   5.000000E-5            0.
        9820.   6.000000E-5            0.
        9830.   5.000000E-5            0.
        9840.   6.000000E-5            0.
        9850.   6.000000E-5            0.
        9860.   6.000000E-5            0.
        9870.   6.000000E-5            0.
        9880.   6.000000E-5            0.
        9890.   5.000000E-5            0.
        9900.   5.000000E-5            0.
        9910.   6.000000E-5            0.
        9920.   6.000000E-5            0.
        9930.   6.000000E-5            0.
        9940.   6.000000E-5            0.
        9950.   6.000000E-5            0.
        9960.   6.000000E-5            0.
        9970.   6.000000E-5            0.
        9980.   6.000000E-5            0.
        9990.   6.000000E-5            0.
       10000.   5.000000E-5            0.
       10010.   5.000000E-5            0.
       10020.   5.000000E-5            0.
       10030.   5.000000E-5            0.
       10040.   6.000000E-5            0.
       10050.   5.000000E-5            0.
       10060.   5.000000E-5            0.
       10070.   6.000000E-5            0.
       10080.   5.000000E-5            0.
       10090.   5.000000E-5            0.
       10100.   5.000000E-5            0.
       10110.   5.000000E-5            0.
       10120.   5.000000E-5            0.
       10130.   4.000000E-5            0.
       10140.   5.000000E-5            0.
       10150.   5.000000E-5            0.
       10160.   5.000000E-5            0.
       10170.   5.000000E-5            0.
       10180.   5.000000E-5            0.
       10190.   5.000000E-5            0.
       10200.   5.000000E-5            0.
       10210.   5.000000E-5            0.
       10220.   5.000000E-5            0.
       10230.   5.000000E-5            0.
       10240.   6.000000E-5            0.
       10250.   5.000000E-5            0.
       10260.   5.000000E-5            0.
       10270.   5.000000E-5            0.
       10280.   5.000000E-5            0.
       10290.   5.000000E-5            0.
       10300.   5.000000E-5            0.
       10310.   5.000000E-5            0.
       10320.   5.000000E-5            0.
       10330.   5.000000E-5            0.
       10340.   4.000000E-5            0.
       10350.   5.000000E-5            0.
       10360.   5.000000E-5            0.
       10370.   5.000000E-5            0.
       10380.   4.000000E-5            0.
       10390.   5.000000E-5            0.
       10400.   5.000000E-5            0.
       10410.   5.000000E-5            0.
       10420.   5.000000E-5            0.
       10430.   5.000000E-5            0.
       10440.   5.000000E-5            0.
       10450.   4.000000E-5            0.
       10460.   5.000000E-5            0.
       10470.   5.000000E-5            0.
       10480.   5.000000E-5            0.
       10490.   4.000000E-5            0.
       10500.   4.000000E-5            0.
       10510.   4.000000E-5            0.
       10520.   5.000000E-5            0.
       10530.   4.000000E-5            0.
       10540.   5.000000E-5            0.
       10550.   4.000000E-5            0.
       10560.   4.000000E-5            0.
       10570.   4.000000E-5            0.
       10580.   4.000000E-5            0.
       10590.   5.000000E-5            0.
       10600.   5.000000E-5            0.
       10610.   4.000000E-5            0.
       10620.   4.000000E-5            0.
       10630.   4.000000E-5            0.
       10640.   5.000000E-5            0.
       10650.   4.000000E-5            0.
       10660.   4.000000E-5            0.
       10670.   4.000000E-5            0.
       10680.   5.000000E-5            0.
       10690.   4.000000E-5            0.
       10700.   5.000000E-5            0.
       10710.   4.000000E-5            0.
       10720.   4.000000E-5            0.
       10730.   4.000000E-5            0.
       10740.   4.000000E-5            0.
       10750.   4.000000E-5            0.
       10760.   4.000000E-5            0.
       10770.   4.000000E-5            0.
       10780.   4.000000E-5            0.
       10790.   5.000000E-5            0.
       10800.   5.000000E-5            0.
       10810.   4.000000E-5            0.
       10820.   4.000000E-5            0.
       10830.   4.000000E-5            0.
       10840.   5.000000E-5            0.
       10850.   5.000000E-5            0.
       10860.   4.000000E-5            0.
       10870.   4.000000E-5            0.
       10880.   4.000000E-5            0.
       10890.   4.000000E-5            0.
       10900.   5.000000E-5            0.
       10910.   4.000000E-5            0.
       10920.   4.000000E-5            0.
       10930.   4.000000E-5            0.
       10940.   4.000000E-5            0.
       10950.   4.000000E-5            0.
       10960.   4.000000E-5            0.
       10970.   4.000000E-5            0.
       10980.   4.000000E-5            0.
       10990.   4.000000E-5            0.
       11000.   4.000000E-5            0.
       13000.            0.            0.
