         100.            0.            0.
        1860.   1.000000E-5            0.
        1870.            0.            0.
        1880.   1.000000E-5            0.
        1890.   4.000000E-5            0.
        1900.   5.000000E-5            0.
        1910.   2.000000E-5            0.
        1920.            0.            0.
        1930.            0.            0.
        1940.   1.000000E-5            0.
        1950.   5.000000E-5            0.
        1960.   4.000000E-5            0.
        1970.   4.000000E-5            0.
        1980.   3.000000E-5            0.
        1990.   3.000000E-5            0.
        2000.   4.000000E-5            0.
        2010.   2.000000E-5            0.
        2020.   1.000000E-5            0.
        2030.   1.000000E-5            0.
        2040.   1.000000E-5            0.
        2050.            0.            0.
        2060.            0.            0.
        2070.            0.            0.
        2080.   2.000000E-5            0.
        2090.   2.000000E-5            0.
        2100.   2.000000E-5            0.
        2110.   1.000000E-5            0.
        2120.   1.000000E-5            0.
        2130.   1.000000E-5            0.
        2140.   1.000000E-5            0.
        2150.   1.000000E-5            0.
        2160.   1.000000E-5            0.
        2170.   1.000000E-5            0.
        2180.            0.            0.
        2190.            0.            0.
        2200.            0.            0.
        2210.            0.            0.
        2220.            0.            0.
        2230.            0.            0.
        2240.            0.            0.
        2250.            0.            0.
        2260.   1.000000E-5            0.
        2270.            0.            0.
        2280.            0.            0.
        2290.            0.            0.
        2300.            0.            0.
        2310.            0.            0.
        2320.            0.            0.
        2330.            0.            0.
        2340.            0.            0.
        2350.            0.            0.
        2360.   1.000000E-5            0.
        2370.   1.000000E-5            0.
        2380.   1.000000E-5            0.
        2390.   1.000000E-5            0.
        2400.   1.000000E-5            0.
        2410.            0.            0.
        2420.            0.            0.
        2430.            0.            0.
        2440.            0.            0.
        2450.            0.            0.
        2460.            0.            0.
        2470.            0.            0.
        2480.            0.            0.
        2490.            0.            0.
        2500.            0.            0.
        2510.            0.            0.
        2520.            0.            0.
        2530.   1.000000E-5            0.
        2540.            0.            0.
        2550.            0.            0.
        2560.            0.            0.
        2570.            0.            0.
        2580.            0.            0.
        2590.            0.            0.
        2600.            0.            0.
        2610.            0.            0.
        2620.            0.            0.
        2630.            0.            0.
        2640.            0.            0.
        2650.            0.            0.
        2660.            0.            0.
        2670.            0.            0.
        2680.            0.            0.
        2690.            0.            0.
        2700.            0.            0.
        2710.            0.            0.
        2720.            0.            0.
        2730.            0.            0.
        2740.            0.            0.
        2750.            0.            0.
        2760.            0.            0.
        2770.            0.            0.
        2780.            0.            0.
        2790.            0.            0.
        2800.            0.            0.
        2810.            0.            0.
        2820.            0.            0.
        2830.            0.            0.
        2840.            0.            0.
        2850.            0.            0.
        2860.            0.            0.
        2870.            0.            0.
        2880.            0.            0.
        2890.            0.            0.
        2900.            0.            0.
        2910.            0.            0.
        2920.            0.            0.
        2930.            0.            0.
        2940.            0.            0.
        2950.            0.            0.
        2960.            0.            0.
        2970.            0.            0.
        2980.            0.            0.
        2990.            0.            0.
        3000.            0.            0.
        3010.            0.            0.
        3020.            0.            0.
        3030.            0.            0.
        3040.            0.            0.
        3050.            0.            0.
        3060.            0.            0.
        3070.            0.            0.
        3080.            0.            0.
        3090.            0.            0.
        3100.            0.            0.
        3110.            0.            0.
        3120.            0.            0.
        3130.            0.            0.
        3140.            0.            0.
        3150.            0.            0.
        3160.            0.            0.
        3170.            0.            0.
        3180.            0.            0.
        3190.            0.            0.
        3200.            0.            0.
        3210.            0.            0.
        3220.            0.            0.
        3230.            0.            0.
        3240.            0.            0.
        3250.            0.            0.
        3260.            0.            0.
        3270.            0.            0.
        3280.            0.            0.
        3290.            0.            0.
        3300.            0.            0.
        3310.            0.            0.
        3320.            0.            0.
        3330.            0.            0.
        3340.            0.            0.
        3350.            0.            0.
        3360.            0.            0.
        3370.            0.            0.
        3380.            0.            0.
        3390.            0.            0.
        3400.            0.            0.
        3410.            0.            0.
        3420.            0.            0.
        3430.            0.            0.
        3440.   1.000000E-5            0.
        3450.   1.000000E-5            0.
        3460.   1.000000E-5            0.
        3470.   1.000000E-5            0.
        3480.   1.000000E-5            0.
        3490.   2.000000E-5            0.
        3500.   5.000000E-5            0.
        3510.   1.200000E-4            0.
        3520.   2.800000E-4            0.
        3530.   6.000000E-4            0.
        3540.        0.0012            0.
        3550.       0.00227            0.
        3560.       0.00404            0.
        3570.       0.00673            0.
        3580.       0.01056            0.
        3590.       0.01549            0.
        3600.       0.02021            0.
        3640.       0.02981            0.
        3642.       0.03166            0.
        3644.       0.03368            0.
        3646.       0.03571            0.
        3648.       0.03771            0.
        3650.       0.03979            0.
        3652.       0.04191            0.
        3654.       0.04406            0.
        3656.       0.04629            0.
        3658.       0.04889            0.
        3660.       0.05154            0.
        3662.       0.05424            0.
        3664.       0.05705            0.
        3666.       0.05995            0.
        3668.       0.06305            0.
        3670.       0.06611            0.
        3672.       0.06923            0.
        3674.       0.07254            0.
        3676.       0.07594            0.
        3678.       0.07931            0.
        3680.       0.08278            0.
        3682.       0.08657            0.
        3684.       0.09039            0.
        3686.       0.09416            0.
        3688.       0.09798            0.
        3690.       0.10208            0.
        3692.       0.10627            0.
        3694.       0.11053            0.
        3696.       0.11491            0.
        3698.       0.11931            0.
        3700.       0.12367            0.
        3702.       0.12809            0.
        3704.       0.13263            0.
        3706.       0.13723            0.
        3708.       0.14183            0.
        3710.       0.14656            0.
        3712.        0.1512            0.
        3714.       0.15578            0.
        3716.       0.16026            0.
        3718.       0.16502            0.
        3720.       0.16995            0.
        3722.       0.17451            0.
        3724.       0.17918            0.
        3726.        0.1838            0.
        3728.       0.18839            0.
        3730.         0.193            0.
        3732.       0.19761            0.
        3734.       0.20226            0.
        3736.       0.20705            0.
        3738.       0.21163            0.
        3740.       0.21602            0.
        3742.       0.22054            0.
        3744.       0.22482            0.
        3746.       0.22918            0.
        3748.       0.23343            0.
        3750.       0.23757            0.
        3752.       0.24174            0.
        3754.       0.24583            0.
        3756.       0.24999            0.
        3758.       0.25419            0.
        3760.       0.25817            0.
        3762.       0.26218            0.
        3764.       0.26614            0.
        3766.       0.27004            0.
        3768.       0.27372            0.
        3770.       0.27746            0.
        3772.       0.28141            0.
        3774.       0.28551            0.
        3776.       0.28939            0.
        3778.       0.29317            0.
        3780.       0.29713            0.
        3782.       0.30101            0.
        3784.       0.30459            0.
        3786.       0.30843            0.
        3788.       0.31245            0.
        3790.       0.31635            0.
        3792.       0.32027            0.
        3794.       0.32417            0.
        3796.       0.32809            0.
        3798.       0.33203            0.
        3800.       0.33603            0.
        3802.        0.3403            0.
        3804.       0.34459            0.
        3806.       0.34861            0.
        3808.       0.35236            0.
        3810.       0.35657            0.
        3812.       0.36079            0.
        3814.       0.36501            0.
        3816.       0.36912            0.
        3818.       0.37338            0.
        3820.       0.37793            0.
        3822.        0.3826            0.
        3824.       0.38734            0.
        3826.       0.39208            0.
        3828.       0.39646            0.
        3830.       0.40101            0.
        3832.       0.40581            0.
        3834.       0.41057            0.
        3836.       0.41536            0.
        3838.       0.42004            0.
        3840.       0.42464            0.
        3842.       0.42944            0.
        3844.       0.43434            0.
        3846.        0.4394            0.
        3848.       0.44435            0.
        3850.       0.44908            0.
        3852.        0.4542            0.
        3854.       0.45936            0.
        3856.       0.46436            0.
        3858.       0.46948            0.
        3860.       0.47486            0.
        3862.       0.47993            0.
        3864.       0.48489            0.
        3866.       0.48993            0.
        3868.       0.49475            0.
        3870.       0.49939            0.
        3872.       0.50421            0.
        3874.       0.50939            0.
        3876.       0.51443            0.
        3878.       0.51902            0.
        3880.       0.52368            0.
        3882.       0.52834            0.
        3884.        0.5332            0.
        3886.       0.53764            0.
        3888.        0.5421            0.
        3890.       0.54683            0.
        3892.        0.5511            0.
        3894.       0.55554            0.
        3896.       0.56006            0.
        3898.         0.564            0.
        3900.       0.56796            0.
        3902.       0.57217            0.
        3904.       0.57644            0.
        3906.       0.58062            0.
        3908.       0.58403            0.
        3910.       0.58737            0.
        3912.       0.59107            0.
        3914.       0.59452            0.
        3916.       0.59737            0.
        3918.        0.6007            0.
        3920.        0.6045            0.
        3922.       0.60796            0.
        3924.       0.61108            0.
        3926.       0.61398            0.
        3928.        0.6164            0.
        3930.       0.61942            0.
        3932.       0.62246            0.
        3934.       0.62512            0.
        3936.        0.6274            0.
        3938.       0.62989            0.
        3940.       0.63259            0.
        3942.       0.63524            0.
        3944.       0.63779            0.
        3946.       0.63973            0.
        3948.       0.64141            0.
        3950.       0.64383            0.
        3952.       0.64645            0.
        3954.       0.64864            0.
        3956.       0.65039            0.
        3958.       0.65181            0.
        3960.       0.65369            0.
        3962.       0.65611            0.
        3964.       0.65795            0.
        3966.       0.65942            0.
        3968.       0.66149            0.
        3970.       0.66365            0.
        3972.       0.66529            0.
        3974.       0.66642            0.
        3976.       0.66812            0.
        3978.       0.67011            0.
        3980.       0.67219            0.
        3982.       0.67401            0.
        3984.       0.67587            0.
        3986.       0.67753            0.
        3988.       0.67901            0.
        3990.       0.68064            0.
        3992.        0.6824            0.
        3994.       0.68435            0.
        3996.       0.68641            0.
        3998.       0.68855            0.
        4000.       0.69059            0.
        4002.       0.69267            0.
        4004.       0.69465            0.
        4006.       0.69621            0.
        4008.       0.69803            0.
        4010.       0.70007            0.
        4012.       0.70203            0.
        4014.       0.70369            0.
        4016.       0.70525            0.
        4018.       0.70749            0.
        4020.       0.70989            0.
        4022.       0.71183            0.
        4024.       0.71351            0.
        4026.       0.71551            0.
        4028.       0.71761            0.
        4030.       0.71959            0.
        4032.       0.72125            0.
        4034.       0.72373            0.
        4036.       0.72633            0.
        4038.       0.72805            0.
        4040.       0.73013            0.
        4042.       0.73278            0.
        4044.        0.7353            0.
        4046.       0.73741            0.
        4048.       0.73909            0.
        4050.       0.74053            0.
        4052.       0.74266            0.
        4054.       0.74529            0.
        4056.       0.74803            0.
        4058.       0.75031            0.
        4060.       0.75193            0.
        4062.       0.75366            0.
        4064.       0.75589            0.
        4066.       0.75813            0.
        4068.       0.76031            0.
        4070.       0.76235            0.
        4072.       0.76442            0.
        4074.       0.76673            0.
        4076.       0.76883            0.
        4078.       0.77043            0.
        4080.       0.77179            0.
        4082.       0.77338            0.
        4084.       0.77533            0.
        4086.       0.77777            0.
        4088.       0.78027            0.
        4090.       0.78177            0.
        4092.       0.78313            0.
        4094.       0.78485            0.
        4096.       0.78668            0.
        4098.       0.78796            0.
        4100.       0.78937            0.
        4102.       0.79081            0.
        4104.       0.79205            0.
        4106.       0.79355            0.
        4108.       0.79507            0.
        4110.       0.79615            0.
        4112.       0.79779            0.
        4114.       0.79963            0.
        4116.       0.80077            0.
        4118.       0.80171            0.
        4120.       0.80235            0.
        4122.       0.80309            0.
        4124.       0.80405            0.
        4126.       0.80483            0.
        4128.       0.80549            0.
        4130.       0.80671            0.
        4132.       0.80787            0.
        4134.        0.8086            0.
        4136.       0.80895            0.
        4138.       0.80913            0.
        4140.       0.80985            0.
        4142.       0.81084            0.
        4144.       0.81089            0.
        4146.       0.81121            0.
        4148.       0.81209            0.
        4150.       0.81282            0.
        4152.        0.8131            0.
        4154.        0.8129            0.
        4156.       0.81269            0.
        4158.       0.81255            0.
        4160.        0.8129            0.
        4162.       0.81322            0.
        4164.        0.8133            0.
        4166.       0.81352            0.
        4168.       0.81374            0.
        4170.        0.8138            0.
        4172.       0.81398            0.
        4174.       0.81382            0.
        4176.       0.81342            0.
        4178.       0.81331            0.
        4180.       0.81379            0.
        4182.       0.81336            0.
        4184.       0.81304            0.
        4186.       0.81328            0.
        4188.       0.81331            0.
        4190.       0.81332            0.
        4192.       0.81352            0.
        4194.       0.81348            0.
        4196.       0.81372            0.
        4198.        0.8134            0.
        4200.       0.81266            0.
        4202.       0.81242            0.
        4204.       0.81222            0.
        4206.       0.81262            0.
        4208.       0.81338            0.
        4210.        0.8132            0.
        4212.       0.81286            0.
        4214.       0.81316            0.
        4216.       0.81336            0.
        4218.       0.81328            0.
        4220.         0.813            0.
        4222.        0.8133            0.
        4224.       0.81374            0.
        4226.       0.81397            0.
        4228.       0.81459            0.
        4230.         0.815            0.
        4232.       0.81466            0.
        4234.       0.81473            0.
        4236.       0.81535            0.
        4238.       0.81591            0.
        4240.       0.81625            0.
        4242.       0.81681            0.
        4244.       0.81707            0.
        4246.       0.81744            0.
        4248.       0.81809            0.
        4250.       0.81868            0.
        4252.       0.81954            0.
        4254.        0.8205            0.
        4256.       0.82109            0.
        4258.       0.82179            0.
        4260.       0.82241            0.
        4262.       0.82371            0.
        4264.       0.82495            0.
        4266.       0.82603            0.
        4268.       0.82724            0.
        4270.       0.82756            0.
        4272.       0.82853            0.
        4274.       0.83005            0.
        4276.       0.83131            0.
        4278.       0.83239            0.
        4280.       0.83343            0.
        4282.       0.83446            0.
        4284.       0.83576            0.
        4286.       0.83684            0.
        4288.       0.83833            0.
        4290.       0.83969            0.
        4292.       0.84137            0.
        4294.       0.84339            0.
        4296.       0.84468            0.
        4298.        0.8457            0.
        4300.       0.84734            0.
        4302.       0.84906            0.
        4304.        0.8503            0.
        4306.       0.85161            0.
        4308.       0.85316            0.
        4310.       0.85433            0.
        4312.       0.85567            0.
        4314.       0.85737            0.
        4316.       0.85895            0.
        4318.       0.86029            0.
        4320.       0.86159            0.
        4322.       0.86297            0.
        4324.       0.86467            0.
        4326.       0.86571            0.
        4328.       0.86679            0.
        4330.       0.86831            0.
        4332.       0.86987            0.
        4334.       0.87131            0.
        4336.       0.87255            0.
        4338.       0.87351            0.
        4340.       0.87464            0.
        4342.       0.87639            0.
        4344.       0.87767            0.
        4346.       0.87887            0.
        4348.       0.88073            0.
        4350.       0.88197            0.
        4352.       0.88269            0.
        4354.       0.88391            0.
        4356.       0.88515            0.
        4358.       0.88575            0.
        4360.       0.88636            0.
        4362.       0.88752            0.
        4364.       0.88848            0.
        4366.       0.88863            0.
        4368.       0.88929            0.
        4370.       0.89006            0.
        4372.       0.89046            0.
        4374.        0.8908            0.
        4376.       0.89136            0.
        4378.       0.89106            0.
        4380.       0.89081            0.
        4382.       0.89081            0.
        4384.       0.89129            0.
        4386.       0.89114            0.
        4388.       0.89126            0.
        4390.       0.89131            0.
        4392.       0.89098            0.
        4394.       0.89018            0.
        4396.       0.88984            0.
        4398.       0.88928            0.
        4400.       0.88889            0.
        4402.       0.88855            0.
        4404.       0.88791            0.
        4406.        0.8868            0.
        4408.       0.88646            0.
        4410.        0.8859            0.
        4412.       0.88492            0.
        4414.       0.88408            0.
        4416.       0.88362            0.
        4418.       0.88272            0.
        4420.       0.88166            0.
        4422.        0.8808            0.
        4424.        0.8798            0.
        4426.        0.8781            0.
        4428.       0.87644            0.
        4430.       0.87549            0.
        4432.       0.87455            0.
        4434.       0.87304            0.
        4436.        0.8713            0.
        4438.       0.86981            0.
        4440.       0.86861            0.
        4442.       0.86746            0.
        4444.       0.86602            0.
        4446.       0.86514            0.
        4448.       0.86418            0.
        4450.       0.86246            0.
        4452.        0.8606            0.
        4454.       0.85916            0.
        4456.       0.85742            0.
        4458.       0.85616            0.
        4460.       0.85528            0.
        4462.       0.85388            0.
        4464.       0.85202            0.
        4466.       0.85035            0.
        4468.       0.84877            0.
        4470.       0.84753            0.
        4472.       0.84645            0.
        4474.       0.84576            0.
        4476.       0.84456            0.
        4478.       0.84324            0.
        4480.       0.84224            0.
        4482.        0.8411            0.
        4484.       0.83996            0.
        4486.       0.83926            0.
        4488.       0.83818            0.
        4490.       0.83685            0.
        4492.       0.83611            0.
        4494.       0.83542            0.
        4496.       0.83436            0.
        4498.       0.83346            0.
        4500.       0.83251            0.
        4502.       0.83119            0.
        4504.       0.83061            0.
        4506.       0.83028            0.
        4508.       0.82992            0.
        4510.       0.82968            0.
        4512.       0.82966            0.
        4514.       0.82956            0.
        4516.        0.8299            0.
        4518.        0.8303            0.
        4520.        0.8304            0.
        4522.       0.83006            0.
        4524.        0.8295            0.
        4526.       0.82988            0.
        4528.       0.83078            0.
        4530.       0.83088            0.
        4532.       0.83098            0.
        4534.         0.831            0.
        4536.        0.8311            0.
        4538.       0.83099            0.
        4540.       0.83125            0.
        4542.       0.83203            0.
        4544.       0.83341            0.
        4546.       0.83486            0.
        4548.       0.83521            0.
        4550.       0.83557            0.
        4552.       0.83665            0.
        4554.       0.83834            0.
        4556.       0.83958            0.
        4558.       0.84048            0.
        4560.       0.84087            0.
        4562.       0.84169            0.
        4564.       0.84338            0.
        4566.       0.84482            0.
        4568.       0.84571            0.
        4570.       0.84703            0.
        4572.       0.84843            0.
        4574.       0.84971            0.
        4576.       0.85069            0.
        4578.       0.85223            0.
        4580.       0.85428            0.
        4582.       0.85652            0.
        4584.       0.85782            0.
        4586.       0.85879            0.
        4588.       0.85993            0.
        4590.       0.86151            0.
        4592.       0.86345            0.
        4594.       0.86516            0.
        4596.       0.86661            0.
        4598.       0.86829            0.
        4600.       0.87025            0.
        4602.       0.87187            0.
        4604.       0.87315            0.
        4606.       0.87467            0.
        4608.       0.87661            0.
        4610.       0.87859            0.
        4612.       0.88043            0.
        4614.       0.88147            0.
        4616.       0.88211            0.
        4618.       0.88343            0.
        4620.       0.88519            0.
        4622.       0.88689            0.
        4624.       0.88857            0.
        4626.       0.89029            0.
        4628.       0.89117            0.
        4630.       0.89185            0.
        4632.       0.89328            0.
        4634.       0.89494            0.
        4636.        0.8963            0.
        4638.       0.89655            0.
        4640.       0.89707            0.
        4642.       0.89832            0.
        4644.       0.89905            0.
        4646.       0.89907            0.
        4648.       0.89966            0.
        4650.       0.90057            0.
        4652.       0.90111            0.
        4654.       0.90201            0.
        4656.       0.90286            0.
        4658.       0.90298            0.
        4660.       0.90344            0.
        4662.       0.90432            0.
        4664.       0.90434            0.
        4666.       0.90373            0.
        4668.       0.90376            0.
        4670.       0.90348            0.
        4672.       0.90306            0.
        4674.       0.90234            0.
        4676.       0.90194            0.
        4678.       0.90162            0.
        4680.       0.90093            0.
        4682.       0.89981            0.
        4684.       0.89895            0.
        4686.       0.89808            0.
        4688.       0.89784            0.
        4690.       0.89714            0.
        4692.       0.89611            0.
        4694.       0.89433            0.
        4696.        0.8927            0.
        4698.       0.89166            0.
        4700.       0.89088            0.
        4702.       0.88948            0.
        4704.       0.88796            0.
        4706.        0.8863            0.
        4708.       0.88484            0.
        4710.       0.88326            0.
        4712.       0.88112            0.
        4714.       0.87916            0.
        4716.        0.8777            0.
        4718.       0.87546            0.
        4720.       0.87312            0.
        4722.       0.87085            0.
        4724.       0.86887            0.
        4726.       0.86717            0.
        4728.       0.86501            0.
        4730.       0.86313            0.
        4732.       0.86133            0.
        4734.       0.85939            0.
        4736.       0.85745            0.
        4738.       0.85551            0.
        4740.       0.85317            0.
        4742.        0.8511            0.
        4744.       0.84935            0.
        4746.       0.84753            0.
        4748.       0.84523            0.
        4750.       0.84363            0.
        4752.        0.8416            0.
        4754.       0.83898            0.
        4756.       0.83682            0.
        4758.       0.83516            0.
        4760.       0.83289            0.
        4762.       0.83039            0.
        4764.       0.82837            0.
        4766.       0.82675            0.
        4768.       0.82465            0.
        4770.       0.82291            0.
        4772.        0.8214            0.
        4774.       0.81964            0.
        4776.       0.81798            0.
        4778.       0.81674            0.
        4780.        0.8151            0.
        4782.       0.81357            0.
        4784.       0.81199            0.
        4786.       0.81036            0.
        4788.       0.80936            0.
        4790.       0.80842            0.
        4792.        0.8071            0.
        4794.        0.8057            0.
        4796.       0.80466            0.
        4798.       0.80382            0.
        4800.        0.8025            0.
        4802.       0.80142            0.
        4804.       0.80026            0.
        4806.       0.79934            0.
        4808.       0.79832            0.
        4810.       0.79718            0.
        4812.       0.79651            0.
        4814.       0.79664            0.
        4816.       0.79622            0.
        4818.       0.79514            0.
        4820.        0.7944            0.
        4822.       0.79382            0.
        4824.        0.7935            0.
        4826.       0.79346            0.
        4828.       0.79316            0.
        4830.       0.79236            0.
        4832.       0.79228            0.
        4834.       0.79238            0.
        4836.       0.79234            0.
        4838.       0.79254            0.
        4840.       0.79278            0.
        4842.       0.79224            0.
        4844.        0.7921            0.
        4846.       0.79256            0.
        4848.       0.79282            0.
        4850.       0.79266            0.
        4852.       0.79269            0.
        4854.       0.79277            0.
        4856.        0.7934            0.
        4858.       0.79372            0.
        4860.       0.79365            0.
        4862.       0.79384            0.
        4864.       0.79412            0.
        4866.       0.79457            0.
        4868.       0.79543            0.
        4870.       0.79614            0.
        4872.       0.79662            0.
        4874.       0.79703            0.
        4876.       0.79768            0.
        4878.       0.79838            0.
        4880.       0.79874            0.
        4882.        0.7992            0.
        4884.       0.79992            0.
        4886.        0.8005            0.
        4888.       0.80085            0.
        4890.       0.80154            0.
        4892.       0.80238            0.
        4894.       0.80328            0.
        4896.       0.80405            0.
        4898.       0.80415            0.
        4900.       0.80465            0.
        4902.       0.80591            0.
        4904.        0.8071            0.
        4906.       0.80752            0.
        4908.       0.80757            0.
        4910.       0.80824            0.
        4912.       0.80914            0.
        4914.       0.80993            0.
        4916.       0.81073            0.
        4918.       0.81127            0.
        4920.       0.81199            0.
        4922.       0.81292            0.
        4924.        0.8136            0.
        4926.        0.8144            0.
        4928.       0.81482            0.
        4930.       0.81538            0.
        4932.         0.816            0.
        4934.       0.81664            0.
        4936.       0.81718            0.
        4938.       0.81768            0.
        4940.       0.81808            0.
        4942.       0.81839            0.
        4944.       0.81914            0.
        4946.       0.82002            0.
        4948.       0.82084            0.
        4950.        0.8214            0.
        4952.       0.82204            0.
        4954.       0.82328            0.
        4956.       0.82408            0.
        4958.       0.82436            0.
        4960.        0.8247            0.
        4962.       0.82588            0.
        4964.         0.827            0.
        4966.        0.8275            0.
        4968.       0.82826            0.
        4970.       0.82942            0.
        4972.       0.83067            0.
        4974.       0.83179            0.
        4976.       0.83263            0.
        4978.       0.83337            0.
        4980.       0.83441            0.
        4982.       0.83553            0.
        4984.       0.83705            0.
        4986.       0.83837            0.
        4988.       0.83957            0.
        4990.       0.84101            0.
        4992.       0.84255            0.
        4994.       0.84425            0.
        4996.       0.84605            0.
        4998.       0.84795            0.
        5000.       0.84978            0.
        5002.       0.85129            0.
        5004.       0.85289            0.
        5006.       0.85469            0.
        5008.       0.85699            0.
        5010.       0.85939            0.
        5012.       0.86135            0.
        5014.       0.86337            0.
        5016.       0.86563            0.
        5018.       0.86801            0.
        5020.       0.87029            0.
        5022.       0.87299            0.
        5024.       0.87553            0.
        5026.       0.87729            0.
        5028.        0.8795            0.
        5030.       0.88255            0.
        5032.       0.88553            0.
        5034.       0.88851            0.
        5036.       0.89021            0.
        5038.       0.89196            0.
        5040.       0.89497            0.
        5042.       0.89787            0.
        5044.       0.89989            0.
        5046.       0.90209            0.
        5048.       0.90385            0.
        5050.       0.90581            0.
        5052.       0.90757            0.
        5054.       0.90867            0.
        5056.       0.90923            0.
        5058.       0.91009            0.
        5060.       0.91078            0.
        5062.       0.91093            0.
        5064.       0.91005            0.
        5066.       0.90905            0.
        5068.       0.90817            0.
        5070.       0.90631            0.
        5072.       0.90377            0.
        5074.       0.90077            0.
        5076.       0.89674            0.
        5078.       0.89266            0.
        5080.       0.88766            0.
        5082.       0.88187            0.
        5084.       0.87558            0.
        5086.       0.86815            0.
        5088.       0.85976            0.
        5090.       0.85093            0.
        5092.       0.84147            0.
        5094.       0.83046            0.
        5096.       0.81848            0.
        5098.       0.80653            0.
        5100.        0.7936            0.
        5102.       0.77954            0.
        5104.       0.76482            0.
        5106.        0.7497            0.
        5108.       0.73466            0.
        5110.       0.71868            0.
        5112.       0.70129            0.
        5114.       0.68385            0.
        5116.       0.66609            0.
        5118.       0.64763            0.
        5120.       0.62923            0.
        5122.        0.6111            0.
        5124.       0.59227            0.
        5126.       0.57328            0.
        5128.       0.55433            0.
        5130.       0.53543            0.
        5132.       0.51648            0.
        5134.       0.49793            0.
        5136.        0.4798            0.
        5138.       0.46198            0.
        5140.       0.44436            0.
        5142.       0.42728            0.
        5144.       0.41038            0.
        5146.       0.39386            0.
        5148.       0.37784            0.
        5150.       0.36232            0.
        5152.        0.3473            0.
        5154.       0.33274            0.
        5156.       0.31848            0.
        5158.       0.30481            0.
        5160.       0.29156            0.
        5162.         0.279            0.
        5164.       0.26716            0.
        5166.       0.25571            0.
        5168.       0.24451            0.
        5170.        0.2339            0.
        5172.       0.22375            0.
        5174.       0.21389            0.
        5176.       0.20432            0.
        5178.        0.1952            0.
        5180.       0.18658            0.
        5182.       0.17832            0.
        5184.       0.17039            0.
        5186.        0.1629            0.
        5188.       0.15568            0.
        5190.       0.14889            0.
        5192.        0.1424            0.
        5194.       0.13607            0.
        5196.       0.13011            0.
        5198.       0.12448            0.
        5200.       0.11911            0.
        5202.       0.11392            0.
        5204.       0.10909            0.
        5206.       0.10442            0.
        5208.       0.09993            0.
        5210.       0.09576            0.
        5212.       0.09175            0.
        5214.       0.08785            0.
        5216.       0.08423            0.
        5218.       0.08074            0.
        5220.       0.07739            0.
        5222.       0.07425            0.
        5224.       0.07128            0.
        5226.       0.06837            0.
        5228.       0.06565            0.
        5230.       0.06307            0.
        5232.       0.06054            0.
        5234.       0.05816            0.
        5236.       0.05578            0.
        5238.       0.05363            0.
        5240.       0.05157            0.
        5242.       0.04955            0.
        5244.        0.0476            0.
        5246.       0.04577            0.
        5248.       0.04409            0.
        5250.       0.04247            0.
        5252.       0.04093            0.
        5254.        0.0394            0.
        5256.        0.0379            0.
        5258.       0.03654            0.
        5260.        0.0352            0.
        5262.        0.0339            0.
        5264.       0.03272            0.
        5266.       0.03163            0.
        5268.       0.03053            0.
        5270.       0.02388            0.
        5280.       0.02024            0.
        5290.       0.01724            0.
        5300.       0.01477            0.
        5310.       0.01272            0.
        5320.       0.01101            0.
        5330.       0.00957            0.
        5340.       0.00835            0.
        5350.       0.00733            0.
        5360.       0.00646            0.
        5370.       0.00571            0.
        5380.       0.00506            0.
        5390.       0.00451            0.
        5400.       0.00403            0.
        5410.       0.00361            0.
        5420.       0.00325            0.
        5430.       0.00293            0.
        5440.       0.00265            0.
        5450.       0.00241            0.
        5460.       0.00219            0.
        5470.         0.002            0.
        5480.       0.00183            0.
        5490.       0.00167            0.
        5500.       0.00154            0.
        5510.       0.00142            0.
        5520.       0.00131            0.
        5530.       0.00121            0.
        5540.       0.00112            0.
        5550.       0.00104            0.
        5560.   9.700000E-4            0.
        5570.   9.000000E-4            0.
        5580.   8.400000E-4            0.
        5590.   7.900000E-4            0.
        5600.   7.400000E-4            0.
        5610.   6.900000E-4            0.
        5620.   6.500000E-4            0.
        5630.   6.200000E-4            0.
        5640.   5.800000E-4            0.
        5650.   5.500000E-4            0.
        5660.   5.200000E-4            0.
        5670.   4.900000E-4            0.
        5680.   4.700000E-4            0.
        5690.   4.600000E-4            0.
        5700.   4.200000E-4            0.
        5710.   4.000000E-4            0.
        5720.   3.800000E-4            0.
        5730.   3.600000E-4            0.
        5740.   3.500000E-4            0.
        5750.   3.300000E-4            0.
        5760.   3.200000E-4            0.
        5770.   3.000000E-4            0.
        5780.   2.900000E-4            0.
        5790.   2.800000E-4            0.
        5800.   2.700000E-4            0.
        5810.   2.600000E-4            0.
        5820.   2.500000E-4            0.
        5830.   2.400000E-4            0.
        5840.   2.300000E-4            0.
        5850.   2.200000E-4            0.
        5860.   2.100000E-4            0.
        5870.   2.100000E-4            0.
        5880.   2.000000E-4            0.
        5890.   2.000000E-4            0.
        5900.   1.900000E-4            0.
        5910.   1.800000E-4            0.
        5920.   1.800000E-4            0.
        5930.   1.700000E-4            0.
        5940.   1.700000E-4            0.
        5950.   1.600000E-4            0.
        5960.   1.600000E-4            0.
        5970.   1.500000E-4            0.
        5980.   1.500000E-4            0.
        5990.   1.500000E-4            0.
        6000.   1.400000E-4            0.
        6010.   1.400000E-4            0.
        6020.   1.300000E-4            0.
        6030.   1.300000E-4            0.
        6040.   1.300000E-4            0.
        6050.   1.300000E-4            0.
        6060.   1.200000E-4            0.
        6070.   1.200000E-4            0.
        6080.   1.200000E-4            0.
        6090.   1.200000E-4            0.
        6100.   1.100000E-4            0.
        6110.   1.100000E-4            0.
        6120.   1.100000E-4            0.
        6130.   1.000000E-4            0.
        6140.   1.000000E-4            0.
        6150.   1.000000E-4            0.
        6160.   1.000000E-4            0.
        6170.   1.000000E-4            0.
        6180.   1.000000E-4            0.
        6190.   9.000000E-5            0.
        6200.   9.000000E-5            0.
        6210.   9.000000E-5            0.
        6220.   9.000000E-5            0.
        6230.   9.000000E-5            0.
        6240.   8.000000E-5            0.
        6250.   8.000000E-5            0.
        6260.   8.000000E-5            0.
        6270.   8.000000E-5            0.
        6280.   8.000000E-5            0.
        6290.   8.000000E-5            0.
        6300.   8.000000E-5            0.
        6310.   8.000000E-5            0.
        6320.   7.000000E-5            0.
        6330.   7.000000E-5            0.
        6340.   7.000000E-5            0.
        6350.   7.000000E-5            0.
        6360.   7.000000E-5            0.
        6370.   7.000000E-5            0.
        6380.   7.000000E-5            0.
        6390.   7.000000E-5            0.
        6400.   6.000000E-5            0.
        6410.   6.000000E-5            0.
        6420.   6.000000E-5            0.
        6430.   6.000000E-5            0.
        6440.   6.000000E-5            0.
        6450.   6.000000E-5            0.
        6460.   6.000000E-5            0.
        6470.   6.000000E-5            0.
        6480.   6.000000E-5            0.
        6490.   6.000000E-5            0.
        6500.   5.000000E-5            0.
        6510.   5.000000E-5            0.
        6520.   5.000000E-5            0.
        6530.   5.000000E-5            0.
        6540.   5.000000E-5            0.
        6550.   5.000000E-5            0.
        6560.   5.000000E-5            0.
        6570.   5.000000E-5            0.
        6580.   5.000000E-5            0.
        6590.   5.000000E-5            0.
        6600.   5.000000E-5            0.
        6610.   5.000000E-5            0.
        6620.   5.000000E-5            0.
        6630.   4.000000E-5            0.
        6640.   4.000000E-5            0.
        6650.   4.000000E-5            0.
        6660.   4.000000E-5            0.
        6670.   4.000000E-5            0.
        6680.   4.000000E-5            0.
        6690.   4.000000E-5            0.
        6700.   4.000000E-5            0.
        6710.   4.000000E-5            0.
        6720.   4.000000E-5            0.
        6730.   4.000000E-5            0.
        6740.   4.000000E-5            0.
        6750.   4.000000E-5            0.
        6760.   4.000000E-5            0.
        6770.   4.000000E-5            0.
        6780.   4.000000E-5            0.
        6790.   4.000000E-5            0.
        6800.   4.000000E-5            0.
        6810.   4.000000E-5            0.
        6820.   4.000000E-5            0.
        6830.   4.000000E-5            0.
        6840.   4.000000E-5            0.
        6850.   4.000000E-5            0.
        6860.   4.000000E-5            0.
        6870.   4.000000E-5            0.
        6880.   4.000000E-5            0.
        6890.   4.000000E-5            0.
        6900.   4.000000E-5            0.
        6910.   4.000000E-5            0.
        6920.   4.000000E-5            0.
        6930.   4.000000E-5            0.
        6940.   4.000000E-5            0.
        6950.   4.000000E-5            0.
        6960.   4.000000E-5            0.
        6970.   4.000000E-5            0.
        6980.   4.000000E-5            0.
        6990.   4.000000E-5            0.
        7000.   4.000000E-5            0.
        7010.   4.000000E-5            0.
        7020.   4.000000E-5            0.
        7030.   4.000000E-5            0.
        7040.   4.000000E-5            0.
        7050.   4.000000E-5            0.
        7060.   5.000000E-5            0.
        7070.   5.000000E-5            0.
        7080.   5.000000E-5            0.
        7090.   5.000000E-5            0.
        7100.   5.000000E-5            0.
        7110.   6.000000E-5            0.
        7120.   6.000000E-5            0.
        7130.   6.000000E-5            0.
        7140.   7.000000E-5            0.
        7150.   7.000000E-5            0.
        7160.   8.000000E-5            0.
        7170.   8.000000E-5            0.
        7180.   9.000000E-5            0.
        7190.   1.000000E-4            0.
        7200.   1.000000E-4            0.
        7210.   1.000000E-4            0.
        7220.   1.100000E-4            0.
        7230.   1.100000E-4            0.
        7240.   1.000000E-4            0.
        7250.   1.000000E-4            0.
        7260.   9.000000E-5            0.
        7270.   8.000000E-5            0.
        7280.   7.000000E-5            0.
        7290.   6.000000E-5            0.
        7300.   5.000000E-5            0.
        7310.   5.000000E-5            0.
        7320.   4.000000E-5            0.
        7330.   3.000000E-5            0.
        7340.   3.000000E-5            0.
        7350.   2.000000E-5            0.
        7360.   2.000000E-5            0.
        7370.   2.000000E-5            0.
        7380.   1.000000E-5            0.
        7390.   1.000000E-5            0.
        7400.   1.000000E-5            0.
        7410.   1.000000E-5            0.
        7420.   1.000000E-5            0.
        7430.   1.000000E-5            0.
        7440.   1.000000E-5            0.
        7450.   1.000000E-5            0.
        7460.   1.000000E-5            0.
        7470.            0.            0.
        7480.            0.            0.
        7490.            0.            0.
        7500.            0.            0.
        7510.            0.            0.
        7520.            0.            0.
        7530.            0.            0.
        7540.            0.            0.
        7550.            0.            0.
        7560.            0.            0.
        7570.            0.            0.
        7580.            0.            0.
        7590.            0.            0.
        7600.            0.            0.
        7610.            0.            0.
        7620.            0.            0.
        7630.            0.            0.
        7640.            0.            0.
        7650.            0.            0.
        7660.            0.            0.
        7670.            0.            0.
        7680.            0.            0.
        7690.            0.            0.
        7700.            0.            0.
        7710.            0.            0.
        7720.            0.            0.
        7730.            0.            0.
        7740.            0.            0.
        7750.            0.            0.
        7760.            0.            0.
        7770.            0.            0.
        7780.            0.            0.
        7790.            0.            0.
        7800.            0.            0.
        7810.            0.            0.
        7820.            0.            0.
        7830.            0.            0.
        7840.            0.            0.
        7850.            0.            0.
        7860.            0.            0.
        7870.            0.            0.
        7880.            0.            0.
        7890.            0.            0.
        7900.            0.            0.
        7910.            0.            0.
        7920.            0.            0.
        7930.            0.            0.
        7940.            0.            0.
        7950.            0.            0.
        7960.            0.            0.
        7970.            0.            0.
        7980.            0.            0.
        7990.            0.            0.
        8000.   1.000000E-5            0.
        8010.            0.            0.
        8020.            0.            0.
        8030.   1.000000E-5            0.
        8040.   1.000000E-5            0.
        8050.   1.000000E-5            0.
        8060.            0.            0.
        8070.            0.            0.
        8080.            0.            0.
        8090.            0.            0.
        8100.   1.000000E-5            0.
        8110.   1.000000E-5            0.
        8120.   1.000000E-5            0.
        8130.   1.000000E-5            0.
        8140.   1.000000E-5            0.
        8150.   1.000000E-5            0.
        8160.   1.000000E-5            0.
        8170.   1.000000E-5            0.
        8180.   1.000000E-5            0.
        8190.   1.000000E-5            0.
        8200.   1.000000E-5            0.
        8210.   1.000000E-5            0.
        8220.   1.000000E-5            0.
        8230.   1.000000E-5            0.
        8240.   1.000000E-5            0.
        8250.            0.            0.
        8260.            0.            0.
        8270.            0.            0.
        8280.            0.            0.
        8290.            0.            0.
        8300.   1.000000E-5            0.
        8310.   1.000000E-5            0.
        8320.   1.000000E-5            0.
        8330.            0.            0.
        8340.            0.            0.
        8350.            0.            0.
        8360.            0.            0.
        8370.            0.            0.
        8380.            0.            0.
        8390.   1.000000E-5            0.
        8400.   1.000000E-5            0.
        8410.   1.000000E-5            0.
        8420.   1.000000E-5            0.
        8430.   1.000000E-5            0.
        8440.            0.            0.
        8450.            0.            0.
        8460.            0.            0.
        8470.            0.            0.
        8480.            0.            0.
        8490.            0.            0.
        8500.   1.000000E-5            0.
        8510.   1.000000E-5            0.
        8520.            0.            0.
        8530.            0.            0.
        8540.            0.            0.
        8550.            0.            0.
        8560.            0.            0.
        8570.            0.            0.
        8580.            0.            0.
        8590.            0.            0.
        8600.            0.            0.
        8610.   1.000000E-5            0.
        8620.            0.            0.
        8630.            0.            0.
        8640.   1.000000E-5            0.
        8650.   1.000000E-5            0.
        8660.   1.000000E-5            0.
        8670.   1.000000E-5            0.
        8680.   1.000000E-5            0.
        8690.            0.            0.
        8700.            0.            0.
        8710.   1.000000E-5            0.
        8720.            0.            0.
        8730.            0.            0.
        8740.            0.            0.
        8750.            0.            0.
        8760.   1.000000E-5            0.
        8770.   1.000000E-5            0.
        8780.            0.            0.
        8790.            0.            0.
        8800.            0.            0.
        8810.   1.000000E-5            0.
        8820.   1.000000E-5            0.
        8830.            0.            0.
        8840.            0.            0.
        8850.            0.            0.
        8860.            0.            0.
        8870.            0.            0.
        8880.            0.            0.
        8890.   1.000000E-5            0.
        8900.            0.            0.
        8910.            0.            0.
        8920.            0.            0.
        8930.   1.000000E-5            0.
        8940.   1.000000E-5            0.
        8950.   1.000000E-5            0.
        8960.   1.000000E-5            0.
        8970.   1.000000E-5            0.
        8980.   1.000000E-5            0.
        8990.   1.000000E-5            0.
        9000.   1.000000E-5            0.
        9010.   1.000000E-5            0.
        9020.   1.000000E-5            0.
        9030.   1.000000E-5            0.
        9040.   1.000000E-5            0.
        9050.   1.000000E-5            0.
        9060.            0.            0.
        9070.   1.000000E-5            0.
        9080.   1.000000E-5            0.
        9090.   1.000000E-5            0.
        9100.   1.000000E-5            0.
        9110.   1.000000E-5            0.
        9120.   1.000000E-5            0.
        9130.   1.000000E-5            0.
        9140.            0.            0.
        9150.            0.            0.
        9160.            0.            0.
        9170.            0.            0.
        9180.            0.            0.
        9190.            0.            0.
        9200.            0.            0.
        9210.            0.            0.
        9220.            0.            0.
        9230.            0.            0.
        9240.   1.000000E-5            0.
        9250.   1.000000E-5            0.
        9260.            0.            0.
        9270.            0.            0.
        9280.            0.            0.
        9290.            0.            0.
        9300.            0.            0.
        9310.   1.000000E-5            0.
        9320.   1.000000E-5            0.
        9330.            0.            0.
        9340.            0.            0.
        9350.            0.            0.
        9360.            0.            0.
        9370.   1.000000E-5            0.
        9380.   1.000000E-5            0.
        9390.   1.000000E-5            0.
        9400.   1.000000E-5            0.
        9410.            0.            0.
        9420.            0.            0.
        9430.            0.            0.
        9440.            0.            0.
        9450.            0.            0.
        9460.            0.            0.
        9470.   1.000000E-5            0.
        9480.            0.            0.
        9490.            0.            0.
        9500.            0.            0.
        9510.            0.            0.
        9520.            0.            0.
        9530.            0.            0.
        9540.            0.            0.
        9550.            0.            0.
        9560.            0.            0.
        9570.            0.            0.
        9580.   1.000000E-5            0.
        9590.   1.000000E-5            0.
        9600.            0.            0.
        9610.   1.000000E-5            0.
        9620.   1.000000E-5            0.
        9630.   1.000000E-5            0.
        9640.            0.            0.
        9650.            0.            0.
        9660.            0.            0.
        9670.            0.            0.
        9680.            0.            0.
        9690.            0.            0.
        9700.            0.            0.
        9710.            0.            0.
        9720.            0.            0.
        9730.            0.            0.
        9740.   1.000000E-5            0.
        9750.   1.000000E-5            0.
        9760.            0.            0.
        9770.            0.            0.
        9780.            0.            0.
        9790.            0.            0.
        9800.            0.            0.
        9810.            0.            0.
        9820.            0.            0.
        9830.   1.000000E-5            0.
        9840.   1.000000E-5            0.
        9850.            0.            0.
        9860.            0.            0.
        9870.            0.            0.
        9880.   1.000000E-5            0.
        9890.   1.000000E-5            0.
        9900.   1.000000E-5            0.
        9910.   1.000000E-5            0.
        9920.   1.000000E-5            0.
        9930.            0.            0.
        9940.            0.            0.
        9950.            0.            0.
        9960.            0.            0.
        9970.            0.            0.
        9980.            0.            0.
        9990.            0.            0.
       10000.            0.            0.
       10010.            0.            0.
       10020.            0.            0.
       10030.            0.            0.
       10040.            0.            0.
       10050.            0.            0.
       10060.            0.            0.
       10070.            0.            0.
       10080.            0.            0.
       10090.   1.000000E-5            0.
       10100.   1.000000E-5            0.
       10110.            0.            0.
       10120.            0.            0.
       10130.            0.            0.
       10140.   1.000000E-5            0.
       10150.   1.000000E-5            0.
       10160.   1.000000E-5            0.
       10170.   1.000000E-5            0.
       10180.            0.            0.
       10190.            0.            0.
       10200.            0.            0.
       10210.            0.            0.
       10220.   1.000000E-5            0.
       10230.   1.000000E-5            0.
       10240.            0.            0.
       10250.            0.            0.
       10260.            0.            0.
       10270.            0.            0.
       10280.   1.000000E-5            0.
       10290.            0.            0.
       10300.            0.            0.
       10310.   1.000000E-5            0.
       10320.   1.000000E-5            0.
       10330.   1.000000E-5            0.
       10340.   1.000000E-5            0.
       10350.   1.000000E-5            0.
       10360.   1.000000E-5            0.
       10370.   1.000000E-5            0.
       10380.            0.            0.
       10390.            0.            0.
       10400.   1.000000E-5            0.
       10410.   1.000000E-5            0.
       10420.   1.000000E-5            0.
       10430.   1.000000E-5            0.
       10440.   1.000000E-5            0.
       10450.   1.000000E-5            0.
       10460.   1.000000E-5            0.
       10470.            0.            0.
       10480.            0.            0.
       10490.   1.000000E-5            0.
       10500.            0.            0.
       10510.            0.            0.
       10520.   1.000000E-5            0.
       10530.   1.000000E-5            0.
       10540.            0.            0.
       10550.   1.000000E-5            0.
       10560.   1.000000E-5            0.
       10570.   1.000000E-5            0.
       10580.   1.000000E-5            0.
       10590.   1.000000E-5            0.
       10600.   1.000000E-5            0.
       10610.   1.000000E-5            0.
       10620.            0.            0.
       10630.            0.            0.
       10640.            0.            0.
       10650.   1.000000E-5            0.
       10660.   1.000000E-5            0.
       10670.            0.            0.
       10680.   1.000000E-5            0.
       10690.   1.000000E-5            0.
       10700.   1.000000E-5            0.
       10710.   1.000000E-5            0.
       10720.   1.000000E-5            0.
       10730.   1.000000E-5            0.
       10740.   1.000000E-5            0.
       10750.            0.            0.
       10760.            0.            0.
       10770.            0.            0.
       10780.   1.000000E-5            0.
       10790.   1.000000E-5            0.
       10800.   1.000000E-5            0.
       10810.   1.000000E-5            0.
       10820.   1.000000E-5            0.
       10830.   1.000000E-5            0.
       10840.   1.000000E-5            0.
       10850.   1.000000E-5            0.
       10860.   1.000000E-5            0.
       10870.   1.000000E-5            0.
       10880.   1.000000E-5            0.
       10890.   1.000000E-5            0.
       10900.   1.000000E-5            0.
       10910.   1.000000E-5            0.
       10920.            0.            0.
       10930.            0.            0.
       10940.   1.000000E-5            0.
       10950.   1.000000E-5            0.
       10960.   1.000000E-5            0.
       10970.   1.000000E-5            0.
       10980.   1.000000E-5            0.
       10990.   1.000000E-5            0.
       11000.   1.000000E-5            0.
       13000.            0.            0.
