        1850.   6.633796E-4            0.
        1860.   8.055536E-6            0.
        1870.   3.097824E-5            0.
        1880.   2.237428E-4            0.
        1890.   3.334284E-4            0.
        1900.   1.963214E-4            0.
        1910.   6.621873E-5            0.
        1920.   5.019311E-5            0.
        1930.   9.206044E-6            0.
        1940.   4.336756E-5            0.
        1950.   4.322846E-7            0.
        1960.   7.241836E-5            0.
        1970.   2.479849E-6            0.
        1980.   4.790799E-7            0.
        1990.   1.823126E-6            0.
        2000.   4.125134E-7            0.
        2010.   6.527488E-6            0.
        2020.   2.562312E-5            0.
        2030.   1.373058E-6            0.
        2040.   1.382993E-6            0.
        2050.   1.140572E-5            0.
        2060.   7.579636E-6            0.
        2070.   5.694910E-7            0.
        2080.   2.484817E-6            0.
        2090.   1.663168E-6            0.
        2100.   1.861874E-5            0.
        2110.   5.398838E-7            0.
        2120.   2.603047E-6            0.
        2130.   7.103735E-7            0.
        2140.   1.057115E-6            0.
        2150.   2.574235E-6            0.
        2160.   4.041678E-6            0.
        2170.   7.297473E-7            0.
        2180.   4.083406E-7            0.
        2190.   8.312860E-7            0.
        2200.   3.626382E-6            0.
        2210.   3.771437E-7            0.
        2220.   1.365109E-6            0.
        2230.   4.638789E-6            0.
        2240.   3.184261E-7            0.
        2250.   1.199190E-6            0.
        2260.   1.601569E-6            0.
        2270.   3.141540E-7            0.
        2280.   6.143986E-7            0.
        2290.   1.422734E-6            0.
        2300.   3.440592E-6            0.
        2310.   5.322337E-6            0.
        2320.   8.759948E-6            0.
        2330.   3.587635E-6            0.
        2340.   4.281118E-7            0.
        2350.   3.141540E-7            0.
        2360.   8.741071E-7            0.
        2370.   3.141540E-7            0.
        2380.   7.631299E-7            0.
        2390.   1.504204E-6            0.
        2400.   2.556351E-6            0.
        2410.   6.789780E-7            0.
        2420.   3.442579E-7            0.
        2430.   3.951266E-7            0.
        2440.   3.387935E-6            0.
        2450.   4.243364E-7            0.
        2460.   3.141540E-7            0.
        2470.   3.141540E-7            0.
        2480.   3.141540E-7            0.
        2490.   4.655679E-7            0.
        2500.   4.811663E-7            0.
        2510.   1.692974E-6            0.
        2520.   1.147526E-6            0.
        2530.   3.141540E-7            0.
        2540.   1.383987E-6            0.
        2550.   4.667601E-7            0.
        2560.   3.637311E-7            0.
        2570.   3.141540E-7            0.
        2580.   3.141540E-7            0.
        2590.   1.036251E-6            0.
        2600.   1.877771E-6            0.
        2610.   3.489275E-6            0.
        2620.   1.599582E-6            0.
        2630.   4.475850E-7            0.
        2640.   3.141540E-7            0.
        2650.   1.718806E-6            0.
        2660.   8.879172E-7            0.
        2670.   5.165360E-7            0.
        2680.   1.607531E-6            0.
        2690.   5.200133E-6            0.
        2700.   8.341672E-7            0.
        2710.   4.029755E-7            0.
        2720.   9.533908E-7            0.
        2730.   1.731722E-6            0.
        2740.   1.810211E-6            0.
        2750.   1.906583E-6            0.
        2760.   3.141540E-7            0.
        2770.   6.687446E-7            0.
        2780.   6.304937E-7            0.
        2790.   7.871733E-7            0.
        2800.   1.081953E-6            0.
        2810.   3.141540E-7            0.
        2820.   2.864345E-6            0.
        2830.   2.745122E-6            0.
        2840.   4.820605E-6            0.
        2850.   7.022265E-7            0.
        2860.   6.020788E-7            0.
        2870.   3.141540E-7            0.
        2880.   1.280659E-6            0.
        2890.   2.546416E-6            0.
        2900.   3.141540E-7            0.
        2910.   1.743644E-6            0.
        2920.   7.164340E-7            0.
        2930.   7.986982E-7            0.
        2940.   3.141540E-7            0.
        2950.   3.141540E-7            0.
        2960.   4.282112E-7            0.
        2970.   6.952719E-7            0.
        2980.   5.668085E-6            0.
        2990.   2.595099E-6            0.
        3000.   1.154481E-6            0.
        3010.   3.359123E-7            0.
        3020.   6.224462E-7            0.
        3030.   5.572706E-7            0.
        3040.   1.152494E-6            0.
        3050.   3.141540E-7            0.
        3060.   5.266699E-7            0.
        3070.   3.124650E-6            0.
        3080.   3.741632E-7            0.
        3090.   1.059102E-6            0.
        3100.   2.895145E-6            0.
        3110.   1.524074E-6            0.
        3120.   6.865288E-6            0.
        3130.   4.375503E-6            0.
        3140.   3.283615E-7            0.
        3150.   1.562822E-6            0.
        3160.   3.420722E-7            0.
        3170.   1.293575E-6            0.
        3180.   3.149488E-6            0.
        3190.   5.130586E-7            0.
        3200.   3.956234E-6            0.
        3210.   9.030189E-7            0.
        3220.   1.138585E-6            0.
        3230.   5.043156E-7            0.
        3240.   1.141565E-6            0.
        3250.   3.141540E-7            0.
        3260.   1.576731E-6            0.
        3270.   1.252841E-6            0.
        3280.   1.917512E-6            0.
        3290.   3.141540E-7            0.
        3300.   3.141540E-7            0.
        3310.   4.340730E-7            0.
        3320.   1.190248E-6            0.
        3330.   1.299537E-6            0.
        3340.   5.532965E-7            0.
        3350.   5.396852E-6            0.
        3360.   4.408290E-7            0.
        3370.   7.221965E-7            0.
        3380.   3.395883E-7            0.
        3390.   2.025806E-6            0.
        3400.   4.168850E-6            0.
        3410.   3.141540E-7            0.
        3420.   1.050161E-6            0.
        3430.   3.835024E-6            0.
        3440.   8.869237E-6            0.
        3450.   7.871733E-7            0.
        3460.   3.648240E-7            0.
        3470.   7.675014E-6            0.
        3480.   1.918505E-6            0.
        3490.   7.159372E-7            0.
        3500.   1.769476E-6            0.
        3510.   3.671091E-7            0.
        3520.   4.919958E-6            0.
        3530.   4.471876E-6            0.
        3540.   5.646227E-7            0.
        3550.   3.160417E-6            0.
        3560.   3.877745E-7            0.
        3570.   1.216080E-6            0.
        3580.   3.141540E-7            0.
        3590.   3.141540E-7            0.
        3600.   1.116727E-6            0.
        3610.   4.010878E-7            0.
        3620.   3.141540E-7            0.
        3630.   4.163881E-6            0.
        3640.   7.609441E-7            0.
        3650.   1.428695E-6            0.
        3660.   1.310465E-6            0.
        3670.   3.141540E-7            0.
        3680.   3.141540E-7            0.
        3690.   1.124675E-6            0.
        3700.   2.718296E-6            0.
        3710.   4.092348E-7            0.
        3720.   4.727213E-6            0.
        3730.   1.429689E-6            0.
        3740.   3.141540E-7            0.
        3750.   3.667117E-7            0.
        3760.   3.141540E-7            0.
        3770.   1.032277E-6            0.
        3780.   9.075891E-7            0.
        3790.   4.732180E-7            0.
        3800.   8.781806E-7            0.
        3810.   8.055536E-7            0.
        3820.   1.228002E-6            0.
        3830.   6.686453E-7            0.
        3840.   1.604550E-6            0.
        3850.   3.141540E-7            0.
        3860.   1.000484E-6            0.
        3870.   1.393922E-6            0.
        3880.   1.374051E-6            0.
        3890.   1.088908E-6            0.
        3900.   2.601060E-6            0.
        3910.   8.113161E-7            0.
        3920.   1.523081E-6            0.
        3930.   1.468436E-6            0.
        3940.   3.150481E-6            0.
        3950.   1.168391E-6            0.
        3960.   1.589647E-6            0.
        3970.   1.079966E-6            0.
        3980.   4.400342E-6            0.
        3990.   3.530010E-6            0.
        4000.   1.475391E-6            0.
        4010.   4.563281E-6            0.
        4020.   5.665105E-6            0.
        4030.   4.093341E-6            0.
        4040.   4.034723E-6            0.
        4050.   3.198171E-6            0.
        4060.   3.492256E-6            0.
        4070.   4.208591E-6            0.
        4080.   4.028761E-6            0.
        4090.   2.341749E-6            0.
        4100.   3.514114E-6            0.
        4110.   2.584170E-6            0.
        4120.   5.185230E-6            0.
        4130.   4.600041E-6            0.
        4140.   3.438605E-6            0.
        4150.   5.675040E-6            0.
        4160.   4.067509E-6            0.
        4170.   3.806211E-6            0.
        4180.   3.862842E-6            0.
        4190.   3.286595E-6            0.
        4200.   3.539945E-6            0.
        4210.   4.248332E-6            0.
        4220.   3.284608E-6            0.
        4230.   1.314439E-6            0.
        4240.   2.455011E-6            0.
        4250.   2.629872E-6            0.
        4260.   9.108677E-7            0.
        4270.   3.141540E-7            0.
        4280.   3.141540E-7            0.
        4290.   3.141540E-7            0.
        4300.   3.141540E-7            0.
        4310.   3.141540E-7            0.
        4320.   3.141540E-7            0.
        4330.   3.141540E-7            0.
        4340.   3.141540E-7            0.
        4350.   3.141540E-7            0.
        4360.   3.141540E-7            0.
        4370.   3.141540E-7            0.
        4380.   3.141540E-7            0.
        4390.   3.425689E-6            0.
        4400.   3.222016E-5            0.
        4410.   4.616931E-5            0.
        4420.   6.767923E-5            0.
        4430.   7.065981E-5            0.
        4440.   6.107225E-5            0.
        4450.   5.360091E-5            0.
        4460.   3.018342E-5            0.
        4470.   1.620446E-5            0.
        4480.   9.731620E-6            0.
        4490.   6.391375E-6            0.
        4500.   4.983543E-6            0.
        4510.   4.458960E-6            0.
        4520.   4.234422E-6            0.
        4530.   3.411780E-6            0.
        4540.   5.036200E-6            0.
        4550.   5.950247E-6            0.
        4560.   7.126586E-6            0.
        4570.   7.558771E-6            0.
        4580.   5.585622E-6            0.
        4590.   3.019336E-6            0.
        4600.   1.838029E-6            0.
        4610.   2.558338E-6            0.
        4620.   1.077979E-6            0.
        4630.   1.660188E-6            0.
        4640.   1.186274E-6            0.
        4650.   2.286111E-6            0.
        4660.   2.427192E-6            0.
        4670.   1.285627E-6            0.
        4680.   1.383987E-6            0.
        4690.   6.175779E-7            0.
        4700.   9.066949E-7            0.
        4710.   4.068503E-7            0.
        4720.   4.940821E-7            0.
        4730.   6.984512E-7            0.
        4740.   5.672059E-7            0.
        4750.   5.607480E-7            0.
        4760.   3.991007E-7            0.
        4770.   3.141540E-7            0.
        4780.   8.745046E-7            0.
        4790.   6.919933E-7            0.
        4800.   5.576680E-7            0.
        4810.   1.085928E-6            0.
        4820.   7.429613E-7            0.
        4830.   3.780380E-7            0.
        4840.   3.141540E-7            0.
        4850.   3.190223E-7            0.
        4860.   3.629363E-7            0.
        4870.   3.141540E-7            0.
        4880.   3.141540E-7            0.
        4890.   3.141540E-7            0.
        4900.   3.386942E-7            0.
        4910.   3.925435E-7            0.
        4920.   3.287589E-7            0.
        4930.   9.444490E-7            0.
        4940.   1.047180E-6            0.
        4950.   3.141540E-7            0.
        4960.   3.141540E-7            0.
        4970.   3.141540E-7            0.
        4980.   3.141540E-7            0.
        4990.   3.639298E-7            0.
        5000.   5.883681E-7            0.
        5010.   7.410736E-7            0.
        5020.   3.141540E-7            0.
        5030.   3.141540E-7            0.
        5040.   3.141540E-7            0.
        5050.   3.141540E-7            0.
        5060.   3.141540E-7            0.
        5070.   4.021807E-7            0.
        5080.   4.640776E-7            0.
        5090.   3.141540E-7            0.
        5100.   3.559816E-7            0.
        5110.   5.011362E-7            0.
        5120.   4.613950E-7            0.
        5130.   3.336272E-7            0.
        5140.   3.141540E-7            0.
        5150.   3.141540E-7            0.
        5160.   3.141540E-7            0.
        5170.   3.141540E-7            0.
        5180.   4.862333E-7            0.
        5190.   3.236919E-7            0.
        5200.   3.141540E-7            0.
        5210.   4.687472E-7            0.
        5220.   4.811663E-7            0.
        5230.   3.141540E-7            0.
        5240.   4.137056E-7            0.
        5250.   3.344220E-7            0.
        5260.   3.141540E-7            0.
        5270.   1.059102E-6            0.
        5280.   9.136496E-7            0.
        5290.   3.667117E-7            0.
        5300.   3.141540E-7            0.
        5310.   9.733607E-7            0.
        5320.   3.141540E-7            0.
        5330.   3.141540E-7            0.
        5340.   3.141540E-7            0.
        5350.   4.440083E-7            0.
        5360.   7.860805E-7            0.
        5370.   3.141540E-7            0.
        5380.   3.141540E-7            0.
        5390.   4.240383E-7            0.
        5400.   3.141540E-7            0.
        5410.   5.384929E-7            0.
        5420.   5.195165E-7            0.
        5430.   3.141540E-7            0.
        5440.   3.141540E-7            0.
        5450.   3.165385E-7            0.
        5460.   3.554848E-7            0.
        5470.   3.141540E-7            0.
        5480.   3.141540E-7            0.
        5490.   3.141540E-7            0.
        5500.   6.162863E-7            0.
        5510.   7.121619E-7            0.
        5520.   3.141540E-7            0.
        5530.   3.141540E-7            0.
        5540.   3.776405E-7            0.
        5550.   9.533908E-7            0.
        5560.   9.464360E-7            0.
        5570.   9.250752E-7            0.
        5580.   9.928340E-7            0.
        5590.   1.189255E-6            0.
        5600.   3.219035E-6            0.
        5610.   5.509120E-6            0.
        5620.   6.200617E-6            0.
        5630.   7.070949E-6            0.
        5640.   8.475799E-6            0.
        5650.   1.077979E-5            0.
        5660.   1.131630E-5            0.
        5670.   1.041219E-5            0.
        5680.   1.056122E-5            0.
        5690.   7.849875E-6            0.
        5700.   7.502140E-6            0.
        5710.   6.169817E-6            0.
        5720.   5.227952E-6            0.
        5730.   4.912009E-6            0.
        5740.   7.136522E-6            0.
        5750.   6.010853E-6            0.
        5760.   5.483289E-6            0.
        5770.   6.034697E-6            0.
        5780.   7.152418E-6            0.
        5790.   6.778851E-6            0.
        5800.   7.149437E-6            0.
        5810.   8.041627E-6            0.
        5820.   1.025322E-5            0.
        5830.   1.152494E-5            0.
        5840.   1.505197E-5            0.
        5850.   2.244383E-5            0.
        5860.   3.863836E-5            0.
        5870.   8.109186E-5            0.
        5880.   1.572757E-4            0.
        5890.   3.410786E-4            0.
        5900.   6.526494E-4            0.
        5910.   0.001298543            0.
        5920.   0.002290085            0.
        5930.   0.004212565            0.
        5940.   0.006703343            0.
        5942.   0.005696897            0.
        5944.   0.006311893            0.
        5946.   0.006909003            0.
        5948.   0.007743568            0.
        5950.   0.008556276            0.
        5952.   0.009393821            0.
        5954.    0.01032277            0.
        5956.     0.0113163            0.
        5958.    0.01254828            0.
        5960.    0.01369083            0.
        5962.    0.01504203            0.
        5964.    0.01639323            0.
        5966.    0.01784379            0.
        5968.    0.01946324            0.
        5970.    0.02103302            0.
        5972.    0.02281144            0.
        5974.    0.02480843            0.
        5976.    0.02679549            0.
        5978.    0.02903093            0.
        5980.     0.0312465            0.
        5982.    0.03369058            0.
        5984.    0.03621414            0.
        5986.    0.03879732            0.
        5988.    0.04157921            0.
        5990.    0.04457966            0.
        5992.    0.04775896            0.
        5994.     0.0508389            0.
        5996.    0.05395858            0.
        5998.    0.05757503            0.
        6000.     0.0611418            0.
        6002.    0.06510598            0.
        6004.    0.06905029            0.
        6006.    0.07319331            0.
        6008.    0.07740587            0.
        6010.     0.0817774            0.
        6012.    0.08643705            0.
        6014.    0.09108677            0.
        6016.    0.09617364            0.
        6018.     0.1012406            0.
        6020.     0.1065063            0.
        6022.     0.1121695            0.
        6024.     0.1179319            0.
        6026.     0.1237938            0.
        6028.     0.1299536            0.
        6030.     0.1365109            0.
        6032.     0.1432669            0.
        6034.     0.1498242            0.
        6036.     0.1566796            0.
        6038.     0.1635349            0.
        6040.     0.1712845            0.
        6042.     0.1785372            0.
        6044.     0.1863861            0.
        6046.     0.1938376            0.
        6048.     0.2017858            0.
        6050.     0.2098334            0.
        6052.     0.2174836            0.
        6054.     0.2262266            0.
        6056.     0.2341749            0.
        6058.     0.2424212            0.
        6060.     0.2504688            0.
        6062.     0.2588144            0.
        6064.     0.2670607            0.
        6066.      0.275307            0.
        6068.     0.2835533            0.
        6070.     0.2917996            0.
        6072.     0.2997478            0.
        6074.     0.3078947            0.
        6076.     0.3164391            0.
        6078.     0.3237912            0.
        6080.     0.3317395            0.
        6082.     0.3396877            0.
        6084.     0.3484308            0.
        6086.     0.3561803            0.
        6088.     0.3647246            0.
        6090.     0.3722755            0.
        6092.     0.3801244            0.
        6094.     0.3889667            0.
        6096.     0.3962195            0.
        6098.     0.4042671            0.
        6100.      0.412116            0.
        6102.     0.4206603            0.
        6104.     0.4281118            0.
        6106.     0.4368549            0.
        6108.     0.4446044            0.
        6110.     0.4524533            0.
        6112.      0.459706            0.
        6114.     0.4674556            0.
        6116.     0.4758012            0.
        6118.     0.4835508            0.
        6120.     0.4899093            0.
        6122.     0.4969634            0.
        6124.     0.5038188            0.
        6126.     0.5108728            0.
        6128.     0.5181255            0.
        6130.     0.5243849            0.
        6132.      0.530346            0.
        6134.     0.5366052            0.
        6136.     0.5425664            0.
        6138.     0.5477327            0.
        6140.     0.5548862            0.
        6142.     0.5602512            0.
        6144.     0.5659143            0.
        6146.     0.5712794            0.
        6148.     0.5765451            0.
        6150.     0.5814134            0.
        6152.     0.5872752            0.
        6154.     0.5916467            0.
        6156.     0.5970118            0.
        6158.     0.6017808            0.
        6160.      0.606351            0.
        6162.     0.6120141            0.
        6164.     0.6160876            0.
        6166.     0.6213533            0.
        6168.     0.6256254            0.
        6170.     0.6289041            0.
        6172.     0.6347659            0.
        6174.      0.640429            0.
        6176.     0.6423168            0.
        6178.     0.6545371            0.
        6180.     0.6554313            0.
        6182.     0.6577165            0.
        6184.     0.6630815            0.
        6186.     0.6683472            0.
        6188.     0.6733149            0.
        6190.     0.6771896            0.
        6192.     0.6831508            0.
        6194.     0.6875223            0.
        6196.     0.6922913            0.
        6198.     0.6974577            0.
        6200.      0.701233            0.
        6202.     0.7050084            0.
        6204.     0.7099761            0.
        6206.     0.7136521            0.
        6208.     0.7179243            0.
        6210.     0.7231901            0.
        6212.     0.7258726            0.
        6214.     0.7303434            0.
        6216.     0.7356092            0.
        6218.      0.738391            0.
        6220.     0.7418684            0.
        6222.     0.7463393            0.
        6224.      0.749916            0.
        6226.     0.7537907            0.
        6228.       0.75697            0.
        6230.     0.7614409            0.
        6232.     0.7638254            0.
        6234.     0.7658125            0.
        6236.      0.769886            0.
        6238.      0.773562            0.
        6240.      0.777238            0.
        6242.     0.7807153            0.
        6244.     0.7848882            0.
        6246.     0.7879682            0.
        6248.     0.7906507            0.
        6250.     0.7943267            0.
        6252.     0.7970093            0.
        6254.     0.8009834            0.
        6256.      0.803964            0.
        6258.      0.807342            0.
        6260.     0.8106207            0.
        6262.     0.8144954            0.
        6264.      0.817774            0.
        6266.     0.8199598            0.
        6268.     0.8232384            0.
        6270.     0.8268151            0.
        6272.     0.8309879            0.
        6274.     0.8342666            0.
        6276.     0.8368498            0.
        6278.     0.8395324            0.
        6280.     0.8435064            0.
        6282.     0.8456922            0.
        6284.     0.8487722            0.
        6286.     0.8525476            0.
        6288.     0.8557268            0.
        6290.     0.8575152            0.
        6292.     0.8600984            0.
        6294.     0.8631783            0.
        6296.     0.8644699            0.
        6298.     0.8670531            0.
        6300.     0.8703317            0.
        6302.     0.8717226            0.
        6304.     0.8736104            0.
        6306.     0.8756968            0.
        6308.     0.8780813            0.
        6310.     0.8805651            0.
        6312.     0.8825521            0.
        6314.     0.8848373            0.
        6316.     0.8865263            0.
        6318.     0.8876191            0.
        6320.     0.8909971            0.
        6322.     0.8907984            0.
        6324.     0.8926862            0.
        6326.     0.8942758            0.
        6328.     0.8959647            0.
        6330.     0.8978525            0.
        6332.     0.8992434            0.
        6334.     0.8997402            0.
        6336.     0.9008331            0.
        6338.     0.9015286            0.
        6340.     0.9015286            0.
        6342.     0.9030189            0.
        6344.     0.9032176            0.
        6346.      0.905304            0.
        6348.     0.9057014            0.
        6350.     0.9060988            0.
        6352.     0.9077878            0.
        6354.     0.9091787            0.
        6356.     0.9070923            0.
        6358.     0.9080858            0.
        6360.     0.9098742            0.
        6362.     0.9087813            0.
        6364.     0.9091787            0.
        6366.     0.9108678            0.
        6368.     0.9091787            0.
        6370.     0.9102716            0.
        6372.     0.9116625            0.
        6374.     0.9121593            0.
        6376.     0.9121593            0.
        6378.     0.9099736            0.
        6380.     0.9099736            0.
        6382.     0.9103709            0.
        6384.     0.9109671            0.
        6386.     0.9119607            0.
        6388.     0.9104704            0.
        6390.     0.9101723            0.
        6392.     0.9109671            0.
        6394.     0.9110664            0.
        6396.     0.9117619            0.
        6398.     0.9111658            0.
        6400.     0.9102716            0.
        6402.     0.9107684            0.
        6404.     0.9109671            0.
        6406.     0.9107684            0.
        6408.     0.9094768            0.
        6410.     0.9104704            0.
        6412.     0.9102716            0.
        6414.     0.9102716            0.
        6416.     0.9104704            0.
        6418.     0.9090794            0.
        6420.     0.9093775            0.
        6422.     0.9082845            0.
        6424.       0.90898            0.
        6426.     0.9075891            0.
        6428.     0.9077878            0.
        6430.     0.9078872            0.
        6432.     0.9062974            0.
        6434.     0.9064962            0.
        6436.     0.9052046            0.
        6438.     0.9058008            0.
        6440.     0.9058008            0.
        6442.      0.905602            0.
        6444.     0.9059001            0.
        6446.     0.9063969            0.
        6448.      0.905602            0.
        6450.     0.9057014            0.
        6452.     0.9047078            0.
        6454.     0.9038137            0.
        6456.     0.9047078            0.
        6458.     0.9040124            0.
        6460.     0.9037144            0.
        6462.     0.9030189            0.
        6464.     0.9040124            0.
        6466.     0.9043105            0.
        6468.     0.9051053            0.
        6470.     0.9046085            0.
        6472.     0.9047078            0.
        6474.     0.9067943            0.
        6476.      0.905602            0.
        6478.     0.9068936            0.
        6480.      0.908384            0.
        6482.     0.9082845            0.
        6484.     0.9092781            0.
        6486.     0.9095761            0.
        6488.     0.9091787            0.
        6490.     0.9102716            0.
        6492.     0.9102716            0.
        6494.     0.9103709            0.
        6496.     0.9122587            0.
        6498.     0.9128548            0.
        6500.     0.9128548            0.
        6502.     0.9128548            0.
        6504.     0.9145437            0.
        6506.     0.9146432            0.
        6508.     0.9160341            0.
        6510.     0.9172263            0.
        6512.     0.9166301            0.
        6514.     0.9168289            0.
        6516.     0.9172263            0.
        6518.     0.9180211            0.
        6520.     0.9190147            0.
        6522.     0.9181205            0.
        6524.     0.9193127            0.
        6526.     0.9184185            0.
        6528.     0.9182199            0.
        6530.     0.9181205            0.
        6532.     0.9201076            0.
        6534.     0.9211011            0.
        6536.     0.9216972            0.
        6538.     0.9222934            0.
        6540.     0.9242804            0.
        6542.      0.924181            0.
        6544.     0.9236843            0.
        6546.      0.924181            0.
        6548.     0.9249759            0.
        6550.     0.9257707            0.
        6552.     0.9261681            0.
        6554.     0.9268636            0.
        6556.     0.9271616            0.
        6558.     0.9283538            0.
        6560.     0.9284532            0.
        6562.     0.9293474            0.
        6564.     0.9301422            0.
        6566.     0.9320299            0.
        6568.     0.9326261            0.
        6570.     0.9344144            0.
        6572.     0.9346131            0.
        6574.      0.935706            0.
        6576.     0.9375937            0.
        6578.     0.9382892            0.
        6580.     0.9396801            0.
        6582.     0.9399781            0.
        6584.     0.9408724            0.
        6586.     0.9414684            0.
        6588.     0.9436542            0.
        6590.     0.9443497            0.
        6592.     0.9463367            0.
        6594.     0.9476283            0.
        6596.     0.9494167            0.
        6598.     0.9504102            0.
        6600.     0.9503108            0.
        6602.     0.9519998            0.
        6604.     0.9537882            0.
        6606.     0.9555765            0.
        6608.     0.9552785            0.
        6610.     0.9563714            0.
        6612.     0.9573649            0.
        6614.     0.9583585            0.
        6616.       0.95965            0.
        6618.     0.9606435            0.
        6620.     0.9608423            0.
        6622.     0.9617364            0.
        6624.     0.9622332            0.
        6626.     0.9634254            0.
        6628.     0.9634254            0.
        6630.     0.9634254            0.
        6632.     0.9635248            0.
        6634.      0.964717            0.
        6636.     0.9666047            0.
        6638.     0.9662073            0.
        6640.     0.9660086            0.
        6642.     0.9658099            0.
        6644.     0.9665054            0.
        6646.     0.9673995            0.
        6648.     0.9666047            0.
        6650.     0.9690886            0.
        6652.     0.9691879            0.
        6654.     0.9694859            0.
        6656.     0.9701814            0.
        6658.     0.9707776            0.
        6660.     0.9706782            0.
        6662.     0.9717711            0.
        6664.     0.9706782            0.
        6666.      0.972864            0.
        6668.     0.9733608            0.
        6670.     0.9726653            0.
        6672.     0.9729633            0.
        6674.     0.9737581            0.
        6676.     0.9735594            0.
        6678.     0.9735594            0.
        6680.      0.974851            0.
        6682.     0.9747517            0.
        6684.     0.9751491            0.
        6686.     0.9759439            0.
        6688.     0.9764407            0.
        6690.     0.9766394            0.
        6692.     0.9774342            0.
        6694.     0.9771361            0.
        6696.     0.9772355            0.
        6698.     0.9788252            0.
        6700.     0.9778316            0.
        6702.     0.9773349            0.
        6704.     0.9776329            0.
        6706.     0.9783284            0.
        6708.     0.9786264            0.
        6710.     0.9778316            0.
        6712.     0.9787258            0.
        6714.      0.978229            0.
        6716.     0.9769374            0.
        6718.      0.978229            0.
        6720.       0.97654            0.
        6722.     0.9771361            0.
        6724.     0.9789245            0.
        6726.     0.9786264            0.
        6728.     0.9774342            0.
        6730.     0.9778316            0.
        6732.     0.9773349            0.
        6734.     0.9783284            0.
        6736.     0.9783284            0.
        6738.     0.9773349            0.
        6740.     0.9770368            0.
        6742.     0.9775336            0.
        6744.      0.978229            0.
        6746.     0.9773349            0.
        6748.     0.9775336            0.
        6750.     0.9762419            0.
        6752.     0.9766394            0.
        6754.     0.9767388            0.
        6756.     0.9772355            0.
        6758.     0.9769374            0.
        6760.      0.977931            0.
        6762.     0.9772355            0.
        6764.     0.9778316            0.
        6766.     0.9786264            0.
        6768.     0.9774342            0.
        6770.     0.9781297            0.
        6772.      0.977931            0.
        6774.     0.9774342            0.
        6776.     0.9788252            0.
        6778.     0.9786264            0.
        6780.     0.9791232            0.
        6782.     0.9790239            0.
        6784.     0.9787258            0.
        6786.     0.9791232            0.
        6788.      0.978229            0.
        6790.     0.9767388            0.
        6792.     0.9786264            0.
        6794.     0.9780303            0.
        6796.     0.9792225            0.
        6798.     0.9769374            0.
        6800.     0.9771361            0.
        6802.     0.9767388            0.
        6804.     0.9766394            0.
        6806.     0.9762419            0.
        6808.     0.9773349            0.
        6810.     0.9768381            0.
        6812.     0.9771361            0.
        6814.     0.9766394            0.
        6816.     0.9761426            0.
        6818.     0.9771361            0.
        6820.     0.9760433            0.
        6822.     0.9754472            0.
        6824.     0.9745529            0.
        6826.     0.9746523            0.
        6828.     0.9752484            0.
        6830.     0.9747517            0.
        6832.     0.9741555            0.
        6834.     0.9760433            0.
        6836.     0.9751491            0.
        6838.     0.9760433            0.
        6840.     0.9750497            0.
        6842.     0.9763413            0.
        6844.     0.9770368            0.
        6846.     0.9770368            0.
        6848.     0.9768381            0.
        6850.     0.9752484            0.
        6852.     0.9763413            0.
        6854.     0.9763413            0.
        6856.     0.9761426            0.
        6858.     0.9771361            0.
        6860.     0.9772355            0.
        6862.     0.9762419            0.
        6864.     0.9772355            0.
        6866.     0.9762419            0.
        6868.     0.9784277            0.
        6870.     0.9770368            0.
        6872.     0.9778316            0.
        6874.     0.9761426            0.
        6876.     0.9764407            0.
        6878.      0.978229            0.
        6880.     0.9764407            0.
        6882.     0.9762419            0.
        6884.     0.9759439            0.
        6886.     0.9751491            0.
        6888.     0.9757452            0.
        6890.     0.9762419            0.
        6892.     0.9738575            0.
        6894.     0.9743543            0.
        6896.     0.9749504            0.
        6898.     0.9734601            0.
        6900.     0.9730626            0.
        6902.     0.9734601            0.
        6904.     0.9735594            0.
        6906.     0.9733608            0.
        6908.     0.9737581            0.
        6910.     0.9732614            0.
        6912.     0.9735594            0.
        6914.     0.9702808            0.
        6916.     0.9717711            0.
        6918.     0.9708769            0.
        6920.     0.9708769            0.
        6922.     0.9701814            0.
        6924.     0.9692873            0.
        6926.     0.9708769            0.
        6928.     0.9692873            0.
        6930.     0.9687905            0.
        6932.     0.9678963            0.
        6934.      0.966406            0.
        6936.     0.9656112            0.
        6938.     0.9665054            0.
        6940.     0.9649158            0.
        6942.     0.9657106            0.
        6944.     0.9649158            0.
        6946.     0.9643196            0.
        6948.     0.9629287            0.
        6950.     0.9627299            0.
        6952.      0.963028            0.
        6954.     0.9598487            0.
        6956.     0.9599481            0.
        6958.     0.9592526            0.
        6960.     0.9567688            0.
        6962.     0.9552785            0.
        6964.     0.9544836            0.
        6966.     0.9530927            0.
        6968.     0.9512051            0.
        6970.     0.9494167            0.
        6972.     0.9491186            0.
        6974.     0.9467341            0.
        6976.     0.9450452            0.
        6978.     0.9437535            0.
        6980.     0.9434555            0.
        6982.     0.9422633            0.
        6984.      0.939382            0.
        6986.     0.9381898            0.
        6988.     0.9372956            0.
        6990.     0.9374943            0.
        6992.     0.9341163            0.
        6994.     0.9317318            0.
        6996.     0.9317318            0.
        6998.     0.9315332            0.
        7000.     0.9288506            0.
        7002.     0.9270623            0.
        7004.     0.9250752            0.
        7006.     0.9234855            0.
        7008.     0.9232869            0.
        7010.      0.922194            0.
        7012.     0.9210017            0.
        7014.     0.9202069            0.
        7016.     0.9210017            0.
        7018.     0.9194121            0.
        7020.     0.9177231            0.
        7022.     0.9184185            0.
        7024.     0.9173257            0.
        7026.     0.9168289            0.
        7028.     0.9143451            0.
        7030.     0.9149412            0.
        7032.     0.9138483            0.
        7034.     0.9143451            0.
        7036.     0.9131528            0.
        7038.     0.9117619            0.
        7040.     0.9127554            0.
        7042.     0.9118613            0.
        7044.      0.910669            0.
        7046.     0.9098742            0.
        7048.     0.9087813            0.
        7050.     0.9061981            0.
        7052.     0.9052046            0.
        7054.     0.9030189            0.
        7056.     0.9018266            0.
        7058.     0.8990448            0.
        7060.     0.8965609            0.
        7062.       0.89517            0.
        7064.     0.8930835            0.
        7066.     0.8902023            0.
        7068.     0.8872218            0.
        7070.     0.8826515            0.
        7072.     0.8809625            0.
        7074.     0.8788761            0.
        7076.     0.8766903            0.
        7078.     0.8719214            0.
        7080.     0.8688414            0.
        7082.     0.8650661            0.
        7084.     0.8613899            0.
        7086.     0.8591049            0.
        7088.     0.8551307            0.
        7090.     0.8507592            0.
        7092.     0.8480767            0.
        7094.     0.8463877            0.
        7096.     0.8435064            0.
        7098.     0.8419168            0.
        7100.     0.8385388            0.
        7102.     0.8367504            0.
        7104.     0.8350614            0.
        7106.     0.8331737            0.
        7108.     0.8313854            0.
        7110.     0.8309879            0.
        7112.     0.8288022            0.
        7114.     0.8280074            0.
        7116.     0.8272126            0.
        7118.       0.82761            0.
        7120.       0.82761            0.
        7122.     0.8283054            0.
        7124.     0.8282061            0.
        7126.     0.8294977            0.
        7128.     0.8291003            0.
        7130.     0.8303918            0.
        7132.     0.8324782            0.
        7134.     0.8337699            0.
        7136.     0.8361543            0.
        7138.      0.836055            0.
        7140.     0.8375453            0.
        7142.     0.8386381            0.
        7144.     0.8406252            0.
        7146.     0.8436058            0.
        7148.     0.8452948            0.
        7150.     0.8449968            0.
        7152.     0.8475799            0.
        7154.     0.8500637            0.
        7156.     0.8511567            0.
        7158.     0.8507592            0.
        7160.     0.8518521            0.
        7162.     0.8537398            0.
        7164.     0.8548327            0.
        7166.     0.8538391            0.
        7168.     0.8531436            0.
        7170.     0.8535411            0.
        7172.     0.8528456            0.
        7174.     0.8533424            0.
        7176.     0.8538391            0.
        7178.     0.8540379            0.
        7180.     0.8527462            0.
        7182.     0.8506598            0.
        7184.     0.8509579            0.
        7186.     0.8488715            0.
        7188.     0.8494676            0.
        7190.     0.8482754            0.
        7192.     0.8476793            0.
        7194.     0.8469838            0.
        7196.     0.8468844            0.
        7198.     0.8448973            0.
        7200.      0.844798            0.
        7202.     0.8448973            0.
        7204.     0.8444006            0.
        7206.     0.8445993            0.
        7208.     0.8440032            0.
        7210.     0.8444006            0.
        7212.     0.8444006            0.
        7214.     0.8450961            0.
        7216.     0.8451955            0.
        7218.     0.8494676            0.
        7220.     0.8514547            0.
        7222.     0.8499644            0.
        7224.     0.8528456            0.
        7226.     0.8524482            0.
        7228.     0.8553295            0.
        7230.       0.85831            0.
        7232.     0.8609926            0.
        7234.      0.863079            0.
        7236.     0.8665563            0.
        7238.     0.8705305            0.
        7240.     0.8737097            0.
        7242.     0.8769884            0.
        7244.     0.8817573            0.
        7246.     0.8841418            0.
        7248.      0.889805            0.
        7250.     0.8942758            0.
        7252.     0.8972564            0.
        7254.     0.9000382            0.
        7256.      0.903913            0.
        7258.     0.9097749            0.
        7260.     0.9129542            0.
        7262.     0.9150406            0.
        7264.     0.9180211            0.
        7266.     0.9226907            0.
        7268.     0.9280558            0.
        7270.     0.9308377            0.
        7272.     0.9324273            0.
        7274.     0.9371963            0.
        7276.     0.9394814            0.
        7278.     0.9431574            0.
        7280.     0.9473302            0.
        7282.     0.9506089            0.
        7284.     0.9506089            0.
        7286.     0.9518011            0.
        7288.     0.9541856            0.
        7290.     0.9551791            0.
        7292.     0.9568682            0.
        7294.     0.9591532            0.
        7296.     0.9619352            0.
        7298.      0.961339            0.
        7300.     0.9618358            0.
        7302.     0.9606435            0.
        7304.     0.9616371            0.
        7306.     0.9623325            0.
        7308.     0.9594513            0.
        7310.     0.9573649            0.
        7312.     0.9567688            0.
        7314.      0.954285            0.
        7316.     0.9506089            0.
        7318.     0.9487212            0.
        7320.     0.9440516            0.
        7322.     0.9394814            0.
        7324.     0.9347125            0.
        7326.     0.9300429            0.
        7328.      0.924181            0.
        7330.     0.9193127            0.
        7332.      0.910669            0.
        7334.      0.903615            0.
        7336.     0.8954681            0.
        7338.      0.888712            0.
        7340.     0.8792735            0.
        7342.     0.8717226            0.
        7344.     0.8601978            0.
        7346.     0.8506598            0.
        7348.     0.8404265            0.
        7350.     0.8274112            0.
        7352.     0.8178734            0.
        7354.     0.8040633            0.
        7356.     0.7911474            0.
        7358.     0.7807153            0.
        7360.     0.7691905            0.
        7362.     0.7541882            0.
        7364.       0.74008            0.
        7366.      0.727959            0.
        7368.     0.7140496            0.
        7370.     0.6984512            0.
        7372.     0.6854359            0.
        7374.      0.671129            0.
        7376.     0.6558287            0.
        7378.     0.6402304            0.
        7380.     0.6251287            0.
        7382.     0.6106232            0.
        7384.     0.5936338            0.
        7386.     0.5782341            0.
        7388.     0.5630331            0.
        7390.     0.5464412            0.
        7392.     0.5313395            0.
        7394.     0.5145488            0.
        7396.     0.4968641            0.
        7398.      0.479974            0.
        7400.     0.4635808            0.
        7402.     0.4472869            0.
        7404.     0.4331788            0.
        7406.     0.4170837            0.
        7408.     0.4007898            0.
        7410.     0.3856881            0.
        7412.     0.3709839            0.
        7414.     0.3568757            0.
        7416.     0.3424696            0.
        7418.     0.3292556            0.
        7420.     0.3163398            0.
        7422.     0.3035232            0.
        7424.     0.2912035            0.
        7426.      0.280374            0.
        7428.     0.2691471            0.
        7430.     0.2583176            0.
        7432.     0.2476869            0.
        7434.     0.2382483            0.
        7436.     0.2281143            0.
        7438.     0.2190732            0.
        7440.     0.2098334            0.
        7442.     0.2027793            0.
        7444.     0.1946324            0.
        7446.     0.1884725            0.
        7448.     0.1815178            0.
        7450.     0.1748612            0.
        7452.     0.1686019            0.
        7454.     0.1623427            0.
        7456.     0.1567789            0.
        7458.     0.1522087            0.
        7460.     0.1470423            0.
        7462.     0.1425715            0.
        7464.     0.1383986            0.
        7466.     0.1346232            0.
        7468.     0.1303511            0.
        7470.     0.1265756            0.
        7472.     0.1228002            0.
        7474.     0.1192235            0.
        7476.     0.1162429            0.
        7478.     0.1140572            0.
        7480.     0.1105798            0.
        7482.     0.1074999            0.
        7484.     0.1048173            0.
        7486.     0.1024329            0.
        7488.    0.09935294            0.
        7490.    0.09716717            0.
        7492.    0.09466348            0.
        7494.    0.09262674            0.
        7496.    0.09061982            0.
        7498.    0.08793729            0.
        7500.    0.08528456            0.
        7502.    0.08304912            0.
        7504.    0.08064478            0.
        7506.    0.07831991            0.
        7508.    0.07558772            0.
        7510.    0.07344169            0.
        7512.    0.07124599            0.
        7514.    0.06847405            0.
        7516.    0.06637769            0.
        7518.    0.06397336            0.
        7520.    0.06189688            0.
        7522.    0.05955215            0.
        7524.    0.05751542            0.
        7526.    0.05549855            0.
        7528.    0.05351149            0.
        7530.    0.05133566            0.
        7532.    0.04937841            0.
        7534.    0.04770928            0.
        7536.    0.04590106            0.
        7538.    0.04450018            0.
        7540.    0.04224487            0.
        7542.    0.04076451            0.
        7544.    0.03953253            0.
        7546.    0.03799256            0.
        7548.    0.03638304            0.
        7550.    0.03526036            0.
        7552.    0.03407806            0.
        7554.    0.03275666            0.
        7556.    0.03153462            0.
        7558.    0.03045167            0.
        7590.     0.0223246            0.
        7600.    0.01939369            0.
        7610.    0.01723773            0.
        7620.    0.01517119            0.
        7630.    0.01360142            0.
        7640.    0.01201177            0.
        7650.    0.01079967            0.
        7660.   0.009548811            0.
        7670.   0.008570184            0.
        7680.   0.007585597            0.
        7690.    0.00682654            0.
        7700.   0.006078413            0.
        7710.    0.00550614            0.
        7720.   0.004943802            0.
        7730.   0.004514598            0.
        7740.    0.00408738            0.
        7750.   0.003759515            0.
        7760.   0.003417741            0.
        7770.   0.003137566            0.
        7780.   0.002844475            0.
        7790.   0.002610995            0.
        7800.   0.002368574            0.
        7810.   0.002176823            0.
        7820.   0.001986065            0.
        7830.   0.001839023            0.
        7840.   0.001694961            0.
        7850.   0.001582692            0.
        7860.   0.001475391            0.
        7870.   0.001390941            0.
        7880.   0.001299536            0.
        7890.   0.001223035            0.
        7900.   0.001144546            0.
        7910.   0.001075992            0.
        7920.   9.994905E-4            0.
        7930.   9.366001E-4            0.
        7940.   8.656621E-4            0.
        7950.   8.099251E-4            0.
        7960.   7.517043E-4            0.
        7970.   7.068962E-4            0.
        7980.   6.636776E-4            0.
        7990.   6.330769E-4            0.
        8000.   6.410252E-4            0.
        8010.   6.006879E-4            0.
        8020.   5.624370E-4            0.
        8030.   5.390890E-4            0.
        8040.   4.990498E-4            0.
        8050.   4.885184E-4            0.
        8060.   4.587125E-4            0.
        8070.   4.377491E-4            0.
        8080.   4.274163E-4            0.
        8090.   4.033729E-4            0.
        8100.   3.960208E-4            0.
        8110.   3.827075E-4            0.
        8120.   3.645259E-4            0.
        8130.   3.511133E-4            0.
        8140.   3.363097E-4            0.
        8150.   3.297524E-4            0.
        8160.   3.068019E-4            0.
        8170.   2.970653E-4            0.
        8180.   2.878254E-4            0.
        8190.   2.792811E-4            0.
        8200.   2.765986E-4            0.
        8210.   2.602053E-4            0.
        8220.   2.605034E-4            0.
        8230.   2.413283E-4            0.
        8240.   2.305982E-4            0.
        8250.   2.216564E-4            0.
        8260.   2.199674E-4            0.
        8270.   2.059586E-4            0.
        8280.   2.009910E-4            0.
        8290.   1.895654E-4            0.
        8300.   1.849952E-4            0.
        8310.   1.802262E-4            0.
        8320.   1.840016E-4            0.
        8330.   1.717812E-4            0.
        8340.   1.833062E-4            0.
        8350.   1.722780E-4            0.
        8360.   1.809217E-4            0.
        8370.   1.785372E-4            0.
        8380.   1.830081E-4            0.
        8390.   1.763515E-4            0.
        8400.   1.612498E-4            0.
        8410.   1.617466E-4            0.
        8420.   1.610511E-4            0.
        8430.   1.470424E-4            0.
        8440.   1.466449E-4            0.
        8450.   1.505197E-4            0.
        8460.   1.515132E-4            0.
        8470.   1.466449E-4            0.
        8480.   1.400876E-4            0.
        8490.   1.302517E-4            0.
        8500.   1.313446E-4            0.
        8510.   1.298543E-4            0.
        8520.   1.328349E-4            0.
        8530.   1.365109E-4            0.
        8540.   1.253834E-4            0.
        8550.   1.125669E-4            0.
        8560.   1.157462E-4            0.
        8570.   1.129643E-4            0.
        8580.   1.126662E-4            0.
        8590.   1.007439E-4            0.
        8600.   9.642202E-5            0.
        8610.   1.084934E-4            0.
        8620.   1.036251E-4            0.
        8630.   1.009426E-4            0.
        8640.   1.060096E-4            0.
        8650.   9.845876E-5            0.
        8660.   9.470322E-5            0.
        8670.   8.638738E-5            0.
        8680.   7.967112E-5            0.
        8690.   8.807638E-5            0.
        8700.   7.740587E-5            0.
        8710.   7.420671E-5            0.
        8720.   5.684975E-5            0.
        8730.   5.302466E-5            0.
        8740.   4.509630E-5            0.
        8750.   4.549371E-5            0.
        8760.   3.036226E-5            0.
        8770.   3.417741E-5            0.
        8780.   3.786340E-5            0.
        8790.   3.367071E-5            0.
        8800.   3.087889E-5            0.
        8810.   3.860855E-5            0.
        8820.   3.287589E-5            0.
        8830.   2.796785E-5            0.
        8840.   3.192210E-5            0.
        8850.   3.299511E-5            0.
        8860.   1.935395E-5            0.
        8870.   1.914531E-5            0.
        8880.   3.484307E-5            0.
        8890.   3.177307E-5            0.
        8900.   2.806720E-5            0.
        8910.   2.788837E-5            0.
        8920.   2.032761E-5            0.
        8930.   9.651145E-6            0.
        8940.   1.596602E-5            0.
        8950.   1.472411E-5            0.
        8960.   1.591634E-5            0.
        8970.   9.284532E-6            0.
        8980.   2.509655E-5            0.
        8990.   1.038238E-5            0.
        9000.   2.406328E-5            0.
        9010.   8.530444E-6            0.
        9020.   1.228996E-5            0.
        9030.   1.670123E-5            0.
        9040.   7.908494E-6            0.
        9050.   5.196159E-6            0.
        9060.   1.218067E-5            0.
        9070.   6.769909E-6            0.
        9080.   1.052148E-5            0.
        9090.   1.786366E-5            0.
        9100.   4.487772E-6            0.
        9110.   7.708794E-6            0.
        9120.   1.814185E-5            0.
        9130.   6.576171E-6            0.
        9140.   1.973149E-5            0.
        9150.   1.373058E-5            0.
        9160.   1.483339E-5            0.
        9170.   8.120116E-6            0.
        9180.   1.028303E-5            0.
        9190.   1.169384E-5            0.
        9200.   1.764508E-5            0.
        9210.   7.348143E-6            0.
        9220.   1.933408E-5            0.
        9230.   6.549345E-6            0.
        9240.   1.422734E-5            0.
        9250.   5.049116E-6            0.
        9260.   1.714832E-5            0.
        9270.   1.345239E-5            0.
        9280.   9.586565E-6            0.
        9290.   1.574744E-5            0.
        9300.   8.640725E-6            0.
        9310.   1.375045E-5            0.
        9320.   5.671066E-6            0.
        9330.   2.403348E-6            0.
        9340.   1.473404E-5            0.
        9350.   5.610460E-6            0.
        9360.   4.088373E-6            0.
        9370.   2.124166E-5            0.
        9380.   1.785372E-5            0.
        9390.   4.196668E-6            0.
        9400.   1.123682E-5            0.
        9410.   1.491288E-5            0.
        9420.   2.627885E-5            0.
        9430.   5.661131E-6            0.
        9440.   6.357594E-6            0.
        9450.   1.712845E-5            0.
        9460.   1.802262E-5            0.
        9470.   1.351200E-5            0.
        9480.   1.084934E-5            0.
        9490.   1.678071E-5            0.
        9500.   8.754981E-6            0.
        9510.   3.216055E-6            0.
        9520.   5.315382E-6            0.
        9530.   2.823610E-6            0.
        9540.   8.275106E-6            0.
        9550.   1.389948E-5            0.
        9560.   6.075432E-6            0.
        9570.   1.205151E-5            0.
        9580.   1.252841E-5            0.
        9590.   2.536480E-6            0.
        9600.   1.452540E-5            0.
        9610.   1.023335E-5            0.
        9620.   1.986065E-5            0.
        9630.   1.256815E-5            0.
        9640.   1.570770E-5            0.
        9650.   2.290085E-5            0.
        9660.   2.373542E-5            0.
        9670.   1.914531E-5            0.
        9680.   2.491772E-5            0.
        9690.   3.072987E-5            0.
        9700.   4.064529E-5            0.
        9710.   3.267718E-5            0.
        9720.   2.646762E-5            0.
        9730.   2.002955E-5            0.
        9740.   2.439115E-5            0.
        9750.   3.812172E-5            0.
        9760.   3.041193E-5            0.
        9770.   2.145030E-5            0.
        9780.   2.268228E-5            0.
        9790.   1.920492E-5            0.
        9800.   8.453942E-6            0.
        9810.   2.267234E-5            0.
        9820.   2.163907E-5            0.
        9830.   1.879758E-5            0.
        9840.   1.617466E-5            0.
        9850.   1.921486E-5            0.
        9860.   1.567789E-5            0.
        9870.   2.362613E-5            0.
        9880.   2.456005E-5            0.
        9890.   2.236435E-5            0.
        9900.   2.920976E-5            0.
        9910.   3.867810E-5            0.
        9920.   4.093341E-5            0.
        9930.   4.527513E-5            0.
        9940.   5.291537E-5            0.
        9950.   5.590590E-5            0.
        9960.   7.137515E-5            0.
        9970.   7.546850E-5            0.
        9980.   8.242320E-5            0.
        9990.   8.126077E-5            0.
       10000.   7.860804E-5            0.
       10010.   7.661105E-5            0.
       10020.   8.049575E-5            0.
       10030.   7.617390E-5            0.
       10040.   5.374000E-5            0.
       10050.   5.681994E-5            0.
       10060.   4.504662E-5            0.
       10070.   4.810669E-5            0.
       10080.   4.432134E-5            0.
       10090.   4.135069E-5            0.
       10100.   3.633337E-5            0.
       10110.   4.108244E-5            0.
       10120.   3.654201E-5            0.
       10130.   3.457482E-5            0.
       10140.   5.334259E-5            0.
       10150.   6.423167E-5            0.
       10160.   6.920925E-5            0.
       10170.   6.250294E-5            0.
       10180.   6.320834E-5            0.
       10190.   4.656672E-5            0.
       10200.   4.495720E-5            0.
       10210.   3.150482E-5            0.
       10220.   2.674581E-5            0.
       10230.   3.579686E-5            0.
       10240.   3.808198E-5            0.
       10250.   3.965176E-5            0.
       10260.   3.983059E-5            0.
       10270.   4.295028E-5            0.
       10280.   5.515082E-5            0.
       10290.   6.280099E-5            0.
       10300.   8.863275E-5            0.
       10310.   8.793729E-5            0.
       10320.   9.617364E-5            0.
       10330.   1.113746E-4            0.
       10340.   1.260789E-4            0.
       10350.   1.240918E-4            0.
       10360.   1.202171E-4            0.
       10370.   1.147526E-4            0.
       10380.   1.038238E-4            0.
       10390.   9.499134E-5            0.
       10400.   1.085928E-4            0.
       10410.   9.679957E-5            0.
       10420.   8.783794E-5            0.
       10430.   8.572172E-5            0.
       10440.   7.624344E-5            0.
       10450.   5.986015E-5            0.
       10460.   6.333749E-5            0.
       10470.   4.941815E-5            0.
       10480.   5.710807E-5            0.
       10490.   4.582158E-5            0.
       10500.   5.934351E-5            0.
       10510.   5.363072E-5            0.
       10520.   5.098793E-5            0.
       10530.   5.067000E-5            0.
       10540.   4.569242E-5            0.
       10550.   4.995465E-5            0.
       10560.   5.791283E-5            0.
       10570.   5.913487E-5            0.
       10580.   7.490219E-5            0.
       10590.   9.132522E-5            0.
       10600.   1.070031E-4            0.
       10610.   1.434656E-4            0.
       10620.   1.641311E-4            0.
       10630.   1.942350E-4            0.
       10640.   2.122179E-4            0.
       10650.   2.336781E-4            0.
       10660.   2.427192E-4            0.
       10670.   2.540455E-4            0.
       10680.   2.514623E-4            0.
       10690.   2.411296E-4            0.
       10700.   2.303001E-4            0.
       10710.   2.208616E-4            0.
       10720.   2.069522E-4            0.
       10730.   1.945331E-4            0.
       10740.   1.982091E-4            0.
       10750.   1.784379E-4            0.
       10760.   1.743644E-4            0.
       10770.   1.619453E-4            0.
       10780.   1.536990E-4            0.
       10790.   1.543945E-4            0.
       10800.   1.620446E-4            0.
       10810.   1.489301E-4            0.
       10820.   1.572757E-4            0.
       10830.   1.712845E-4            0.
       10840.   1.858894E-4            0.
       10850.   2.057599E-4            0.
       10860.   2.121185E-4            0.
       10870.   2.467927E-4            0.
       10880.   2.629872E-4            0.
       10890.   2.820630E-4            0.
       10900.   2.898125E-4            0.
       10910.   2.976614E-4            0.
       10920.   3.022316E-4            0.
       10930.   3.004433E-4            0.
       10940.   2.993504E-4            0.
       10950.   3.083915E-4            0.
       10960.   3.065038E-4            0.
       10970.   3.129618E-4            0.
       10980.   3.343226E-4            0.
       10990.   3.583661E-4            0.
       11000.   3.509146E-4            0.
