        1900.            0.            0.
        1950.            0.            0.
        2000.            0.            0.
        2050.            0.            0.
        2100.            0.            0.
        2150.            0.            0.
        2200.            0.            0.
        2250.            0.            0.
        2300.            0.            0.
        2350.            0.            0.
        2400.            0.            0.
        2450.            0.            0.
        2500.            0.            0.
        2550.            0.            0.
        2600.            0.            0.
        2650.            0.            0.
        2700.            0.            0.
        2750.            0.            0.
        2800.            0.            0.
        2850.            0.            0.
        2900.            0.            0.
        2950.            0.            0.
        3000.            0.            0.
        3050.            0.            0.
        3100.            0.            0.
        3150.            0.            0.
        3200.            0.            0.
        3250.            0.            0.
        3300.            0.            0.
        3350.            0.            0.
        3400.            0.            0.
        3450.            0.            0.
        3500.            0.            0.
        3550.            0.            0.
        3600.            0.            0.
        3650.            0.            0.
        3700.            0.            0.
        3750.            0.            0.
        3800.            0.            0.
        3850.            0.            0.
        3900.            0.            0.
        3950.            0.            0.
        4000.            0.            0.
        4050.            0.            0.
        4100.            0.            0.
        4150.            0.            0.
        4200.            0.            0.
        4250.            0.            0.
        4300.            0.            0.
        4350.            0.            0.
        4400.            0.            0.
        4450.            0.            0.
        4500.            0.            0.
        4550.            0.            0.
        4600.            0.            0.
        4650.            0.            0.
        4700.            0.            0.
        4750.            0.            0.
        4800.            0.            0.
        4850.            0.            0.
        4900.            0.            0.
        4950.            0.            0.
        5000.            0.            0.
        5050.            0.            0.
        5100.            0.            0.
        5150.            0.            0.
        5200.            0.            0.
        5250.            0.            0.
        5300.            0.            0.
        5350.            0.            0.
        5400.            0.            0.
        5450.            0.            0.
        5500.            0.            0.
        5550.            0.            0.
        5600.            0.            0.
        5650.            0.            0.
        5700.            0.            0.
        5750.            0.            0.
        5800.            0.            0.
        5850.            0.            0.
        5900.            0.            0.
        5950.            0.            0.
        6000.            0.            0.
        6050.            0.            0.
        6100.            0.            0.
        6150.            0.            0.
        6200.            0.            0.
        6250.            0.            0.
        6300.            0.            0.
        6350.            0.            0.
        6400.            0.            0.
        6450.            0.            0.
        6500.            0.            0.
        6550.            0.            0.
        6600.            0.            0.
        6650.            0.            0.
        6700.            0.            0.
        6750.            0.            0.
        6800.            0.            0.
        6850.            0.            0.
        6900.            0.            0.
        6950.            0.            0.
        7000.            0.            0.
        7050.            0.            0.
        7100.            0.            0.
        7150.            0.            0.
        7200.            0.            0.
        7250.            0.            0.
        7300.            0.            0.
        7350.            0.            0.
        7400.            0.            0.
        7450.            0.            0.
        7500.            0.            0.
        7550.            0.            0.
        7600.            0.            0.
        7650.            0.            0.
        7700.            0.            0.
        7750.            0.            0.
        7800.            0.            0.
        7850.            0.            0.
        7900.            0.            0.
        8310.   0.003960892            0.
        8320.    0.01010449            0.
        8330.    0.01656545            0.
        8340.    0.02499218            0.
        8350.    0.03394752            0.
        8360.    0.04509316            0.
        8370.     0.0566812            0.
        8380.    0.07136236            0.
        8390.    0.08550164            0.
        8400.     0.1036501            0.
        8410.     0.1212615            0.
        8420.     0.1412222            0.
        8430.     0.1620072            0.
        8440.     0.1846016            0.
        8450.      0.207215            0.
        8460.     0.2325568            0.
        8470.     0.2563637            0.
        8480.     0.2826718            0.
        8490.     0.3076157            0.
        8500.     0.3345868            0.
        8510.     0.3593697            0.
        8520.     0.3864451            0.
        8530.     0.4110006            0.
        8540.     0.4365128            0.
        8550.     0.4594482            0.
        8560.      0.483748            0.
        8570.     0.5057455            0.
        8580.      0.527743            0.
        8590.      0.546766            0.
        8600.     0.5671152            0.
        8610.     0.5850581            0.
        8620.     0.6038725            0.
        8630.     0.6206976            0.
        8640.      0.637731            0.
        8650.     0.6516761            0.
        8660.     0.6671085            0.
        8670.     0.6801915            0.
        8680.     0.6932555            0.
        8690.     0.7057984            0.
        8700.     0.7174509            0.
        8710.     0.7289139            0.
        8720.     0.7389938            0.
        8730.        0.7486            0.
        8740.     0.7581493            0.
        8750.     0.7658228            0.
        8760.      0.775088            0.
        8770.     0.7825153            0.
        8780.     0.7889953            0.
        8790.     0.7957783            0.
        8800.     0.8024856            0.
        8810.     0.8079233            0.
        8820.     0.8127549            0.
        8830.     0.8167149            0.
        8840.     0.8225126            0.
        8850.     0.8264726            0.
        8860.     0.8291252            0.
        8870.     0.8335399            0.
        8880.     0.8370451            0.
        8890.     0.8412513            0.
        8900.     0.8436387            0.
        8910.     0.8479965            0.
        8920.     0.8502322            0.
        8930.     0.8525437            0.
        8940.      0.855329            0.
        8950.     0.8567879            0.
        8960.     0.8588531            0.
        8970.     0.8617899            0.
        8980.     0.8618088            0.
        8990.     0.8652572            0.
        9000.     0.8666025            0.
        9010.     0.8661668            0.
        9020.     0.8690467            0.
        9030.      0.871093            0.
        9040.     0.8719456            0.
        9050.     0.8736319            0.
        9060.     0.8749583            0.
        9070.     0.8744656            0.
        9080.     0.8762087            0.
        9090.     0.8769097            0.
        9100.     0.8776298            0.
        9110.     0.8792781            0.
        9120.     0.8791834            0.
        9130.      0.880036            0.
        9140.     0.8810592            0.
        9150.     0.8805476            0.
        9160.     0.8826507            0.
        9170.     0.8816276            0.
        9180.     0.8829539            0.
        9190.     0.8829349            0.
        9200.     0.8838633            0.
        9210.     0.8840528            0.
        9220.      0.885076            0.
        9230.     0.8862696            0.
        9240.     0.8859475            0.
        9250.     0.8862317            0.
        9260.     0.8858529            0.
        9270.     0.8873117            0.
        9280.     0.8861938            0.
        9290.      0.885796            0.
        9300.      0.887956            0.
        9310.     0.8862507            0.
        9320.     0.8879938            0.
        9330.     0.8870276            0.
        9340.      0.889017            0.
        9350.     0.8878612            0.
        9360.     0.8882212            0.
        9370.     0.8896232            0.
        9380.     0.8889033            0.
        9390.     0.8878423            0.
        9400.      0.889377            0.
        9410.     0.8882212            0.
        9420.     0.8887896            0.
        9430.     0.8900022            0.
        9440.     0.8896612            0.
        9450.     0.8896991            0.
        9460.     0.8892444            0.
        9470.     0.8909685            0.
        9480.     0.8906843            0.
        9490.     0.8895665            0.
        9500.     0.8902864            0.
        9510.     0.8905517            0.
        9520.     0.8904001            0.
        9530.     0.8897938            0.
        9540.     0.8903055            0.
        9550.     0.8902674            0.
        9560.     0.8916127            0.
        9570.     0.8890927            0.
        9580.     0.8899075            0.
        9590.     0.8907601            0.
        9600.     0.8902296            0.
        9610.     0.8898506            0.
        9620.     0.8900022            0.
        9630.     0.8906274            0.
        9640.     0.8905706            0.
        9650.     0.8909685            0.
        9660.     0.8909495            0.
        9670.     0.8904001            0.
        9680.     0.8886759            0.
        9690.     0.8910821            0.
        9700.     0.8913475            0.
        9710.     0.8903623            0.
        9720.     0.8916316            0.
        9730.     0.8897748            0.
        9740.     0.8898696            0.
        9750.     0.8903812            0.
        9760.     0.8911959            0.
        9770.     0.8921621            0.
        9780.     0.8906843            0.
        9790.     0.8915558            0.
        9800.     0.8911959            0.
        9810.     0.8900022            0.
        9820.     0.8911769            0.
        9830.     0.8907033            0.
        9840.     0.8894338            0.
        9850.     0.8910821            0.
        9860.     0.8906843            0.
        9870.     0.8914422            0.
        9880.     0.8912718            0.
        9890.     0.8915558            0.
        9900.     0.8909685            0.
        9910.     0.8904001            0.
        9920.     0.8904001            0.
        9930.     0.8908738            0.
        9940.     0.8907222            0.
        9950.      0.890798            0.
        9960.     0.8910254            0.
        9970.     0.8901727            0.
        9980.     0.8916506            0.
        9990.     0.8913096            0.
       10000.      0.891158            0.
       10010.     0.8915938            0.
       10020.     0.8921811            0.
       10030.     0.8922948            0.
       10040.     0.8907033            0.
       10050.     0.8912907            0.
       10060.     0.8908738            0.
       10070.     0.8892822            0.
       10080.     0.8901538            0.
       10090.     0.8899833            0.
       10100.     0.8896043            0.
       10110.     0.8887327            0.
       10120.     0.8897179            0.
       10130.     0.8911201            0.
       10140.     0.8906274            0.
       10150.     0.8904949            0.
       10160.     0.8902864            0.
       10170.     0.8905328            0.
       10180.     0.8909116            0.
       10190.     0.8906274            0.
       10200.     0.8903812            0.
       10210.     0.8896801            0.
       10220.     0.8906464            0.
       10230.     0.8910444            0.
       10240.     0.8914422            0.
       10250.      0.890779            0.
       10260.     0.8887516            0.
       10270.      0.889756            0.
       10280.     0.8890738            0.
       10290.     0.8894907            0.
       10300.     0.8900591            0.
       10310.     0.8899454            0.
       10320.     0.8887896            0.
       10330.     0.8895474            0.
       10340.     0.8896043            0.
       10350.      0.889339            0.
       10360.     0.8898885            0.
       10370.     0.8892254            0.
       10380.     0.8895285            0.
       10390.     0.8886191            0.
       10400.     0.8891875            0.
       10410.     0.8887516            0.
       10420.     0.8882212            0.
       10430.     0.8877475            0.
       10440.     0.8883538            0.
       10450.     0.8889222            0.
       10460.     0.8888843            0.
       10470.     0.8902674            0.
       10480.     0.8884107            0.
       10490.     0.8888275            0.
       10500.     0.8882591            0.
       10510.     0.8881643            0.
       10520.     0.8872928            0.
       10530.     0.8878612            0.
       10540.     0.8885623            0.
       10550.     0.8888275            0.
       10560.     0.8872738            0.
       10570.     0.8880885            0.
       10580.     0.8866107            0.
       10590.     0.8877664            0.
       10600.     0.8868571            0.
       10610.     0.8873875            0.
       10620.     0.8884107            0.
       10630.     0.8866107            0.
       10640.     0.8874065            0.
       10650.     0.8876716            0.
       10660.      0.887956            0.
       10670.     0.8876528            0.
       10680.     0.8855686            0.
       10690.     0.8871791            0.
       10700.     0.8864022            0.
       10710.     0.8862507            0.
       10720.     0.8855876            0.
       10730.     0.8866107            0.
       10740.     0.8867433            0.
       10750.     0.8879369            0.
       10760.     0.8882212            0.
       10770.     0.8877286            0.
       10780.     0.8867433            0.
       10790.     0.8868759            0.
       10800.     0.8864022            0.
       10810.     0.8862507            0.
       10820.     0.8869706            0.
       10830.     0.8878043            0.
       10840.     0.8847349            0.
       10850.     0.8855686            0.
       10860.     0.8854928            0.
       10870.     0.8850948            0.
       10880.     0.8856633            0.
       10890.     0.8858149            0.
       10900.     0.8869517            0.
       10910.     0.8852275            0.
       10920.     0.8856823            0.
       10930.     0.8851897            0.
       10940.     0.8843371            0.
       10950.     0.8838633            0.
       10960.     0.8848675            0.
       10970.     0.8848485            0.
       10980.     0.8856633            0.
       10990.     0.8845265            0.
       11000.     0.8856065            0.
