        1850.   2.105769E-6            0.
        1860.   3.241927E-6            0.
        1870.   7.081126E-5            0.
        1880.   3.736782E-7            0.
        1890.   4.903569E-6            0.
        1900.   1.533382E-4            0.
        1910.   8.973446E-7            0.
        1920.   1.624313E-5            0.
        1930.   3.558749E-6            0.
        1940.   2.973920E-5            0.
        1950.   1.996652E-5            0.
        1960.   8.014365E-6            0.
        1970.   7.798045E-6            0.
        1980.   2.830344E-5            0.
        1990.   2.886817E-5            0.
        2000.   3.180668E-6            0.
        2010.   2.661883E-5            0.
        2020.   2.341232E-5            0.
        2030.   5.755448E-7            0.
        2040.   6.135444E-5            0.
        2050.   1.732473E-5            0.
        2060.   8.233555E-6            0.
        2070.   3.258198E-6            0.
        2080.   3.026564E-7            0.
        2090.   1.586984E-6            0.
        2100.   2.233072E-6            0.
        2110.   9.387900E-6            0.
        2120.   1.099786E-5            0.
        2130.   6.130658E-6            0.
        2140.   5.623360E-7            0.
        2150.   3.026564E-7            0.
        2160.   1.977508E-6            0.
        2170.   3.826756E-6            0.
        2180.   3.487918E-7            0.
        2190.   5.361096E-7            0.
        2200.   2.099069E-6            0.
        2210.   3.026564E-7            0.
        2220.   8.318743E-7            0.
        2230.   3.776983E-7            0.
        2240.   5.119890E-7            0.
        2250.   8.665238E-7            0.
        2260.   1.773631E-6            0.
        2270.   3.026564E-7            0.
        2280.   3.026564E-7            0.
        2290.   4.087105E-6            0.
        2300.   5.876052E-6            0.
        2310.   9.500845E-6            0.
        2320.   1.054799E-6            0.
        2330.   3.232355E-7            0.
        2340.   3.310843E-7            0.
        2350.   3.174925E-7            0.
        2360.   1.506582E-6            0.
        2370.   3.116538E-7            0.
        2380.   3.603736E-7            0.
        2390.   3.026564E-7            0.
        2400.   2.756643E-6            0.
        2410.   3.026564E-7            0.
        2420.   7.794216E-7            0.
        2430.   6.208189E-7            0.
        2440.   6.047385E-7            0.
        2450.   2.313474E-6            0.
        2460.   4.174208E-7            0.
        2470.   7.411349E-7            0.
        2480.   2.416848E-6            0.
        2490.   2.659969E-6            0.
        2500.   1.015555E-6            0.
        2510.   3.026564E-7            0.
        2520.   3.026564E-7            0.
        2530.   7.902376E-7            0.
        2540.   3.199811E-7            0.
        2550.   3.026564E-7            0.
        2560.   5.114147E-7            0.
        2570.   4.776267E-7            0.
        2580.   3.924387E-6            0.
        2590.   6.172774E-7            0.
        2600.   6.310606E-7            0.
        2610.   5.188806E-6            0.
        2620.   1.355349E-6            0.
        2630.   6.956694E-6            0.
        2640.   1.711416E-6            0.
        2650.   3.365401E-7            0.
        2660.   9.810967E-7            0.
        2670.   3.026564E-7            0.
        2680.   6.496297E-7            0.
        2690.   2.819816E-6            0.
        2700.   4.968657E-7            0.
        2710.   7.937791E-7            0.
        2720.   3.026564E-7            0.
        2730.   3.026564E-7            0.
        2740.   2.337403E-6            0.
        2750.   5.382153E-7            0.
        2760.   3.026564E-7            0.
        2770.   3.026564E-7            0.
        2780.   3.304143E-7            0.
        2790.   3.881314E-6            0.
        2800.   3.524291E-7            0.
        2810.   2.880117E-6            0.
        2820.   2.903089E-6            0.
        2830.   5.822450E-6            0.
        2840.   1.317063E-6            0.
        2850.   3.026564E-7            0.
        2860.   3.026564E-7            0.
        2870.   4.052648E-7            0.
        2880.   7.883232E-7            0.
        2890.   3.026564E-7            0.
        2900.   8.713097E-7            0.
        2910.   3.450589E-6            0.
        2920.   6.669543E-7            0.
        2930.   7.136642E-7            0.
        2940.   3.026564E-7            0.
        2950.   3.150996E-6            0.
        2960.   5.369710E-7            0.
        2970.   1.090214E-6            0.
        2980.   3.026564E-7            0.
        2990.   5.717162E-7            0.
        3000.   8.324486E-7            0.
        3010.   1.946879E-6            0.
        3020.   3.093566E-7            0.
        3030.   3.026564E-7            0.
        3040.   3.961717E-7            0.
        3050.   3.026564E-7            0.
        3060.   7.869832E-7            0.
        3070.   3.026564E-7            0.
        3080.   4.887298E-7            0.
        3090.   3.764540E-7            0.
        3100.   1.337163E-6            0.
        3110.   1.948793E-6            0.
        3120.   1.489353E-6            0.
        3130.   2.399619E-6            0.
        3140.   5.369710E-7            0.
        3150.   8.725540E-6            0.
        3160.   7.940662E-7            0.
        3170.   3.026564E-7            0.
        3180.   3.241927E-6            0.
        3190.   4.659491E-6            0.
        3200.   6.242647E-7            0.
        3210.   7.012210E-7            0.
        3220.   3.026564E-7            0.
        3230.   6.413023E-7            0.
        3240.   3.113666E-6            0.
        3250.   1.915292E-6            0.
        3260.   3.794212E-7            0.
        3270.   3.421874E-7            0.
        3280.   8.483376E-7            0.
        3290.   1.025126E-6            0.
        3300.   2.569038E-6            0.
        3310.   3.026564E-7            0.
        3320.   3.684138E-6            0.
        3330.   6.293376E-7            0.
        3340.   3.465904E-7            0.
        3350.   1.482653E-6            0.
        3360.   6.623599E-6            0.
        3370.   3.902372E-6            0.
        3380.   6.141187E-6            0.
        3390.   5.455855E-7            0.
        3400.   3.026564E-7            0.
        3410.   1.329506E-6            0.
        3420.   6.752817E-7            0.
        3430.   9.868397E-7            0.
        3440.   3.098351E-7            0.
        3450.   3.026564E-7            0.
        3460.   2.803544E-6            0.
        3470.   3.377844E-7            0.
        3480.   6.805461E-7            0.
        3490.   3.274471E-7            0.
        3500.   6.256047E-7            0.
        3510.   3.026564E-7            0.
        3520.   3.767412E-7            0.
        3530.   3.026564E-7            0.
        3540.   4.949513E-7            0.
        3550.   1.078728E-6            0.
        3560.   9.734395E-7            0.
        3570.   1.431923E-6            0.
        3580.   2.416848E-6            0.
        3590.   5.835851E-7            0.
        3600.   1.790861E-6            0.
        3610.   2.098111E-6            0.
        3620.   9.954543E-7            0.
        3630.   4.561861E-6            0.
        3640.   1.267290E-6            0.
        3650.   3.109838E-6            0.
        3660.   4.019147E-6            0.
        3670.   3.597036E-6            0.
        3680.   4.405842E-6            0.
        3690.   4.082320E-6            0.
        3700.   1.658771E-6            0.
        3710.   5.463513E-6            0.
        3720.   4.872940E-6            0.
        3730.   7.855474E-6            0.
        3740.   6.569998E-6            0.
        3750.   9.791824E-6            0.
        3760.   1.952622E-5            0.
        3770.   2.120126E-5            0.
        3780.   3.056236E-5            0.
        3790.   4.162722E-5            0.
        3800.   5.773635E-5            0.
        3810.   8.083280E-5            0.
        3820.   1.272076E-4            0.
        3830.   1.896149E-4            0.
        3840.   3.070594E-4            0.
        3850.   4.886340E-4            0.
        3860.   8.659495E-4            0.
        3870.   0.001456809            0.
        3880.   0.002768128            0.
        3890.   0.004993543            0.
        3900.    0.01019383            0.
        3910.    0.01999523            0.
        3920.    0.02130655            0.
        3922.    0.02467578            0.
        3924.    0.02860974            0.
        3926.    0.03307014            0.
        3928.    0.03824842            0.
        3930.    0.04450829            0.
        3932.    0.05100746            0.
        3934.    0.05989954            0.
        3936.    0.06891607            0.
        3938.    0.07953105            0.
        3940.    0.09161051            0.
        3942.     0.1046184            0.
        3944.     0.1203159            0.
        3946.     0.1365878            0.
        3948.     0.1549655            0.
        3950.     0.1746831            0.
        3952.     0.1963151            0.
        3954.     0.2201486            0.
        3956.     0.2430248            0.
        3958.     0.2665712            0.
        3960.     0.2894475            0.
        3962.     0.3121324            0.
        3964.        0.3352            0.
        3966.     0.3558749            0.
        3968.     0.3747311            0.
        3970.     0.3918644            0.
        3972.     0.4067006            0.
        3974.     0.4200052            0.
        3976.     0.4313954            0.
        3978.     0.4412543            0.
        3980.     0.4489116            0.
        3982.     0.4554203            0.
        3984.     0.4616419            0.
        3986.     0.4652791            0.
        3988.     0.4685335            0.
        3990.     0.4721707            0.
        3992.     0.4747551            0.
        3994.     0.4759994            0.
        3996.     0.4776267            0.
        3998.     0.4789667            0.
        4000.     0.4811681            0.
        4002.     0.4823167            0.
        4004.     0.4847097            0.
        4006.     0.4856668            0.
        4008.     0.4881555            0.
        4010.     0.4890169            0.
        4012.     0.4909313            0.
        4014.     0.4932284            0.
        4016.     0.4945686            0.
        4018.     0.4958128            0.
        4020.     0.4985886            0.
        4022.     0.5002157            0.
        4024.     0.5016515            0.
        4026.     0.5039487            0.
        4028.     0.5054802            0.
        4030.     0.5075861            0.
        4032.     0.5101703            0.
        4034.     0.5125632            0.
        4036.     0.5146691            0.
        4038.      0.517732            0.
        4040.     0.5202206            0.
        4042.     0.5218478            0.
        4044.     0.5247192            0.
        4046.     0.5269207            0.
        4048.     0.5290264            0.
        4050.     0.5326637            0.
        4052.     0.5340038            0.
        4054.     0.5372581            0.
        4056.      0.540704            0.
        4058.     0.5431926            0.
        4060.     0.5452026            0.
        4062.     0.5479785            0.
        4064.     0.5500841            0.
        4066.     0.5531471            0.
        4068.     0.5558273            0.
        4070.     0.5593687            0.
        4072.     0.5610916            0.
        4074.     0.5649202            0.
        4076.     0.5677918            0.
        4078.     0.5698976            0.
        4080.     0.5740134            0.
        4082.     0.5761192            0.
        4084.     0.5800435            0.
        4086.     0.5832022            0.
        4088.     0.5846379            0.
        4090.     0.5889452            0.
        4092.     0.5921039            0.
        4094.      0.594401            0.
        4096.     0.5972725            0.
        4098.     0.6009099            0.
        4100.     0.6038771            0.
        4102.     0.6055999            0.
        4104.     0.6092371            0.
        4106.     0.6129701            0.
        4108.      0.615746            0.
        4110.     0.6179474            0.
        4112.     0.6218717            0.
        4114.     0.6249347            0.
        4116.      0.627902            0.
        4118.     0.6302949            0.
        4120.      0.633262            0.
        4122.     0.6368994            0.
        4124.     0.6374735            0.
        4126.     0.6419723            0.
        4128.     0.6453224            0.
        4130.     0.6464711            0.
        4132.     0.6505868            0.
        4134.     0.6527882            0.
        4136.     0.6541283            0.
        4138.     0.6569998            0.
        4140.     0.6586269            0.
        4142.     0.6616899            0.
        4144.     0.6633171            0.
        4146.      0.664753            0.
        4148.     0.6665715            0.
        4150.     0.6684859            0.
        4152.     0.6704959            0.
        4154.     0.6722188            0.
        4156.     0.6731761            0.
        4158.     0.6747074            0.
        4160.     0.6757603            0.
        4162.     0.6766218            0.
        4164.     0.6783447            0.
        4166.     0.6794933            0.
        4168.     0.6794933            0.
        4170.     0.6802589            0.
        4172.     0.6805462            0.
        4174.     0.6818861            0.
        4176.     0.6821733            0.
        4178.     0.6819819            0.
        4180.     0.6815991            0.
        4182.     0.6815032            0.
        4184.     0.6817905            0.
        4186.     0.6817905            0.
        4188.     0.6811204            0.
        4190.     0.6806418            0.
        4192.      0.680929            0.
        4194.     0.6805462            0.
        4196.     0.6793976            0.
        4198.     0.6786317            0.
        4200.     0.6794933            0.
        4202.     0.6780575            0.
        4204.     0.6761432            0.
        4206.     0.6760476            0.
        4208.     0.6752817            0.
        4210.      0.674516            0.
        4212.     0.6747074            0.
        4214.      0.674516            0.
        4216.     0.6726973            0.
        4218.     0.6729845            0.
        4220.     0.6711659            0.
        4222.     0.6708788            0.
        4224.     0.6697301            0.
        4226.     0.6693473            0.
        4228.     0.6683901            0.
        4230.     0.6676244            0.
        4232.     0.6668586            0.
        4234.     0.6669543            0.
        4236.     0.6655186            0.
        4238.     0.6655186            0.
        4240.     0.6648486            0.
        4242.     0.6642743            0.
        4244.     0.6636043            0.
        4246.     0.6641786            0.
        4248.     0.6625514            0.
        4250.     0.6636043            0.
        4252.       0.66236            0.
        4254.     0.6620728            0.
        4256.     0.6631258            0.
        4258.     0.6621685            0.
        4260.     0.6625514            0.
        4262.     0.6635086            0.
        4264.     0.6640829            0.
        4266.        0.6637            0.
        4268.     0.6644657            0.
        4270.     0.6632214            0.
        4272.     0.6646572            0.
        4274.     0.6642743            0.
        4276.     0.6646572            0.
        4278.     0.6666672            0.
        4280.      0.664753            0.
        4282.     0.6664759            0.
        4284.     0.6668586            0.
        4286.     0.6666672            0.
        4288.     0.6673372            0.
        4290.     0.6678158            0.
        4292.     0.6690602            0.
        4294.     0.6685815            0.
        4296.     0.6691558            0.
        4298.     0.6688688            0.
        4300.     0.6699216            0.
        4302.     0.6695387            0.
        4304.     0.6693473            0.
        4306.     0.6700173            0.
        4308.     0.6696344            0.
        4310.     0.6697301            0.
        4312.     0.6699216            0.
        4314.     0.6695387            0.
        4316.     0.6690602            0.
        4318.     0.6695387            0.
        4320.     0.6692516            0.
        4322.     0.6686773            0.
        4324.     0.6678158            0.
        4326.     0.6681031            0.
        4328.     0.6671457            0.
        4330.     0.6677201            0.
        4332.     0.6668586            0.
        4334.     0.6651358            0.
        4336.      0.664753            0.
        4338.     0.6641786            0.
        4340.     0.6633171            0.
        4342.     0.6624557            0.
        4344.       0.66303            0.
        4346.     0.6604457            0.
        4348.     0.6604457            0.
        4350.     0.6598713            0.
        4352.     0.6576698            0.
        4354.     0.6580528            0.
        4356.     0.6563299            0.
        4358.      0.655947            0.
        4360.     0.6547027            0.
        4362.     0.6530755            0.
        4364.      0.652214            0.
        4366.     0.6511611            0.
        4368.     0.6518311            0.
        4370.     0.6496297            0.
        4372.     0.6473324            0.
        4374.     0.6463752            0.
        4376.     0.6457053            0.
        4378.     0.6441737            0.
        4380.     0.6430252            0.
        4382.     0.6426423            0.
        4384.     0.6409194            0.
        4386.     0.6394837            0.
        4388.     0.6396751            0.
        4390.     0.6373779            0.
        4392.     0.6363249            0.
        4394.     0.6346979            0.
        4396.     0.6338364            0.
        4398.      0.632592            0.
        4400.     0.6306778            0.
        4402.     0.6295291            0.
        4404.     0.6286676            0.
        4406.     0.6276148            0.
        4408.      0.626562            0.
        4410.     0.6250304            0.
        4412.     0.6238818            0.
        4414.     0.6225418            0.
        4416.     0.6208189            0.
        4418.     0.6198617            0.
        4420.     0.6186174            0.
        4422.     0.6172773            0.
        4424.     0.6152674            0.
        4426.     0.6136402            0.
        4428.     0.6123001            0.
        4430.     0.6111515            0.
        4432.     0.6092371            0.
        4434.     0.6078972            0.
        4436.     0.6055999            0.
        4438.     0.6042599            0.
        4440.     0.6026327            0.
        4442.     0.6014841            0.
        4444.     0.5995697            0.
        4446.     0.5973682            0.
        4448.     0.5962198            0.
        4450.     0.5942097            0.
        4452.     0.5919123            0.
        4454.     0.5899024            0.
        4456.     0.5884666            0.
        4458.     0.5856909            0.
        4460.     0.5851166            0.
        4462.     0.5816707            0.
        4464.     0.5807136            0.
        4466.     0.5787992            0.
        4468.     0.5772678            0.
        4470.     0.5743963            0.
        4472.     0.5724819            0.
        4474.      0.570089            0.
        4476.     0.5684618            0.
        4478.     0.5656861            0.
        4480.      0.564346            0.
        4482.     0.5625274            0.
        4484.     0.5598474            0.
        4486.     0.5583159            0.
        4488.     0.5563058            0.
        4490.       0.55353            0.
        4492.     0.5526686            0.
        4494.     0.5488399            0.
        4496.     0.5473084            0.
        4498.      0.545107            0.
        4500.     0.5428097            0.
        4502.     0.5401297            0.
        4504.      0.538981            0.
        4506.     0.5364925            0.
        4508.     0.5344823            0.
        4510.     0.5318022            0.
        4512.     0.5297922            0.
        4514.     0.5277821            0.
        4516.     0.5261551            0.
        4518.     0.5232835            0.
        4520.     0.5208906            0.
        4522.     0.5194549            0.
        4524.     0.5158175            0.
        4526.     0.5132332            0.
        4528.     0.5110318            0.
        4530.     0.5084474            0.
        4532.      0.506246            0.
        4534.     0.5032787            0.
        4536.       0.49945            0.
        4538.     0.4970571            0.
        4540.     0.4938028            0.
        4542.     0.4911227            0.
        4544.     0.4874854            0.
        4546.     0.4847097            0.
        4548.     0.4820296            0.
        4550.     0.4789667            0.
        4552.     0.4755208            0.
        4554.     0.4711178            0.
        4556.     0.4683421            0.
        4558.     0.4648964            0.
        4560.     0.4610676            0.
        4562.     0.4573347            0.
        4564.      0.453506            0.
        4566.     0.4500602            0.
        4568.     0.4463272            0.
        4570.     0.4427857            0.
        4572.     0.4387656            0.
        4574.     0.4351284            0.
        4576.     0.4317783            0.
        4578.     0.4276625            0.
        4580.     0.4239295            0.
        4582.     0.4205794            0.
        4584.     0.4173251            0.
        4586.     0.4130177            0.
        4588.     0.4098592            0.
        4590.     0.4068919            0.
        4592.     0.4037333            0.
        4594.     0.4006703            0.
        4596.     0.3979903            0.
        4598.     0.3955974            0.
        4600.     0.3931087            0.
        4602.     0.3908116            0.
        4604.     0.3888015            0.
        4606.     0.3862171            0.
        4608.     0.3844941            0.
        4610.     0.3836328            0.
        4612.      0.381527            0.
        4614.     0.3806655            0.
        4616.     0.3797083            0.
        4618.     0.3792298            0.
        4620.     0.3787512            0.
        4622.     0.3789426            0.
        4624.     0.3788469            0.
        4626.     0.3795169            0.
        4628.     0.3796126            0.
        4630.      0.381527            0.
        4632.     0.3819098            0.
        4634.     0.3833456            0.
        4636.     0.3843985            0.
        4638.     0.3860256            0.
        4640.     0.3873657            0.
        4642.     0.3890886            0.
        4644.     0.3904287            0.
        4646.     0.3914816            0.
        4648.     0.3920558            0.
        4650.     0.3928216            0.
        4652.     0.3924387            0.
        4654.      0.392343            0.
        4656.     0.3903329            0.
        4658.     0.3888015            0.
        4660.     0.3841114            0.
        4662.     0.3786555            0.
        4664.      0.372721            0.
        4666.     0.3635322            0.
        4668.     0.3553006            0.
        4670.     0.3434317            0.
        4672.     0.3310843            0.
        4674.     0.3162481            0.
        4676.     0.3016992            0.
        4678.     0.2864802            0.
        4680.     0.2699213            0.
        4682.     0.2523094            0.
        4684.     0.2341232            0.
        4686.     0.2172771            0.
        4688.     0.1997608            0.
        4690.     0.1826276            0.
        4692.     0.1665472            0.
        4694.     0.1513282            0.
        4696.     0.1374493            0.
        4698.     0.1239532            0.
        4700.     0.1116058            0.
        4702.     0.1003112            0.
        4704.     0.0904332            0.
        4706.    0.08111995            0.
        4708.    0.07316589            0.
        4710.    0.06539369            0.
        4712.    0.05871266            0.
        4714.    0.05275907            0.
        4716.    0.04730322            0.
        4718.    0.04252696            0.
        4720.    0.03821013            0.
        4722.    0.03441018            0.
        4724.    0.03100266            0.
        4726.    0.02810244            0.
        4728.    0.02533623            0.
        4730.    0.02296245            0.
        4732.    0.02069396            0.
        4734.    0.01888492            0.
        4736.    0.01711416            0.
        4738.    0.01557312            0.
        4740.    0.01404165            0.
        4742.    0.01284519            0.
        4744.    0.01161044            0.
        4746.     0.0105767            0.
        4748.   0.009724823            0.
        4760.   0.006270405            0.
        4770.   0.004264182            0.
        4780.   0.002802587            0.
        4790.   0.001968894            0.
        4800.   0.001337163            0.
        4810.   9.686536E-4            0.
        4820.   6.790147E-4            0.
        4830.   5.033744E-4            0.
        4840.   3.605650E-4            0.
        4850.   2.720270E-4            0.
        4860.   1.992823E-4            0.
        4870.   1.538168E-4            0.
        4880.   1.151473E-4            0.
        4890.   8.996418E-5            0.
        4900.   6.848534E-5            0.
        4910.   5.410868E-5            0.
        4920.   4.201008E-5            0.
        4930.   3.388373E-5            0.
        4940.   2.684855E-5            0.
        4950.   2.210100E-5            0.
        4960.   1.768846E-5            0.
        4970.   1.488396E-5            0.
        4980.   1.205074E-5            0.
        4990.   1.026084E-5            0.
        5000.   8.565694E-6            0.
        5010.   7.129941E-6            0.
        5020.   5.810007E-6            0.
        5030.   4.912184E-6            0.
        5040.   4.123478E-6            0.
        5050.   3.323286E-6            0.
        5060.   2.928933E-6            0.
        5070.   2.427377E-6            0.
        5080.   2.057910E-6            0.
        5090.   1.835847E-6            0.
        5100.   1.621442E-6            0.
        5110.   1.468295E-6            0.
        5120.   1.284519E-6            0.
        5130.   1.097871E-6            0.
        5140.   9.420444E-7            0.
        5150.   9.753538E-7            0.
        5160.   8.184740E-7            0.
        5170.   7.964592E-7            0.
        5180.   7.150999E-7            0.
        5190.   7.270645E-7            0.
        5200.   6.410151E-7            0.
        5210.   5.762149E-7            0.
        5220.   4.948556E-7            0.
        5230.   3.851642E-7            0.
        5240.   4.089977E-7            0.
        5250.   3.081122E-7            0.
        5260.   3.266813E-7            0.
        5270.   3.026564E-7            0.
        5280.   3.565449E-7            0.
        5290.   3.153867E-7            0.
        5300.   3.026564E-7            0.
        5310.   3.026564E-7            0.
        5320.   3.026564E-7            0.
        5330.   3.977989E-7            0.
        5340.   3.026564E-7            0.
        5350.   3.026564E-7            0.
        5360.   3.026564E-7            0.
        5370.   3.026564E-7            0.
        5380.   3.026564E-7            0.
        5390.   3.026564E-7            0.
        5400.   3.026564E-7            0.
        5410.   3.026564E-7            0.
        5420.   3.026564E-7            0.
        5430.   3.026564E-7            0.
        5440.   3.026564E-7            0.
        5450.   3.026564E-7            0.
        5460.   3.026564E-7            0.
        5470.   3.026564E-7            0.
        5480.   3.026564E-7            0.
        5490.   3.026564E-7            0.
        5500.   3.026564E-7            0.
        5510.   3.026564E-7            0.
        5520.   3.026564E-7            0.
        5530.   3.026564E-7            0.
        5540.   3.026564E-7            0.
        5550.   3.026564E-7            0.
        5560.   3.026564E-7            0.
        5570.   3.026564E-7            0.
        5580.   3.026564E-7            0.
        5590.   3.026564E-7            0.
        5600.   3.026564E-7            0.
        5610.   3.026564E-7            0.
        5620.   3.026564E-7            0.
        5630.   3.026564E-7            0.
        5640.   3.026564E-7            0.
        5650.   3.026564E-7            0.
        5660.   3.026564E-7            0.
        5670.   3.026564E-7            0.
        5680.   3.026564E-7            0.
        5690.   3.026564E-7            0.
        5700.   3.026564E-7            0.
        5710.   3.026564E-7            0.
        5720.   3.026564E-7            0.
        5730.   3.026564E-7            0.
        5740.   3.026564E-7            0.
        5750.   3.026564E-7            0.
        5760.   3.026564E-7            0.
        5770.   3.026564E-7            0.
        5780.   3.026564E-7            0.
        5790.   3.026564E-7            0.
        5800.   3.026564E-7            0.
        5810.   3.026564E-7            0.
        5820.   3.026564E-7            0.
        5830.   3.026564E-7            0.
        5840.   3.026564E-7            0.
        5850.   3.026564E-7            0.
        5860.   3.026564E-7            0.
        5870.   3.026564E-7            0.
        5880.   3.026564E-7            0.
        5890.   3.026564E-7            0.
        5900.   3.026564E-7            0.
        5910.   3.026564E-7            0.
        5920.   3.026564E-7            0.
        5930.   3.026564E-7            0.
        5940.   3.026564E-7            0.
        5950.   3.026564E-7            0.
        5960.   3.026564E-7            0.
        5970.   3.026564E-7            0.
        5980.   3.026564E-7            0.
        5990.   3.026564E-7            0.
        6000.   3.026564E-7            0.
        6010.   3.026564E-7            0.
        6020.   3.026564E-7            0.
        6030.   3.026564E-7            0.
        6040.   3.026564E-7            0.
        6050.   3.026564E-7            0.
        6060.   3.026564E-7            0.
        6070.   3.389330E-7            0.
        6080.   5.099789E-7            0.
        6090.   8.413504E-7            0.
        6100.   1.340992E-6            0.
        6110.   2.169899E-6            0.
        6120.   3.197897E-6            0.
        6130.   4.184737E-6            0.
        6140.   4.531231E-6            0.
        6150.   4.003832E-6            0.
        6160.   3.039007E-6            0.
        6170.   2.061739E-6            0.
        6180.   1.564969E-6            0.
        6190.   1.098828E-6            0.
        6200.   8.932288E-7            0.
        6210.   7.549181E-7            0.
        6220.   6.840876E-7            0.
        6230.   5.586030E-7            0.
        6240.   4.610676E-7            0.
        6250.   3.866957E-7            0.
        6260.   3.853557E-7            0.
        6270.   3.026564E-7            0.
        6280.   3.270642E-7            0.
        6290.   3.026564E-7            0.
        6300.   3.244798E-7            0.
        6310.   3.026564E-7            0.
        6320.   3.026564E-7            0.
        6330.   3.026564E-7            0.
        6340.   3.026564E-7            0.
        6350.   3.026564E-7            0.
        6360.   3.026564E-7            0.
        6370.   3.026564E-7            0.
        6380.   3.026564E-7            0.
        6390.   3.026564E-7            0.
        6400.   3.026564E-7            0.
        6410.   3.026564E-7            0.
        6420.   3.495576E-7            0.
        6430.   3.236183E-7            0.
        6440.   3.928216E-7            0.
        6450.   4.147407E-7            0.
        6460.   4.776267E-7            0.
        6470.   4.682464E-7            0.
        6480.   5.542958E-7            0.
        6490.   4.574304E-7            0.
        6500.   5.361096E-7            0.
        6510.   5.159133E-7            0.
        6520.   5.850208E-7            0.
        6530.   4.782009E-7            0.
        6540.   5.337166E-7            0.
        6550.   5.144776E-7            0.
        6560.   5.122761E-7            0.
        6570.   5.153390E-7            0.
        6580.   5.779378E-7            0.
        6590.   5.303665E-7            0.
        6600.   6.329749E-7            0.
        6610.   6.037813E-7            0.
        6620.   6.956694E-7            0.
        6630.   7.290745E-7            0.
        6640.   8.477633E-7            0.
        6650.   8.919844E-7            0.
        6660.   1.062456E-6            0.
        6670.   1.147644E-6            0.
        6680.   1.335249E-6            0.
        6690.   1.506582E-6            0.
        6700.   1.827233E-6            0.
        6710.   2.122998E-6            0.
        6720.   2.575738E-6            0.
        6730.   3.090694E-6            0.
        6740.   3.815270E-6            0.
        6750.   4.610676E-6            0.
        6760.   5.813836E-6            0.
        6770.   6.938508E-6            0.
        6780.   8.663324E-6            0.
        6790.   1.030869E-5            0.
        6800.   1.277819E-5            0.
        6810.   1.529554E-5            0.
        6820.   1.877006E-5            0.
        6830.   2.218715E-5            0.
        6840.   2.667626E-5            0.
        6850.   3.115581E-5            0.
        6860.   3.708067E-5            0.
        6870.   4.269924E-5            0.
        6880.   4.948557E-5            0.
        6890.   5.593687E-5            0.
        6900.   6.371865E-5            0.
        6910.   7.064854E-5            0.
        6920.   7.863132E-5            0.
        6930.   8.520707E-5            0.
        6940.   9.235711E-5            0.
        6950.   9.791824E-5            0.
        6960.   1.028955E-4            0.
        6970.   1.066285E-4            0.
        6980.   1.087342E-4            0.
        6990.   1.095957E-4            0.
        7000.   1.088300E-4            0.
        7010.   1.066285E-4            0.
        7020.   1.030870E-4            0.
        7030.   9.877970E-5            0.
        7040.   9.303669E-5            0.
        7050.   8.767655E-5            0.
        7060.   8.069880E-5            0.
        7070.   7.465907E-5            0.
        7080.   6.792061E-5            0.
        7090.   6.213932E-5            0.
        7100.   5.589859E-5            0.
        7110.   5.075860E-5            0.
        7120.   4.535060E-5            0.
        7130.   4.081363E-5            0.
        7140.   3.616179E-5            0.
        7150.   3.255327E-5            0.
        7160.   2.909790E-5            0.
        7170.   2.608282E-5            0.
        7180.   2.311560E-5            0.
        7190.   2.096197E-5            0.
        7200.   1.859777E-5            0.
        7210.   1.668343E-5            0.
        7220.   1.501796E-5            0.
        7230.   1.361092E-5            0.
        7240.   1.207946E-5            0.
        7250.   1.090214E-5            0.
        7260.   9.782253E-6            0.
        7270.   8.919845E-6            0.
        7280.   7.964591E-6            0.
        7290.   7.345304E-6            0.
        7300.   6.603499E-6            0.
        7310.   5.991869E-6            0.
        7320.   5.515200E-6            0.
        7330.   5.009816E-6            0.
        7340.   4.532189E-6            0.
        7350.   4.108163E-6            0.
        7360.   3.730082E-6            0.
        7370.   3.360615E-6            0.
        7380.   3.106009E-6            0.
        7390.   2.800672E-6            0.
        7400.   2.549894E-6            0.
        7410.   2.321131E-6            0.
        7420.   2.145970E-6            0.
        7430.   1.978465E-6            0.
        7440.   1.819576E-6            0.
        7450.   1.709501E-6            0.
        7460.   1.529554E-6            0.
        7470.   1.436709E-6            0.
        7480.   1.291219E-6            0.
        7490.   1.151473E-6            0.
        7500.   1.121800E-6            0.
        7510.   9.431930E-7            0.
        7520.   8.511134E-7            0.
        7530.   7.886104E-7            0.
        7540.   7.075383E-7            0.
        7550.   6.829391E-7            0.
        7560.   6.233075E-7            0.
        7570.   5.296008E-7            0.
        7580.   4.991629E-7            0.
        7590.   4.122521E-7            0.
        7600.   4.147407E-7            0.
        7610.   3.515676E-7            0.
        7620.   3.026564E-7            0.
        7630.   3.026564E-7            0.
        7640.   3.026564E-7            0.
        7650.   3.026564E-7            0.
        7660.   3.026564E-7            0.
        7670.   3.026564E-7            0.
        7680.   3.026564E-7            0.
        7690.   3.026564E-7            0.
        7700.   3.026564E-7            0.
        7710.   3.026564E-7            0.
        7720.   3.026564E-7            0.
        7730.   3.026564E-7            0.
        7740.   3.026564E-7            0.
        7750.   3.026564E-7            0.
        7760.   3.026564E-7            0.
        7770.   3.026564E-7            0.
        7780.   3.026564E-7            0.
        7790.   3.026564E-7            0.
        7800.   3.026564E-7            0.
        7810.   3.026564E-7            0.
        7820.   3.026564E-7            0.
        7830.   3.026564E-7            0.
        7840.   3.026564E-7            0.
        7850.   3.026564E-7            0.
        7860.   3.026564E-7            0.
        7870.   3.026564E-7            0.
        7880.   3.026564E-7            0.
        7890.   3.026564E-7            0.
        7900.   3.026564E-7            0.
        7910.   3.026564E-7            0.
        7920.   3.026564E-7            0.
        7930.   3.026564E-7            0.
        7940.   3.026564E-7            0.
        7950.   3.026564E-7            0.
        7960.   3.026564E-7            0.
        7970.   3.026564E-7            0.
        7980.   3.026564E-7            0.
        7990.   3.026564E-7            0.
        8000.   2.369947E-6            0.
        8010.   1.215603E-6            0.
        8020.   3.732954E-6            0.
        8030.   5.203163E-7            0.
        8040.   1.331420E-6            0.
        8050.   1.206988E-5            0.
        8060.   1.153387E-6            0.
        8070.   1.465424E-5            0.
        8080.   6.733674E-6            0.
        8090.   6.445567E-6            0.
        8100.   2.417805E-6            0.
        8110.   3.026564E-7            0.
        8120.   3.397945E-7            0.
        8130.   5.707590E-6            0.
        8140.   2.665712E-6            0.
        8150.   5.466384E-7            0.
        8160.   1.216560E-6            0.
        8170.   1.577412E-6            0.
        8180.   1.542954E-5            0.
        8190.   1.193588E-5            0.
        8200.   1.813833E-6            0.
        8210.   1.100743E-5            0.
        8220.   8.273757E-6            0.
        8230.   4.038290E-6            0.
        8240.   1.151473E-5            0.
        8250.   7.329989E-6            0.
        8260.   1.266333E-6            0.
        8270.   7.573111E-7            0.
        8280.   4.696822E-6            0.
        8290.   2.813116E-6            0.
        8300.   8.869115E-7            0.
        8310.   5.827237E-6            0.
        8320.   3.314671E-6            0.
        8330.   6.802590E-7            0.
        8340.   3.578850E-6            0.
        8350.   3.848771E-6            0.
        8360.   8.305344E-7            0.
        8370.   7.378805E-6            0.
        8380.   7.707114E-6            0.
        8390.   5.356309E-6            0.
        8400.   8.985889E-7            0.
        8410.   2.570952E-6            0.
        8420.   5.279736E-6            0.
        8430.   1.168702E-6            0.
        8440.   3.509934E-6            0.
        8450.   4.510174E-7            0.
        8460.   6.437909E-6            0.
        8470.   1.659729E-6            0.
        8480.   1.429051E-5            0.
        8490.   3.395073E-6            0.
        8500.   2.893518E-6            0.
        8510.   1.361092E-6            0.
        8520.   6.404408E-7            0.
        8530.   1.599427E-6            0.
        8540.   1.791818E-6            0.
        8550.   8.492948E-6            0.
        8560.   2.033981E-6            0.
        8570.   1.016512E-6            0.
        8580.   5.506585E-6            0.
        8590.   2.351760E-6            0.
        8600.   3.866000E-6            0.
        8610.   1.272076E-6            0.
        8620.   1.155301E-6            0.
        8630.   1.173487E-6            0.
        8640.   6.735588E-7            0.
        8650.   7.834416E-6            0.
        8660.   7.926305E-6            0.
        8670.   2.002394E-6            0.
        8680.   1.700887E-6            0.
        8690.   7.431449E-7            0.
        8700.   8.883472E-6            0.
        8710.   3.179711E-6            0.
        8720.   5.415654E-6            0.
        8730.   1.088300E-5            0.
        8740.   4.818382E-6            0.
        8750.   3.434317E-6            0.
        8760.   2.632211E-6            0.
        8770.   7.398906E-7            0.
        8780.   4.907398E-6            0.
        8790.   1.085428E-6            0.
        8800.   2.662840E-6            0.
        8810.   1.232832E-6            0.
        8820.   6.215846E-6            0.
        8830.   6.361336E-6            0.
        8840.   2.266573E-5            0.
        8850.   1.438623E-6            0.
        8860.   5.066288E-6            0.
        8870.   8.812642E-7            0.
        8880.   3.906201E-6            0.
        8890.   6.376650E-6            0.
        8900.   5.243364E-6            0.
        8910.   1.820533E-6            0.
        8920.   1.897106E-6            0.
        8930.   4.606848E-6            0.
        8940.   4.717879E-6            0.
        8950.   1.206031E-6            0.
        8960.   5.714291E-7            0.
        8970.   7.348175E-7            0.
        8980.   8.040208E-6            0.
        8990.   1.242404E-5            0.
        9000.   4.357984E-6            0.
        9010.   1.398422E-5            0.
        9020.   7.699457E-6            0.
        9030.   9.056719E-6            0.
        9040.   3.815270E-7            0.
        9050.   1.274947E-5            0.
        9060.   2.972005E-6            0.
        9070.   1.319934E-5            0.
        9080.   3.955974E-7            0.
        9090.   4.491030E-6            0.
        9100.   1.195502E-6            0.
        9110.   1.977508E-6            0.
        9120.   3.026564E-7            0.
        9130.   2.083754E-6            0.
        9140.   1.068199E-6            0.
        9150.   4.076577E-7            0.
        9160.   9.368757E-6            0.
        9170.   4.077534E-6            0.
        9180.   1.354392E-6            0.
        9190.   2.388133E-6            0.
        9200.   3.465904E-6            0.
        9210.   1.814790E-6            0.
        9220.   2.468535E-6            0.
        9230.   3.561621E-6            0.
        9240.   4.715965E-6            0.
        9250.   6.113429E-6            0.
        9260.   4.868154E-6            0.
        9270.   1.623356E-6            0.
        9280.   3.196940E-6            0.
        9290.   5.033744E-6            0.
        9300.   2.028238E-6            0.
        9310.   2.940419E-6            0.
        9320.   5.579330E-7            0.
        9330.   8.767656E-6            0.
        9340.   5.615702E-6            0.
        9350.   7.899504E-6            0.
        9360.   9.179237E-6            0.
        9370.   5.458727E-6            0.
        9380.   8.353202E-7            0.
        9390.   2.159370E-6            0.
        9400.   3.631494E-7            0.
        9410.   1.087342E-5            0.
        9420.   6.478110E-6            0.
        9430.   4.008618E-7            0.
        9440.   1.460638E-6            0.
        9450.   4.615462E-6            0.
        9460.   2.295288E-6            0.
        9470.   2.064610E-6            0.
        9480.   2.184257E-6            0.
        9490.   9.696108E-6            0.
        9500.   2.580524E-6            0.
        9510.   1.363964E-6            0.
        9520.   1.038527E-6            0.
        9530.   7.105055E-6            0.
        9540.   2.217757E-6            0.
        9550.   1.156258E-5            0.
        9560.   6.117258E-6            0.
        9570.   1.495096E-6            0.
        9580.   2.444606E-6            0.
        9590.   6.163202E-6            0.
        9600.   9.935399E-6            0.
        9610.   1.749702E-6            0.
        9620.   7.906204E-6            0.
        9630.   1.034698E-6            0.
        9640.   3.390288E-6            0.
        9650.   6.009097E-7            0.
        9660.   5.149562E-6            0.
        9670.   2.418763E-6            0.
        9680.   2.736542E-6            0.
        9690.   4.588661E-6            0.
        9700.   7.692756E-7            0.
        9710.   1.750660E-6            0.
        9720.   2.533623E-6            0.
        9730.   1.154344E-6            0.
        9740.   3.602779E-6            0.
        9750.   5.713333E-6            0.
        9760.   5.807135E-6            0.
        9770.   1.540083E-6            0.
        9780.   6.029199E-6            0.
        9790.   2.631254E-6            0.
        9800.   2.952862E-6            0.
        9810.   3.332858E-6            0.
        9820.   2.205314E-6            0.
        9830.   8.152197E-6            0.
        9840.   1.229003E-6            0.
        9850.   4.897827E-7            0.
        9860.   8.248870E-6            0.
        9870.   4.531231E-7            0.
        9880.   3.504190E-6            0.
        9890.   4.512088E-6            0.
        9900.   3.674566E-6            0.
        9910.   5.029916E-7            0.
        9920.   9.743966E-6            0.
        9930.   1.844462E-5            0.
        9940.   7.166314E-7            0.
        9950.   9.321855E-7            0.
        9960.   5.909553E-6            0.
        9970.   1.041398E-5            0.
        9980.   3.793255E-6            0.
        9990.   6.506825E-6            0.
       10000.   9.696108E-6            0.
       10010.   1.433837E-5            0.
       10020.   9.868398E-6            0.
       10030.   1.055756E-6            0.
       10040.   4.681507E-6            0.
       10050.   1.842548E-5            0.
       10060.   1.139987E-5            0.
       10070.   4.555161E-6            0.
       10080.   7.760715E-6            0.
       10090.   1.381193E-6            0.
       10100.   5.693233E-6            0.
       10110.   3.026564E-7            0.
       10120.   1.471167E-6            0.
       10130.   1.148601E-5            0.
       10140.   1.251018E-6            0.
       10150.   8.567607E-7            0.
       10160.   1.939221E-6            0.
       10170.   6.144058E-7            0.
       10180.   2.098111E-6            0.
       10190.   9.791825E-7            0.
       10200.   1.408951E-6            0.
       10210.   1.768846E-6            0.
       10220.   1.674086E-6            0.
       10230.   6.576699E-6            0.
       10240.   1.735345E-6            0.
       10250.   2.082797E-6            0.
       10260.   2.200528E-6            0.
       10270.   4.968657E-6            0.
       10280.   4.053605E-6            0.
       10290.   5.122761E-7            0.
       10300.   2.436949E-6            0.
       10310.   1.283562E-6            0.
       10320.   5.230921E-6            0.
       10330.   3.052407E-6            0.
       10340.   4.152193E-6            0.
       10350.   5.522857E-6            0.
       10360.   1.842548E-6            0.
       10370.   1.503710E-5            0.
       10380.   1.911464E-5            0.
       10390.   4.897826E-6            0.
       10400.   2.185214E-6            0.
       10410.   9.485530E-7            0.
       10420.   3.237141E-6            0.
       10430.   9.558274E-7            0.
       10440.   9.384072E-6            0.
       10450.   2.235944E-6            0.
       10460.   1.385979E-6            0.
       10470.   2.026324E-6            0.
       10480.   2.895432E-6            0.
       10490.   2.459921E-6            0.
       10500.   1.573584E-6            0.
       10510.   9.254853E-7            0.
       10520.   3.365401E-6            0.
       10530.   7.173971E-7            0.
       10540.   3.577892E-6            0.
       10550.   8.411589E-7            0.
       10560.   8.665238E-7            0.
       10570.   5.851165E-7            0.
       10580.   6.985409E-6            0.
       10590.   1.785117E-6            0.
       10600.   4.543675E-6            0.
       10610.   6.100986E-6            0.
       10620.   4.310126E-6            0.
       10630.   7.450593E-7            0.
       10640.   4.879641E-6            0.
       10650.   8.430731E-6            0.
       10660.   2.797801E-6            0.
       10670.   1.316105E-5            0.
       10680.   1.622399E-6            0.
       10690.   1.223260E-6            0.
       10700.   2.938504E-6            0.
       10710.   3.903329E-6            0.
       10720.   2.947119E-6            0.
       10730.   1.750660E-5            0.
       10740.   3.541520E-6            0.
       10750.   3.813356E-6            0.
       10760.   4.821253E-6            0.
       10770.   1.059585E-5            0.
       10780.   2.598710E-6            0.
       10790.   1.152430E-5            0.
       10800.   6.477153E-6            0.
       10810.   3.821013E-6            0.
       10820.   2.416848E-6            0.
       10830.   2.828430E-6            0.
       10840.   6.007184E-7            0.
       10850.   7.051453E-6            0.
       10860.   3.609479E-6            0.
       10870.   8.936116E-7            0.
       10880.   9.590819E-7            0.
       10890.   1.184973E-6            0.
       10900.   1.060542E-6            0.
       10910.   1.098828E-6            0.
       10920.   1.609956E-6            0.
       10930.   4.792538E-7            0.
       10940.   7.398906E-7            0.
       10950.   7.657341E-7            0.
       10960.   9.188809E-7            0.
       10970.   6.971051E-7            0.
       10980.   8.963873E-6            0.
       10990.   4.113906E-6            0.
       11000.   1.371621E-6            0.
