         100.            0.            0.
        1950.            0.            0.
        2050.            0.            0.
        2150.            0.            0.
        2250.            0.            0.
        2350.            0.            0.
        2450.            0.            0.
        2550.            0.            0.
        2650.            0.            0.
        2750.            0.            0.
        2850.            0.            0.
        2950.            0.            0.
        3050.            0.            0.
        3150.            0.            0.
        3250.            0.            0.
        3350.            0.            0.
        3450.            0.            0.
        3550.            0.            0.
        3650.            0.            0.
        3750.            0.            0.
        3850.            0.            0.
        3950.            0.            0.
        4050.            0.            0.
        4150.            0.            0.
        4250.            0.            0.
        4350.            0.            0.
        4450.            0.            0.
        4550.            0.            0.
        4652.   1.000000E-5            0.
        4654.   1.600000E-4            0.
        4656.   3.300000E-4            0.
        4658.   6.800000E-4            0.
        4660.       0.00129            0.
        4662.       0.00251            0.
        4664.       0.00492            0.
        4666.       0.00913            0.
        4668.       0.01649            0.
        4670.       0.02988            0.
        4672.       0.05338            0.
        4674.       0.09515            0.
        4676.       0.16694            0.
        4678.       0.27504            0.
        4680.       0.40407            0.
        4682.       0.50024            0.
        4684.       0.54828            0.
        4686.       0.56107            0.
        4688.       0.56247            0.
        4690.       0.55967            0.
        4692.       0.55699            0.
        4694.        0.5584            0.
        4696.       0.56416            0.
        4698.       0.56854            0.
        4700.       0.56617            0.
        4702.       0.55164            0.
        4704.       0.52912            0.
        4706.       0.49868            0.
        4708.       0.45194            0.
        4710.       0.36083            0.
        4712.       0.23128            0.
        4714.       0.11503            0.
        4716.       0.05081            0.
        4718.       0.02203            0.
        4720.       0.01017            0.
        4722.       0.00507            0.
        4724.       0.00264            0.
        4726.       0.00148            0.
        4728.   8.000000E-4            0.
        4730.   4.500000E-4            0.
        4732.   2.700000E-4            0.
        4734.   4.000000E-5            0.
        4736.            0.            0.
        4850.            0.            0.
        4950.            0.            0.
        5050.            0.            0.
        5150.            0.            0.
        5250.            0.            0.
        5350.            0.            0.
        5450.            0.            0.
        5550.            0.            0.
        5650.            0.            0.
        5750.            0.            0.
        5850.            0.            0.
        5950.            0.            0.
        6050.            0.            0.
        6150.            0.            0.
        6250.            0.            0.
        6350.            0.            0.
        6450.            0.            0.
        6550.            0.            0.
        6650.            0.            0.
        6750.            0.            0.
        6850.            0.            0.
        6950.            0.            0.
        7050.            0.            0.
        7150.            0.            0.
        7250.            0.            0.
        7350.            0.            0.
        7450.            0.            0.
        7550.            0.            0.
        7650.            0.            0.
        7750.            0.            0.
        7850.            0.            0.
        7950.            0.            0.
        8050.            0.            0.
        8150.            0.            0.
        8250.            0.            0.
        8350.            0.            0.
        8450.            0.            0.
        8550.            0.            0.
        8650.            0.            0.
        8750.            0.            0.
        8850.            0.            0.
        8950.            0.            0.
        9050.            0.            0.
        9150.            0.            0.
        9250.            0.            0.
        9350.            0.            0.
        9450.            0.            0.
        9550.            0.            0.
        9650.            0.            0.
        9750.            0.            0.
        9850.            0.            0.
        9950.            0.            0.
       10050.            0.            0.
       10150.            0.            0.
       10250.            0.            0.
       10350.            0.            0.
       10450.            0.            0.
       10550.            0.            0.
       10650.            0.            0.
       10750.            0.            0.
       10850.            0.            0.
       10950.            0.            0.
       13000.            0.            0.
