        1850.   5.586340E-6         1860.
        1870.   1.809365E-5         1880.
        1890.   3.491338E-5         1900.
        1910.   9.642979E-6         1920.
        1930.   1.106718E-5         1940.
        1950.   3.146981E-7         1960.
        1970.   8.561142E-7         1980.
        1990.   7.121015E-6         2000.
        2010.   3.146981E-7         2020.
        2030.   1.181362E-6         2040.
        2050.   3.146981E-7         2060.
        2070.   4.988194E-7         2080.
        2090.   1.682968E-6         2100.
        2110.   3.287312E-6         2120.
        2130.   3.146981E-7         2140.
        2150.   2.438363E-6         2160.
        2170.   3.146981E-7         2180.
        2190.   4.010859E-7         2200.
        2210.   3.146981E-7         2220.
        2230.   1.945714E-6         2240.
        2250.   7.013529E-7         2260.
        2270.   1.894956E-6         2280.
        2290.   1.445103E-6         2300.
        2310.   3.146981E-7         2320.
        2330.   4.655780E-7         2340.
        2350.   3.636644E-7         2360.
        2370.   3.146981E-7         2380.
        2390.   8.962228E-7         2400.
        2410.   2.016377E-6         2420.
        2430.   3.789913E-7         2440.
        2450.   4.484598E-7         2460.
        2470.   4.979237E-7         2480.
        2490.   3.221625E-7         2500.
        2510.   3.234563E-7         2520.
        2530.   3.724226E-7         2540.
        2550.   3.830718E-7         2560.
        2570.   1.229134E-6         2580.
        2590.   3.146981E-7         2600.
        2610.   1.494866E-6         2620.
        2630.   1.756617E-6         2640.
        2650.   7.427552E-7         2660.
        2670.   7.562907E-7         2680.
        2690.   1.428184E-6         2700.
        2710.   1.004208E-6         2720.
        2730.   3.883466E-7         2740.
        2750.   7.224522E-7         2760.
        2770.   3.146981E-7         2780.
        2790.   4.405973E-7         2800.
        2810.   8.004798E-7         2820.
        2830.   7.881387E-7         2840.
        2850.   9.766391E-7         2860.
        2870.   5.963539E-7         2880.
        2890.   4.640852E-7         2900.
        2910.   9.045829E-7         2920.
        2930.   4.189008E-7         2940.
        2950.   1.456051E-6         2960.
        2970.   3.146981E-7         2980.
        2990.   5.055871E-7         3000.
        3010.   3.146981E-7         3020.
        3030.   6.809502E-7         3040.
        3050.   3.146981E-7         3060.
        3070.   9.716629E-7         3080.
        3090.   3.146981E-7         3100.
        3110.   3.900386E-7         3120.
        3130.   4.173084E-7         3140.
        3150.   3.146981E-7         3160.
        3170.   1.335626E-6         3180.
        3190.   9.950512E-7         3200.
        3210.   4.763267E-7         3220.
        3230.   1.125628E-6         3240.
        3250.   8.977157E-7         3260.
        3270.   3.884462E-7         3280.
        3290.   5.133501E-7         3300.
        3310.   1.078851E-6         3320.
        3330.   3.430627E-7         3340.
        3350.   4.321376E-7         3360.
        3370.   1.010179E-6         3380.
        3390.   7.860486E-7         3400.
        3410.   7.504187E-7         3420.
        3430.   3.146981E-7         3440.
        3450.   3.146981E-7         3460.
        3470.   3.301245E-7         3480.
        3490.   3.146981E-7         3500.
        3510.   3.146981E-7         3520.
        3530.   8.059536E-7         3540.
        3550.   1.558562E-6         3560.
        3570.   6.239224E-6         3580.
        3590.   4.197965E-7         3600.
        3610.   7.409638E-7         3620.
        3630.   6.694053E-7         3640.
        3650.   6.670167E-7         3660.
        3670.   3.146981E-7         3680.
        3690.   1.307759E-6         3700.
        3710.   2.062158E-6         3720.
        3730.   8.752230E-7         3740.
        3750.   1.322688E-6         3760.
        3770.   8.666639E-7         3780.
        3790.   1.316716E-6         3800.
        3810.   1.120652E-6         3820.
        3830.   3.587877E-7         3840.
        3850.   4.887674E-7         3860.
        3870.   6.807512E-7         3880.
        3890.   1.568514E-6         3900.
        3910.   1.383398E-6         3920.
        3930.   7.470348E-7         3940.
        3950.   8.981138E-7         3960.
        3970.   9.270756E-7         3980.
        3990.   1.424203E-6         4000.
        4010.   2.081068E-6         4020.
        4030.   1.287854E-6         4040.
        4050.   1.922823E-6         4060.
        4070.   1.853156E-6         4080.
        4090.   1.723773E-6         4100.
        4110.   1.222167E-6         4120.
        4130.   1.234110E-6         4140.
        4150.   9.899754E-7         4160.
        4170.   1.898938E-6         4180.
        4190.   1.146528E-6         4200.
        4210.   1.151505E-6         4220.
        4230.   1.010179E-6         4240.
        4250.   1.202262E-6         4260.
        4270.   3.146981E-7         4280.
        4290.   3.146981E-7         4300.
        4310.   3.146981E-7         4320.
        4330.   3.146981E-7         4340.
        4350.   3.146981E-7         4360.
        4370.   3.146981E-7         4380.
        4390.   1.452070E-6         4400.
        4410.   6.229271E-5         4420.
        4430.   8.995072E-5         4440.
        4450.   5.313641E-5         4460.
        4470.   1.060937E-5         4480.
        4490.   2.552817E-6         4500.
        4510.   2.328886E-6         4520.
        4530.   2.016377E-6         4540.
        4550.   2.159693E-6         4560.
        4570.   9.568336E-7         4580.
        4590.   1.039041E-6         4600.
        4610.   4.274600E-7         4620.
        4630.   6.122780E-7         4640.
        4650.   6.670167E-7         4660.
        4670.   4.954355E-7         4680.
        4690.   6.720925E-7         4700.
        4710.   3.771998E-7         4720.
        4730.   6.561685E-7         4740.
        4750.   4.496540E-7         4760.
        4770.   4.113369E-7         4780.
        4790.   3.146981E-7         4800.
        4810.   3.146981E-7         4820.
        4830.   3.354989E-7         4840.
        4850.   4.257680E-7         4860.
        4870.   3.146981E-7         4880.
        4890.   3.830718E-7         4900.
        4910.   5.005113E-7         4920.
        4930.   4.648814E-7         4940.
        4950.   3.146981E-7         4960.
        4970.   3.146981E-7         4980.
        4990.   3.434609E-7         5000.
        5010.   3.146981E-7         5020.
        5030.   3.146981E-7         5040.
        5050.   3.146981E-7         5060.
        5070.   3.492333E-7         5080.
        5090.   3.411718E-7         5100.
        5110.   3.146981E-7         5120.
        5130.   3.146981E-7         5140.
        5150.   3.146981E-7         5160.
        5170.   4.214885E-7         5180.
        5190.   3.411718E-7         5200.
        5210.   4.158155E-7         5220.
        5230.   3.146981E-7         5240.
        5250.   4.244742E-7         5260.
        5270.   3.440580E-7         5280.
        5290.   3.146981E-7         5300.
        5310.   4.891655E-7         5320.
        5330.   3.343046E-7         5340.
        5350.   3.638635E-7         5360.
        5370.   5.451981E-7         5380.
        5390.   4.587108E-7         5400.
        5410.   4.758291E-7         5420.
        5430.   5.971502E-7         5440.
        5450.   3.146981E-7         5460.
        5470.   3.146981E-7         5480.
        5490.   3.146981E-7         5500.
        5510.   4.030763E-7         5520.
        5530.   3.575934E-7         5540.
        5550.   4.631895E-7         5560.
        5570.   5.224068E-7         5580.
        5590.   3.146981E-7         5600.
        5610.   5.294731E-7         5620.
        5630.   3.429632E-7         5640.
        5650.   3.146981E-7         5660.
        5670.   3.146981E-7         5680.
        5690.   6.106855E-7         5700.
        5710.   3.754084E-7         5720.
        5730.   2.065144E-6         5740.
        5750.   9.475777E-6         5760.
        5770.   4.935446E-5         5780.
        5790.   2.273151E-4         5800.
        5810.   7.843567E-4         5820.
        5830.    0.00220647         5840.
        5850.    0.00512952         5852.
        5854.    0.00616657         5856.
        5858.   0.007320066         5860.
        5862.   0.008733321         5864.
        5866.    0.01034065         5868.
        5870.    0.01219182         5872.
        5874.    0.01437141         5876.
        5878.    0.01686949         5880.
        5882.    0.01983534         5884.
        5886.    0.02333862         5888.
        5890.    0.02741914         5892.
        5894.    0.03225606         5896.
        5898.    0.03797875         5900.
        5902.    0.04485593         5904.
        5906.    0.05305679         5908.
        5910.    0.06280029         5912.
        5914.    0.07410633         5916.
        5918.    0.08721378         5920.
        5922.     0.1023117         5924.
        5926.     0.1193305         5928.
        5930.     0.1384393         5932.
        5934.     0.1599367         5936.
        5938.     0.1842208         5940.
        5942.     0.2115902         5944.
        5946.     0.2416468         5948.
        5950.       0.27449         5952.
        5954.     0.3108166         5956.
        5958.     0.3500295         5960.
        5962.     0.3914319         5964.
        5966.     0.4345262         5968.
        5970.     0.4787154         5972.
        5974.     0.5222078         5976.
        5978.     0.5638093         5980.
        5982.     0.6018279         5984.
        5986.     0.6356663         5988.
        5990.     0.6643295         5992.
        5994.     0.6875189         5996.
        5998.     0.7051348         6000.
        6002.     0.7176749         6004.
        6006.     0.7255374         6008.
        6010.     0.7292199         6012.
        6014.      0.729817         6016.
        6018.     0.7276275         6020.
        6022.     0.7236465         6024.
        6026.     0.7184711         6028.
        6030.     0.7127982         6032.
        6034.     0.7069263         6036.
        6038.     0.7016514         6040.
        6042.     0.6970733         6044.
        6046.     0.6933908         6048.
        6050.     0.6910022         6052.
        6054.     0.6899074         6056.
        6058.      0.690007         6060.
        6062.     0.6913008         6064.
        6066.     0.6932913         6068.
        6070.     0.6950828         6072.
        6074.     0.6968742         6076.
        6078.     0.6983671         6080.
        6082.     0.6995614         6084.
        6086.     0.7003576         6088.
        6090.     0.7011538         6092.
        6094.     0.7026466         6096.
        6098.     0.7049357         6100.
        6102.     0.7079215         6104.
        6106.      0.711803         6108.
        6110.     0.7165802         6112.
        6114.     0.7227507         6116.
        6118.      0.729817         6120.
        6122.     0.7380775         6124.
        6126.     0.7471343         6128.
        6130.     0.7571864         6132.
        6134.     0.7681341         6136.
        6138.      0.779679         6140.
        6142.     0.7912239         6144.
        6146.     0.8024703         6148.
        6150.     0.8129204         6152.
        6154.     0.8225743         6156.
        6158.     0.8320292         6160.
        6162.     0.8404888         6164.
        6166.     0.8482518         6168.
        6170.     0.8557161         6172.
        6174.     0.8629815         6176.
        6178.     0.8700477         6180.
        6182.      0.877114         6184.
        6186.     0.8840808         6188.
        6190.     0.8910475         6192.
        6194.     0.8979147         6196.
        6198.      0.904583         6200.
        6202.      0.910853         6204.
        6206.     0.9174217         6208.
        6210.     0.9232936         6212.
        6214.      0.928668         6216.
        6218.     0.9332461         6220.
        6222.     0.9371276         6224.
        6226.     0.9402129         6228.
        6230.     0.9430991         6232.
        6234.     0.9454877         6236.
        6238.     0.9469806         6240.
        6242.     0.9480754         6244.
        6246.     0.9486725         6248.
        6250.     0.9490706         6252.
        6254.      0.948772         6256.
        6258.     0.9483739         6260.
        6262.     0.9480754         6264.
        6266.     0.9472792         6268.
        6270.      0.946483         6272.
        6274.     0.9449901         6276.
        6278.     0.9434972         6280.
        6282.     0.9422033         6284.
        6286.     0.9410091         6288.
        6290.     0.9395162         6292.
        6294.     0.9381229         6296.
        6298.     0.9367296         6300.
        6302.     0.9352366         6304.
        6306.     0.9341419         6308.
        6310.      0.932848         6312.
        6314.     0.9314547         6316.
        6318.     0.9301609         6320.
        6322.      0.928668         6324.
        6326.     0.9273742         6328.
        6330.     0.9257817         6332.
        6334.     0.9239903         6336.
        6338.     0.9225969         6340.
        6342.     0.9210046         6344.
        6346.     0.9194121         6348.
        6350.     0.9181184         6352.
        6354.     0.9172226         6356.
        6358.     0.9164264         6360.
        6362.     0.9160283         6364.
        6366.     0.9161278         6368.
        6370.     0.9166254         6372.
        6374.     0.9173222         6376.
        6378.     0.9181184         6380.
        6382.     0.9193126         6384.
        6386.     0.9208055         6388.
        6390.     0.9220994         6392.
        6394.     0.9234927         6396.
        6398.     0.9249856         6400.
        6402.     0.9266775         6404.
        6406.     0.9283694         6408.
        6410.     0.9300613         6412.
        6414.     0.9315542         6416.
        6418.     0.9331467         6420.
        6422.     0.9350376         6424.
        6426.      0.936829         6428.
        6430.     0.9386204         6432.
        6434.     0.9404119         6436.
        6438.      0.942701         6440.
        6442.     0.9449901         6444.
        6446.     0.9470801         6448.
        6450.     0.9491702         6452.
        6454.     0.9514592         6456.
        6458.     0.9535493         6460.
        6462.     0.9558383         6464.
        6466.     0.9585255         6468.
        6470.     0.9606155         6472.
        6474.     0.9628051         6476.
        6478.     0.9653928         6480.
        6482.     0.9675822         6484.
        6486.     0.9694732         6488.
        6490.     0.9712647         6492.
        6494.     0.9729566         6496.
        6498.     0.9748476         6500.
        6502.     0.9765395         6504.
        6506.     0.9778334         6508.
        6510.     0.9792267         6512.
        6514.     0.9803215         6516.
        6518.       0.98062         6520.
        6522.     0.9797243         6524.
        6526.     0.9782315         6528.
        6530.     0.9793262         6532.
        6534.      0.982312         6536.
        6538.     0.9847006         6540.
        6542.     0.9845015         6544.
        6546.     0.9841034         6548.
        6550.     0.9839044         6552.
        6554.     0.9835063         6556.
        6558.     0.9832077         6560.
        6562.     0.9827101         6564.
        6566.     0.9821129         6568.
        6570.     0.9815158         6572.
        6574.      0.980819         6576.
        6578.     0.9799234         6580.
        6582.     0.9788286         6584.
        6586.     0.9778334         6588.
        6590.      0.976639         6592.
        6594.     0.9755443         6596.
        6598.     0.9741509         6600.
        6602.      0.972658         6604.
        6606.     0.9710656         6608.
        6610.     0.9695728         6612.
        6614.     0.9683785         6616.
        6618.     0.9666865         6620.
        6622.     0.9650941         6624.
        6626.     0.9636013         6628.
        6630.     0.9620089         6632.
        6634.     0.9606155         6636.
        6638.     0.9590231         6640.
        6642.     0.9578288         6644.
        6646.     0.9567341         6648.
        6650.     0.9555398         6652.
        6654.     0.9542459         6656.
        6658.     0.9532506         6660.
        6662.     0.9524545         6664.
        6666.     0.9514592         6668.
        6670.      0.950464         6672.
        6674.     0.9500659         6676.
        6678.     0.9495683         6680.
        6682.     0.9490706         6684.
        6686.     0.9486725         6688.
        6690.     0.9482744         6692.
        6694.     0.9480754         6696.
        6698.     0.9478763         6700.
        6702.     0.9477768         6704.
        6706.     0.9478763         6708.
        6710.     0.9479758         6712.
        6714.     0.9482744         6716.
        6718.      0.948772         6720.
        6722.     0.9491702         6724.
        6726.     0.9498668         6728.
        6730.     0.9507625         6732.
        6734.     0.9517578         6736.
        6738.     0.9526535         6740.
        6742.     0.9534497         6744.
        6746.     0.9544449         6748.
        6750.     0.9556393         6752.
        6754.     0.9568335         6756.
        6758.     0.9580278         6760.
        6762.     0.9593217         6764.
        6766.     0.9607151         6768.
        6770.     0.9621084         6772.
        6774.     0.9632032         6776.
        6778.      0.964497         6780.
        6782.     0.9659899         6784.
        6786.     0.9673832         6788.
        6790.     0.9685776         6792.
        6794.     0.9697718         6796.
        6798.     0.9708666         6800.
        6802.     0.9722599         6804.
        6806.     0.9735538         6808.
        6810.     0.9745491         6812.
        6814.     0.9754447         6816.
        6818.     0.9763405         6820.
        6822.     0.9774352         6824.
        6826.     0.9784305         6828.
        6830.     0.9795253         6832.
        6834.     0.9799234         6836.
        6838.     0.9805205         6840.
        6842.     0.9812172         6844.
        6846.     0.9817148         6848.
        6850.     0.9822124         6852.
        6854.     0.9822124         6856.
        6858.     0.9826105         6860.
        6862.      0.982511         6864.
        6866.     0.9819139         6868.
        6870.     0.9814163         6872.
        6874.     0.9807196         6876.
        6878.     0.9801224         6880.
        6882.     0.9795253         6884.
        6886.     0.9790276         6888.
        6890.      0.978331         6892.
        6894.     0.9777339         6896.
        6898.     0.9768381         6900.
        6902.     0.9758428         6904.
        6906.     0.9746486         6908.
        6910.     0.9732552         6912.
        6914.     0.9717624         6916.
        6918.     0.9702694         6920.
        6922.     0.9687766         6924.
        6926.     0.9672837         6928.
        6930.     0.9658903         6932.
        6934.      0.964298         6936.
        6938.      0.962606         6940.
        6942.     0.9610136         6944.
        6946.     0.9592222         6948.
        6950.     0.9570326         6952.
        6954.     0.9553407         6956.
        6958.     0.9539474         6960.
        6962.     0.9522554         6964.
        6966.     0.9498668         6968.
        6970.     0.9472792         6972.
        6974.     0.9454877         6976.
        6978.     0.9439948         6980.
        6982.      0.942502         6984.
        6986.     0.9410091         6988.
        6990.     0.9397153         6992.
        6994.      0.938521         6996.
        6998.     0.9372271         7000.
        7002.     0.9361323         7004.
        7006.     0.9352366         7008.
        7010.       0.93454         7012.
        7014.     0.9339428         7016.
        7018.     0.9333457         7020.
        7022.     0.9329475         7024.
        7026.     0.9322509         7028.
        7030.     0.9318528         7032.
        7034.     0.9313552         7036.
        7038.     0.9311561         7040.
        7042.     0.9310566         7044.
        7046.     0.9308575         7048.
        7050.     0.9309571         7052.
        7054.     0.9312556         7056.
        7058.     0.9316537         7060.
        7062.     0.9318528         7064.
        7066.     0.9319523         7068.
        7070.     0.9327485         7072.
        7074.     0.9334452         7076.
        7078.     0.9340423         7080.
        7082.     0.9348385         7084.
        7086.     0.9357342         7088.
        7090.     0.9369286         7092.
        7094.     0.9378243         7096.
        7098.       0.93872         7100.
        7102.     0.9401134         7104.
        7106.     0.9420043         7108.
        7110.     0.9431987         7112.
        7114.     0.9446915         7116.
        7118.     0.9459854         7120.
        7122.     0.9477768         7124.
        7126.     0.9500659         7128.
        7130.     0.9518573         7132.
        7134.     0.9533502         7136.
        7138.     0.9552411         7140.
        7142.     0.9571322         7144.
        7146.     0.9591227         7148.
        7150.     0.9612126         7152.
        7154.     0.9630041         7156.
        7158.      0.964497         7160.
        7162.     0.9661889         7164.
        7166.     0.9678808         7168.
        7170.     0.9694732         7172.
        7174.     0.9706675         7176.
        7178.     0.9721605         7180.
        7182.     0.9733547         7184.
        7186.     0.9744495         7188.
        7190.     0.9757434         7192.
        7194.     0.9768381         7196.
        7198.     0.9776343         7200.
        7202.     0.9786295         7204.
        7206.     0.9793262         7208.
        7210.     0.9799234         7212.
        7214.     0.9802219         7216.
        7218.      0.980819         7220.
        7222.     0.9812172         7224.
        7226.     0.9813167         7228.
        7230.     0.9813167         7232.
        7234.      0.980819         7236.
        7238.     0.9805205         7240.
        7242.     0.9800229         7244.
        7246.     0.9794257         7248.
        7250.     0.9786295         7252.
        7254.     0.9774352         7256.
        7258.       0.97644         7260.
        7262.     0.9756438         7264.
        7266.     0.9743499         7268.
        7270.      0.972658         7272.
        7274.     0.9708666         7276.
        7278.     0.9689756         7280.
        7282.     0.9675822         7284.
        7286.     0.9656913         7288.
        7290.     0.9636013         7292.
        7294.     0.9616107         7296.
        7298.     0.9596203         7300.
        7302.     0.9574307         7304.
        7306.     0.9549426         7308.
        7310.      0.952554         7312.
        7314.     0.9501654         7316.
        7318.     0.9478763         7320.
        7322.     0.9452887         7324.
        7326.     0.9422033         7328.
        7330.     0.9396158         7332.
        7334.     0.9372271         7336.
        7338.     0.9349381         7340.
        7342.     0.9321514         7344.
        7346.     0.9296632         7348.
        7350.     0.9267771         7352.
        7354.     0.9242889         7356.
        7358.     0.9219998         7360.
        7362.     0.9199098         7364.
        7366.     0.9178198         7368.
        7370.     0.9156302         7372.
        7374.     0.9133411         7376.
        7378.     0.9115497         7380.
        7382.     0.9104549         7384.
        7386.      0.908763         7388.
        7390.     0.9071705         7392.
        7394.     0.9057772         7396.
        7398.      0.904583         7400.
        7402.     0.9032891         7404.
        7406.     0.9022939         7408.
        7410.     0.9011991         7412.
        7414.     0.9005024         7416.
        7418.     0.8998057         7420.
        7422.     0.8992086         7424.
        7426.     0.8981138         7428.
        7430.     0.8976161         7432.
        7434.     0.8969195         7436.
        7438.     0.8963224         7440.
        7442.     0.8959243         7444.
        7446.     0.8955262         7448.
        7450.     0.8951281         7452.
        7454.     0.8950285         7456.
        7458.     0.8949291         7460.
        7462.     0.8948295         7464.
        7466.     0.8950285         7468.
        7470.     0.8957252         7472.
        7474.     0.8965214         7476.
        7478.     0.8971186         7480.
        7482.     0.8980143         7484.
        7486.     0.8992086         7488.
        7490.     0.9007014         7492.
        7494.     0.9024929         7496.
        7498.     0.9041848         7500.
        7502.     0.9060758         7504.
        7506.     0.9080663         7508.
        7510.     0.9102558         7512.
        7514.     0.9124454         7516.
        7518.      0.915033         7520.
        7522.     0.9178198         7524.
        7526.      0.920507         7528.
        7530.     0.9230946         7532.
        7534.     0.9256822         7536.
        7538.     0.9281704         7540.
        7542.     0.9304594         7544.
        7546.     0.9329475         7548.
        7550.     0.9353362         7552.
        7554.     0.9379238         7556.
        7558.     0.9398148         7560.
        7562.     0.9421039         7564.
        7566.      0.944592         7568.
        7570.     0.9467816         7572.
        7574.     0.9492697         7576.
        7578.     0.9511606         7580.
        7582.     0.9532506         7584.
        7586.     0.9556393         7588.
        7590.     0.9578288         7592.
        7594.     0.9597198         7596.
        7598.     0.9614117         7600.
        7602.     0.9634022         7604.
        7606.     0.9652932         7608.
        7610.     0.9668856         7612.
        7614.     0.9685776         7616.
        7618.     0.9702694         7620.
        7622.     0.9711651         7624.
        7626.     0.9721605         7628.
        7630.     0.9734542         7632.
        7634.     0.9742504         7636.
        7638.     0.9752457         7640.
        7642.     0.9765395         7644.
        7646.     0.9770371         7648.
        7650.     0.9775348         7652.
        7654.     0.9777339         7656.
        7658.     0.9772362         7660.
        7662.     0.9772362         7664.
        7666.     0.9775348         7668.
        7670.     0.9769376         7672.
        7674.     0.9759424         7676.
        7678.     0.9754447         7680.
        7682.     0.9745491         7684.
        7686.     0.9734542         7688.
        7690.     0.9716628         7692.
        7694.     0.9699709         7696.
        7698.      0.968677         7700.
        7702.     0.9669851         7704.
        7706.     0.9650941         7708.
        7710.      0.962606         7712.
        7714.     0.9599189         7716.
        7718.     0.9574307         7720.
        7722.      0.954843         7724.
        7726.      0.952355         7728.
        7730.     0.9496678         7732.
        7734.      0.946682         7736.
        7738.     0.9435967         7740.
        7742.     0.9407105         7744.
        7746.     0.9382224         7748.
        7750.     0.9351371         7752.
        7754.     0.9317533         7756.
        7758.      0.928867         7760.
        7762.     0.9260803         7764.
        7766.     0.9230946         7768.
        7770.     0.9201088         7772.
        7774.      0.916924         7776.
        7778.     0.9139383         7780.
        7782.     0.9109526         7784.
        7786.     0.9080663         7788.
        7790.     0.9048815         7792.
        7794.     0.9013982         7796.
        7798.     0.8976161         7800.
        7802.     0.8940333         7804.
        7806.     0.8908485         7808.
        7810.     0.8872656         7812.
        7814.      0.883185         7816.
        7818.     0.8791046         7820.
        7822.     0.8754221         7824.
        7826.      0.871242         7828.
        7830.     0.8671615         7832.
        7834.     0.8629815         7836.
        7838.     0.8585029         7840.
        7842.      0.855318         7844.
        7846.     0.8520337         7848.
        7850.     0.8482518         7852.
        7854.     0.8445693         7856.
        7858.     0.8413845         7860.
        7862.     0.8380007         7864.
        7866.      0.835214         7868.
        7870.     0.8326263         7872.
        7874.     0.8301382         7876.
        7878.      0.827451         7880.
        7882.      0.825361         7884.
        7886.     0.8233705         7888.
        7890.     0.8214796         7892.
        7894.     0.8195885         7896.
        7898.     0.8176976         7900.
        7902.     0.8164037         7904.
        7906.     0.8145128         7908.
        7910.     0.8127214         7912.
        7914.     0.8114275         7916.
        7918.     0.8102332         7920.
        7922.     0.8086408         7924.
        7926.      0.807347         7928.
        7930.     0.8066503         7932.
        7934.     0.8059537         7936.
        7938.     0.8053564         7940.
        7942.     0.8050579         7944.
        7946.     0.8051574         7948.
        7950.     0.8053564         7952.
        7954.     0.8057546         7956.
        7958.     0.8062522         7960.
        7962.     0.8074465         7964.
        7966.     0.8086408         7968.
        7970.     0.8103327         7972.
        7974.     0.8119252         7976.
        7978.      0.813418         7980.
        7982.       0.81511         7984.
        7986.     0.8168018         7988.
        7990.     0.8185933         7992.
        7994.     0.8202852         7996.
        7998.     0.8208824         8000.
        8002.     0.8168018         8004.
        8006.     0.8163043         8008.
        8010.     0.8161052         8012.
        8014.     0.8157071         8016.
        8018.     0.8135175         8020.
        8022.     0.8114275         8024.
        8026.     0.8105318         8028.
        8030.     0.8095365         8032.
        8034.     0.8082427         8036.
        8038.     0.8060532         8040.
        8042.     0.8042617         8044.
        8046.     0.8023708         8048.
        8050.     0.8019726         8052.
        8054.      0.801674         8056.
        8058.     0.8011764         8060.
        8062.     0.8001812         8064.
        8066.     0.7983897         8068.
        8070.     0.7966978         8072.
        8074.     0.7965983         8076.
        8078.     0.7950059         8080.
        8082.     0.7924182         8084.
        8086.     0.7875415         8088.
        8090.     0.7808734         8092.
        8094.     0.7740061         8096.
        8098.      0.765646         8100.
        8102.     0.7556935         8104.
        8106.     0.7430538         8108.
        8110.     0.7292199         8112.
        8114.     0.7135944         8116.
        8118.     0.6972724         8120.
        8122.     0.6815474         8124.
        8126.     0.6643295         8128.
        8130.     0.6451212         8132.
        8134.     0.6256143         8136.
        8138.     0.6055102         8140.
        8142.     0.5862024         8144.
        8146.     0.5669941         8148.
        8150.     0.5490795         8152.
        8154.     0.5307669         8156.
        8158.     0.5128524         8160.
        8162.     0.4962318         8164.
        8166.      0.481303         8168.
        8170.     0.4673695         8172.
        8174.     0.4543317         8176.
        8178.     0.4418911         8180.
        8182.     0.4292514         8184.
        8186.     0.4162136         8188.
        8190.     0.4032754         8192.
        8194.     0.3892424         8196.
        8198.     0.3745127         8200.
        8202.     0.3598825         8204.
        8206.     0.3447547         8208.
        8210.     0.3293283         8212.
        8214.     0.3135038         8216.
        8218.     0.2979779         8220.
        8222.     0.2835468         8224.
        8226.     0.2694142         8228.
        8230.     0.2555802         8232.
        8234.     0.2427415         8236.
        8238.     0.2301019         8240.
        8242.     0.2177607         8244.
        8246.     0.2061163         8248.
        8250.     0.1954671         8252.
        8254.     0.1846189         8256.
        8258.     0.1740693         8260.
        8262.      0.164913         8264.
        8266.     0.1557567         8268.
        8270.     0.1473966         8272.
        8274.     0.1392355         8276.
        8278.      0.131174         8280.
        8282.     0.1243068         8284.
        8286.     0.1178376         8288.
        8290.     0.1117666         8292.
        8294.     0.1063922         8296.
        8298.     0.1008189         8300.
        8302.    0.09618098         8304.
        8306.    0.09194122         8308.
        8310.     0.0883185         8312.
        8314.    0.08447684         8316.
        8318.     0.0809238         8320.
        8322.    0.07807738         8324.
        8326.    0.07515135         8328.
        8330.    0.07214569         8332.
        8334.    0.06932913         8336.
        8338.      0.066214         8340.
        8342.     0.0636761         8344.
        8346.    0.06122779         8348.
        8350.    0.05862024         8352.
        8354.     0.0562814         8356.
        8358.    0.05384304         8360.
        8362.    0.05175301         8364.
        8366.    0.04933456         8368.
        8370.    0.04719476         8372.
        8374.    0.04506493         8376.
        8378.    0.04305452         8380.
        8382.    0.04126307         8384.
        8386.    0.03953134         8388.
        8390.    0.03789913         8392.
        8394.     0.0365854         8396.
        8398.    0.03505271         8400.
        8402.    0.03363946         8404.
        8406.    0.03248497         8408.
        8410.    0.03142005         8412.
        8414.    0.03012623         8416.
        8418.    0.02907126         8420.
        8422.    0.02826511         8424.
        8426.    0.02712057         8428.
        8440.    0.02350781         8450.
        8460.    0.01952681         8470.
        8480.    0.01640172         8490.
        8500.    0.01396336         8510.
        8520.    0.01197286         8530.
        8540.    0.01036055         8550.
        8560.   0.009053791         8570.
        8580.    0.00791622         8590.
        8600.   0.006914003         8610.
        8620.   0.006098893         8630.
        8640.   0.005411176         8650.
        8660.   0.004874736         8670.
        8680.    0.00439602         8690.
        8700.    0.00399593         8710.
        8720.   0.003628682         8730.
        8740.   0.003301245         8750.
        8760.   0.003035513         8770.
        8780.   0.002817553         8790.
        8800.   0.002624475         8810.
        8820.   0.002423434         8830.
        8840.   0.002198508         8850.
        8860.   0.001995477         8870.
        8880.   0.001790455         8890.
        8900.   0.001616286         8910.
        8920.   0.001456051         8930.
        8940.   0.001307759         8950.
        8960.   0.001199277         8970.
        8980.   0.001124633         8990.
        9000.   0.001043022         9010.
        9020.   9.391182E-4         9030.
        9040.   8.414841E-4         9050.
        9060.   7.355894E-4         9070.
        9080.   6.484055E-4         9090.
        9100.   5.526624E-4         9110.
        9120.   4.790139E-4         9130.
        9140.   4.134269E-4         9150.
        9160.   3.657545E-4         9170.
        9180.   3.266411E-4         9190.
        9200.   3.003665E-4         9210.
        9220.   2.729971E-4         9230.
        9240.   2.598598E-4         9250.
        9260.   2.405520E-4         9270.
        9280.   2.151731E-4         9290.
        9300.   1.948700E-4         9310.
        9320.   1.744674E-4         9330.
        9340.   1.568514E-4         9350.
        9360.   1.533680E-4         9370.
        9380.   1.245058E-4         9390.
        9400.   1.110699E-4         9410.
        9420.   1.086813E-4         9430.
        9440.   9.597198E-5         9450.
        9460.   9.748476E-5         9470.
        9480.   9.768381E-5         9490.
        9500.   8.964219E-5         9510.
        9520.   8.700477E-5         9530.
        9540.   8.270529E-5         9550.
        9560.   8.833841E-5         9570.
        9580.   8.555171E-5         9590.
        9600.   7.005566E-5         9610.
        9620.   7.591768E-5         9630.
        9640.   6.622395E-5         9650.
        9660.   6.531827E-5         9670.
        9680.   5.867000E-5         9690.
        9700.   5.527620E-5         9710.
        9720.   5.872971E-5         9730.
        9740.   6.100884E-5         9750.
        9760.   6.265100E-5         9770.
        9780.   7.194664E-5         9790.
        9800.   6.479079E-5         9810.
        9820.   6.495998E-5         9830.
        9840.   6.706992E-5         9850.
        9860.   6.757749E-5         9870.
        9880.   6.424340E-5         9890.
        9900.   6.662205E-5         9910.
        9920.   5.572406E-5         9930.
        9940.   4.375120E-5         9950.
        9960.   4.820992E-5         9970.
        9980.   5.396247E-5         9990.
       10000.   5.416152E-5        10010.
       10020.   5.216106E-5        10030.
       10040.   5.676907E-5        10050.
       10060.   5.394256E-5        10070.
       10080.   5.340513E-5        10090.
       10100.   5.721694E-5        10110.
       10120.   7.122011E-5        10130.
       10140.   6.224295E-5        10150.
       10160.   6.528841E-5        10170.
       10180.   6.495998E-5        10190.
       10200.   5.960554E-5        10210.
       10220.   5.512691E-5        10230.
       10240.   5.349470E-5        10250.
       10260.   5.821219E-5        10270.
       10280.   5.212125E-5        10290.
       10300.   6.258133E-5        10310.
       10320.   6.775663E-5        10330.
       10340.   6.346711E-5        10350.
       10360.   7.231488E-5        10370.
       10380.   7.008552E-5        10390.
       10400.   6.397469E-5        10410.
       10420.   7.524092E-5        10430.
       10440.   8.147118E-5        10450.
       10460.   7.459401E-5        10470.
       10480.   8.482518E-5        10490.
       10500.   9.232936E-5        10510.
       10520.   9.417058E-5        10530.
       10540.   1.006198E-4        10550.
       10560.   9.160283E-5        10570.
       10580.   8.768155E-5        10590.
       10600.   9.745490E-5        10610.
       10620.   8.502423E-5        10630.
       10640.   9.798238E-5        10650.
       10660.   9.400139E-5        10670.
       10680.   9.913687E-5        10690.
       10700.   1.023117E-4        10710.
       10720.   1.221172E-4        10730.
       10740.   1.214205E-4        10750.
       10760.   1.375436E-4        10770.
       10780.   1.597377E-4        10790.
       10800.   1.770550E-4        10810.
       10820.   1.925809E-4        10830.
       10840.   2.009410E-4        10850.
       10860.   2.056187E-4        10870.
       10880.   2.085049E-4        10890.
       10900.   2.218413E-4        10910.
       10920.   2.159693E-4        10930.
       10940.   2.252251E-4        10950.
       10960.   2.360733E-4        10970.
       10980.   2.610541E-4        10990.
       11000.   2.712057E-4         INDEF
