        9457.   0.003813043            0.
        9458.   0.003088311            0.
        9459.   0.001829287            0.
        9460.   0.003083021            0.
        9461.   0.003345405            0.
        9462.   0.002895754            0.
        9463.   0.002573063            0.
        9464.   0.004081775            0.
        9465.   0.004959918            0.
        9466.   0.003490352            0.
        9467.   0.003705126            0.
        9468.   0.004095529            0.
        9469.   0.003735808            0.
        9470.   0.003733692            0.
        9471.   0.004508151            0.
        9472.    0.00437061            0.
        9473.   0.004108225            0.
        9474.   0.005975601            0.
        9475.   0.004799102            0.
        9476.   0.005579907            0.
        9477.   0.004793811            0.
        9478.   0.005135546            0.
        9479.   0.005092168            0.
        9480.   0.006042255            0.
        9481.   0.006340612            0.
        9482.   0.005907889            0.
        9483.   0.006591358            0.
        9484.   0.007917036            0.
        9485.   0.008470371            0.
        9486.   0.008673508            0.
        9487.    0.01037584            0.
        9488.    0.01202949            0.
        9489.    0.01288648            0.
        9490.    0.01521408            0.
        9491.    0.01613455            0.
        9492.    0.01944609            0.
        9493.    0.02438697            0.
        9494.     0.0271272            0.
        9495.    0.03115819            0.
        9496.    0.04013005            0.
        9497.    0.04743027            0.
        9498.    0.05546052            0.
        9499.    0.06580778            0.
        9500.     0.0785673            0.
        9501.    0.09888095            0.
        9502.     0.1174383            0.
        9503.      0.136694            0.
        9504.     0.1587005            0.
        9505.     0.1959421            0.
        9506.     0.2413305            0.
        9507.      0.274975            0.
        9508.     0.3131689            0.
        9509.     0.3657516            0.
        9510.     0.4292318            0.
        9511.     0.4820261            0.
        9512.     0.5321755            0.
        9513.     0.5853931            0.
        9514.     0.6555386            0.
        9515.     0.7073808            0.
        9516.     0.7436703            0.
        9517.     0.7829222            0.
        9518.     0.8323309            0.
        9519.     0.8657638            0.
        9520.     0.8877703            0.
        9521.     0.9061795            0.
        9522.     0.9251178            0.
        9523.     0.9400356            0.
        9524.     0.9483938            0.
        9525.     0.9524143            0.
        9526.     0.9550593            0.
        9527.     0.9549534            0.
        9528.     0.9560114            0.
        9529.     0.9554825            0.
        9530.     0.9547419            0.
        9531.     0.9542128            0.
        9532.     0.9540013            0.
        9533.     0.9523085            0.
        9534.     0.9524143            0.
        9535.     0.9527317            0.
        9536.     0.9513563            0.
        9537.     0.9523085            0.
        9538.     0.9530491            0.
        9539.     0.9525201            0.
        9540.     0.9524143            0.
        9541.     0.9520969            0.
        9542.     0.9518852            0.
        9543.     0.9516737            0.
        9544.     0.9510388            0.
        9545.      0.950404            0.
        9546.     0.9490287            0.
        9547.     0.9490287            0.
        9548.     0.9468068            0.
        9549.     0.9458546            0.
        9550.      0.943527            0.
        9551.     0.9434212            0.
        9552.      0.941411            0.
        9553.      0.939824            0.
        9554.     0.9380254            0.
        9555.     0.9358037            0.
        9556.     0.9356978            0.
        9557.     0.9342166            0.
        9558.     0.9346398            0.
        9559.     0.9349572            0.
        9560.     0.9362268            0.
        9561.     0.9364384            0.
        9562.     0.9386602            0.
        9563.     0.9400356            0.
        9564.     0.9407762            0.
        9565.     0.9423632            0.
        9566.     0.9417284            0.
        9567.      0.940353            0.
        9568.     0.9376022            0.
        9569.     0.9288208            0.
        9570.     0.9152784            0.
        9571.     0.8973981            0.
        9572.     0.8782483            0.
        9573.     0.8539142            0.
        9574.     0.8145565            0.
        9575.     0.7660999            0.
        9576.     0.7271655            0.
        9577.     0.6857975            0.
        9578.     0.6345901            0.
        9579.      0.563175            0.
        9580.      0.507524            0.
        9581.     0.4594907            0.
        9582.     0.4066963            0.
        9583.     0.3386668            0.
        9584.     0.2901044            0.
        9585.     0.2547671            0.
        9586.     0.2180544            0.
        9587.     0.1767923            0.
        9588.     0.1433594            0.
        9589.     0.1215645            0.
        9590.     0.1053136            0.
        9591.    0.08484126            0.
        9592.    0.06544806            0.
        9593.    0.05460353            0.
        9594.    0.04805449            0.
        9595.    0.04023585            0.
        9596.    0.03197285            0.
        9597.    0.02615383            0.
        9598.    0.02317026            0.
        9599.     0.0207686            0.
        9600.    0.01663181            0.
        9601.    0.01311924            0.
        9602.    0.01268545            0.
        9603.    0.01186021            0.
        9604.   0.009737859            0.
        9605.   0.008994083            0.
        9606.    0.00735312            0.
        9607.   0.007232508            0.
        9608.   0.006896063            0.
        9609.   0.006845279            0.
        9610.   0.006190375            0.
        9611.   0.005389467            0.
        9612.   0.004410814            0.
        9613.   0.004692243            0.
        9614.   0.004504976            0.
        9615.      0.004323            0.
        9616.   0.005060428            0.
        9617.   0.003807753            0.
        9618.   0.003732634            0.
        9619.   0.002837564            0.
        9620.   0.002622789            0.
        9621.   0.003114761            0.
        9622.   0.003462844            0.
        9623.   0.003000496            0.
        9624.    0.00271272            0.
        9625.   0.002853434            0.
        9626.    0.00343851            0.
        9627.   0.002874594            0.
        9628.    0.00269685            0.
        9629.    0.00237839            0.
        9630.   0.003178241            0.
        9631.   0.003209981            0.
        9632.   0.002997322            0.
        9633.   0.002711662            0.
        9634.   0.003091485            0.
        9635.   0.002428117            0.
        9636.   0.002840738            0.
        9637.   0.002768794            0.
        9638.   0.002381565            0.
        9639.   9.246946E-4            0.
        9640.   0.002550845            0.
        9641.   0.002720125            0.
        9642.   0.002095904            0.
        9643.   0.003089369            0.
        9644.   0.002089556            0.
        9645.   0.002292692            0.
        9646.   0.003011076            0.
        9647.   0.001840925            0.
        9648.   0.002179486            0.
        9649.   0.002075802            0.
        9650.   0.003637414            0.
