         100.            0.            0.
        1910.            0.            0.
        1920.            0.            0.
        1930.            0.            0.
        1940.            0.            0.
        1950.            0.            0.
        1960.            0.            0.
        1970.            0.            0.
        1980.            0.            0.
        1990.            0.            0.
        2000.            0.            0.
        2010.            0.            0.
        2020.            0.            0.
        2030.            0.            0.
        2040.            0.            0.
        2050.            0.            0.
        2060.            0.            0.
        2070.            0.            0.
        2080.            0.            0.
        2090.            0.            0.
        2100.            0.            0.
        2110.            0.            0.
        2120.            0.            0.
        2130.            0.            0.
        2140.            0.            0.
        2150.            0.            0.
        2160.            0.            0.
        2170.            0.            0.
        2180.            0.            0.
        2190.            0.            0.
        2200.            0.            0.
        2210.            0.            0.
        2220.            0.            0.
        2230.            0.            0.
        2240.            0.            0.
        2250.            0.            0.
        2260.            0.            0.
        2270.            0.            0.
        2280.            0.            0.
        2290.            0.            0.
        2300.            0.            0.
        2310.            0.            0.
        2320.            0.            0.
        2330.            0.            0.
        2340.            0.            0.
        2350.            0.            0.
        2360.            0.            0.
        2370.            0.            0.
        2380.            0.            0.
        2390.            0.            0.
        2400.            0.            0.
        2410.            0.            0.
        2420.            0.            0.
        2430.            0.            0.
        2440.            0.            0.
        2450.            0.            0.
        2460.            0.            0.
        2470.            0.            0.
        2480.            0.            0.
        2490.            0.            0.
        2500.            0.            0.
        2510.            0.            0.
        2520.            0.            0.
        2530.            0.            0.
        2540.            0.            0.
        2550.            0.            0.
        2560.            0.            0.
        2570.            0.            0.
        2580.            0.            0.
        2590.            0.            0.
        2600.            0.            0.
        2610.            0.            0.
        2620.            0.            0.
        2630.            0.            0.
        2640.            0.            0.
        2650.            0.            0.
        2660.            0.            0.
        2670.            0.            0.
        2680.            0.            0.
        2690.            0.            0.
        2700.            0.            0.
        2710.            0.            0.
        2720.            0.            0.
        2730.            0.            0.
        2740.            0.            0.
        2750.            0.            0.
        2760.            0.            0.
        2770.            0.            0.
        2780.            0.            0.
        2790.            0.            0.
        2800.            0.            0.
        2810.            0.            0.
        2820.            0.            0.
        2830.            0.            0.
        2840.            0.            0.
        2850.            0.            0.
        2860.            0.            0.
        2870.            0.            0.
        2880.            0.            0.
        2890.            0.            0.
        2900.            0.            0.
        2910.            0.            0.
        2920.            0.            0.
        2930.            0.            0.
        2940.            0.            0.
        2950.            0.            0.
        2960.            0.            0.
        2970.            0.            0.
        2980.            0.            0.
        2990.            0.            0.
        3000.            0.            0.
        3010.            0.            0.
        3020.            0.            0.
        3030.            0.            0.
        3040.            0.            0.
        3050.            0.            0.
        3060.            0.            0.
        3070.            0.            0.
        3080.            0.            0.
        3090.            0.            0.
        3100.            0.            0.
        3110.            0.            0.
        3120.            0.            0.
        3130.            0.            0.
        3140.            0.            0.
        3150.            0.            0.
        3160.            0.            0.
        3170.            0.            0.
        3180.            0.            0.
        3190.            0.            0.
        3200.            0.            0.
        3210.            0.            0.
        3220.            0.            0.
        3230.            0.            0.
        3240.            0.            0.
        3250.            0.            0.
        3260.            0.            0.
        3270.            0.            0.
        3280.            0.            0.
        3290.            0.            0.
        3300.            0.            0.
        3310.            0.            0.
        3320.            0.            0.
        3330.            0.            0.
        3340.            0.            0.
        3350.            0.            0.
        3360.            0.            0.
        3370.            0.            0.
        3380.            0.            0.
        3390.            0.            0.
        3400.            0.            0.
        3410.            0.            0.
        3420.            0.            0.
        3430.            0.            0.
        3440.            0.            0.
        3450.            0.            0.
        3460.            0.            0.
        3470.            0.            0.
        3480.            0.            0.
        3490.            0.            0.
        3500.            0.            0.
        3510.            0.            0.
        3520.            0.            0.
        3530.            0.            0.
        3540.            0.            0.
        3550.            0.            0.
        3560.            0.            0.
        3570.            0.            0.
        3580.            0.            0.
        3590.            0.            0.
        3600.            0.            0.
        3610.            0.            0.
        3620.            0.            0.
        3630.            0.            0.
        3640.            0.            0.
        3650.            0.            0.
        3660.            0.            0.
        3670.            0.            0.
        3680.            0.            0.
        3690.            0.            0.
        3700.            0.            0.
        3710.            0.            0.
        3720.            0.            0.
        3730.            0.            0.
        3740.            0.            0.
        3750.            0.            0.
        3760.            0.            0.
        3770.            0.            0.
        3780.            0.            0.
        3790.            0.            0.
        3800.            0.            0.
        3810.            0.            0.
        3820.            0.            0.
        3830.            0.            0.
        3840.            0.            0.
        3850.            0.            0.
        3860.            0.            0.
        3870.            0.            0.
        3880.            0.            0.
        3890.            0.            0.
        3900.            0.            0.
        3910.            0.            0.
        3920.            0.            0.
        3930.            0.            0.
        3940.            0.            0.
        3950.            0.            0.
        3960.            0.            0.
        3970.            0.            0.
        3980.            0.            0.
        3990.            0.            0.
        4000.            0.            0.
        4010.            0.            0.
        4020.            0.            0.
        4030.            0.            0.
        4040.            0.            0.
        4050.            0.            0.
        4060.            0.            0.
        4070.            0.            0.
        4080.            0.            0.
        4090.            0.            0.
        4100.            0.            0.
        4110.   1.000000E-5            0.
        4120.   1.000000E-5            0.
        4130.            0.            0.
        4140.            0.            0.
        4150.            0.            0.
        4160.            0.            0.
        4170.   1.000000E-5            0.
        4180.   1.000000E-5            0.
        4190.            0.            0.
        4200.            0.            0.
        4210.            0.            0.
        4220.            0.            0.
        4230.            0.            0.
        4240.            0.            0.
        4250.            0.            0.
        4260.            0.            0.
        4270.   1.000000E-5            0.
        4280.   1.000000E-5            0.
        4290.   1.000000E-5            0.
        4300.            0.            0.
        4310.            0.            0.
        4320.            0.            0.
        4330.            0.            0.
        4340.            0.            0.
        4350.            0.            0.
        4360.            0.            0.
        4370.            0.            0.
        4380.            0.            0.
        4390.   1.000000E-5            0.
        4400.   1.000000E-5            0.
        4410.            0.            0.
        4420.            0.            0.
        4430.            0.            0.
        4440.            0.            0.
        4450.            0.            0.
        4460.   1.000000E-5            0.
        4470.            0.            0.
        4480.            0.            0.
        4490.            0.            0.
        4500.            0.            0.
        4510.            0.            0.
        4520.            0.            0.
        4530.            0.            0.
        4540.            0.            0.
        4550.            0.            0.
        4560.            0.            0.
        4570.            0.            0.
        4580.            0.            0.
        4590.            0.            0.
        4600.            0.            0.
        4610.            0.            0.
        4620.            0.            0.
        4630.            0.            0.
        4640.            0.            0.
        4650.            0.            0.
        4660.            0.            0.
        4670.            0.            0.
        4680.            0.            0.
        4690.            0.            0.
        4700.            0.            0.
        4710.            0.            0.
        4720.            0.            0.
        4730.            0.            0.
        4740.            0.            0.
        4750.            0.            0.
        4760.            0.            0.
        4770.            0.            0.
        4780.            0.            0.
        4790.            0.            0.
        4800.            0.            0.
        4810.            0.            0.
        4820.            0.            0.
        4830.            0.            0.
        4840.            0.            0.
        4850.            0.            0.
        4860.            0.            0.
        4870.            0.            0.
        4880.            0.            0.
        4890.            0.            0.
        4900.            0.            0.
        4910.            0.            0.
        4920.            0.            0.
        4930.            0.            0.
        4940.            0.            0.
        4950.            0.            0.
        4960.            0.            0.
        4970.            0.            0.
        4980.            0.            0.
        4990.            0.            0.
        5000.            0.            0.
        5010.            0.            0.
        5020.            0.            0.
        5030.            0.            0.
        5040.            0.            0.
        5050.   1.000000E-5            0.
        5060.   1.000000E-5            0.
        5070.   1.000000E-5            0.
        5080.   3.000000E-5            0.
        5090.   4.000000E-5            0.
        5100.   3.000000E-5            0.
        5110.   2.000000E-5            0.
        5120.   1.000000E-5            0.
        5130.   1.000000E-5            0.
        5140.   1.000000E-5            0.
        5150.   1.000000E-5            0.
        5160.   1.000000E-5            0.
        5170.   1.000000E-5            0.
        5180.   1.000000E-5            0.
        5190.   1.000000E-5            0.
        5200.   1.000000E-5            0.
        5210.   1.000000E-5            0.
        5220.   1.000000E-5            0.
        5230.   2.000000E-5            0.
        5240.   2.000000E-5            0.
        5250.   3.000000E-5            0.
        5260.   4.000000E-5            0.
        5270.   4.000000E-5            0.
        5280.   3.000000E-5            0.
        5290.   2.000000E-5            0.
        5300.   2.000000E-5            0.
        5310.   1.000000E-5            0.
        5320.   1.000000E-5            0.
        5330.   1.000000E-5            0.
        5340.   1.000000E-5            0.
        5350.   1.000000E-5            0.
        5360.   1.000000E-5            0.
        5370.   1.000000E-5            0.
        5380.   1.000000E-5            0.
        5390.   1.000000E-5            0.
        5400.   2.000000E-5            0.
        5410.   2.000000E-5            0.
        5420.   3.000000E-5            0.
        5430.   4.000000E-5            0.
        5440.   4.000000E-5            0.
        5450.   3.000000E-5            0.
        5460.   2.000000E-5            0.
        5470.   2.000000E-5            0.
        5480.   1.000000E-5            0.
        5490.   1.000000E-5            0.
        5500.   1.000000E-5            0.
        5510.   1.000000E-5            0.
        5520.   1.000000E-5            0.
        5530.   1.000000E-5            0.
        5540.   2.000000E-5            0.
        5550.   3.000000E-5            0.
        5560.   4.000000E-5            0.
        5570.   5.000000E-5            0.
        5580.   3.000000E-5            0.
        5590.   1.000000E-5            0.
        5600.   1.000000E-5            0.
        5610.   1.000000E-5            0.
        5620.   1.000000E-5            0.
        5630.   1.000000E-5            0.
        5640.   1.000000E-5            0.
        5650.   1.000000E-5            0.
        5660.   1.000000E-5            0.
        5670.   1.000000E-5            0.
        5680.   1.000000E-5            0.
        5690.   1.000000E-5            0.
        5700.   1.000000E-5            0.
        5710.   1.000000E-5            0.
        5720.   1.000000E-5            0.
        5730.   1.000000E-5            0.
        5740.   1.000000E-5            0.
        5750.   1.000000E-5            0.
        5760.   1.000000E-5            0.
        5770.   1.000000E-5            0.
        5780.   1.000000E-5            0.
        5790.   1.000000E-5            0.
        5800.   1.000000E-5            0.
        5810.   1.000000E-5            0.
        5820.   1.000000E-5            0.
        5830.   1.000000E-5            0.
        5840.   1.000000E-5            0.
        5850.   1.000000E-5            0.
        5860.   1.000000E-5            0.
        5870.   1.000000E-5            0.
        5880.   1.000000E-5            0.
        5890.   1.000000E-5            0.
        5900.   1.000000E-5            0.
        5910.   1.000000E-5            0.
        5920.   1.000000E-5            0.
        5930.   1.000000E-5            0.
        5940.   1.000000E-5            0.
        5950.   1.000000E-5            0.
        5960.   1.000000E-5            0.
        5970.   1.000000E-5            0.
        5980.   1.000000E-5            0.
        5990.   1.000000E-5            0.
        6000.   1.000000E-5            0.
        6010.   1.000000E-5            0.
        6020.   1.000000E-5            0.
        6030.   1.000000E-5            0.
        6040.   1.000000E-5            0.
        6050.   1.000000E-5            0.
        6060.   1.000000E-5            0.
        6070.   1.000000E-5            0.
        6080.   1.000000E-5            0.
        6090.   1.000000E-5            0.
        6100.   1.000000E-5            0.
        6110.   1.000000E-5            0.
        6120.   1.000000E-5            0.
        6130.   1.000000E-5            0.
        6140.   1.000000E-5            0.
        6150.   1.000000E-5            0.
        6160.   1.000000E-5            0.
        6170.   1.000000E-5            0.
        6180.   1.000000E-5            0.
        6190.   1.000000E-5            0.
        6200.   1.000000E-5            0.
        6210.   1.000000E-5            0.
        6220.   1.000000E-5            0.
        6230.   1.000000E-5            0.
        6240.   1.000000E-5            0.
        6250.   1.000000E-5            0.
        6260.   1.000000E-5            0.
        6270.   1.000000E-5            0.
        6280.   1.000000E-5            0.
        6290.   1.000000E-5            0.
        6300.   1.000000E-5            0.
        6310.   1.000000E-5            0.
        6320.   1.000000E-5            0.
        6330.   1.000000E-5            0.
        6340.   2.000000E-5            0.
        6350.   2.000000E-5            0.
        6360.   1.000000E-5            0.
        6370.   1.000000E-5            0.
        6380.   1.000000E-5            0.
        6390.   1.000000E-5            0.
        6400.   1.000000E-5            0.
        6410.   2.000000E-5            0.
        6420.   2.000000E-5            0.
        6430.   2.000000E-5            0.
        6440.   1.000000E-5            0.
        6450.   1.000000E-5            0.
        6460.   1.000000E-5            0.
        6470.   1.000000E-5            0.
        6480.   1.000000E-5            0.
        6490.   1.000000E-5            0.
        6500.   1.000000E-5            0.
        6510.   1.000000E-5            0.
        6520.   1.000000E-5            0.
        6530.   1.000000E-5            0.
        6540.   1.000000E-5            0.
        6550.   1.000000E-5            0.
        6560.   1.000000E-5            0.
        6570.   1.000000E-5            0.
        6580.   1.000000E-5            0.
        6590.   1.000000E-5            0.
        6600.   1.000000E-5            0.
        6610.   1.000000E-5            0.
        6620.   1.000000E-5            0.
        6630.   1.000000E-5            0.
        6640.   1.000000E-5            0.
        6650.   1.000000E-5            0.
        6660.   1.000000E-5            0.
        6670.   1.000000E-5            0.
        6680.   1.000000E-5            0.
        6690.   1.000000E-5            0.
        6700.   1.000000E-5            0.
        6710.   2.000000E-5            0.
        6720.   2.000000E-5            0.
        6730.   1.000000E-5            0.
        6740.   1.000000E-5            0.
        6750.   1.000000E-5            0.
        6760.   1.000000E-5            0.
        6770.   1.000000E-5            0.
        6780.   1.000000E-5            0.
        6790.   1.000000E-5            0.
        6800.   1.000000E-5            0.
        6810.   1.000000E-5            0.
        6820.   1.000000E-5            0.
        6830.   1.000000E-5            0.
        6840.   1.000000E-5            0.
        6850.   1.000000E-5            0.
        6860.   1.000000E-5            0.
        6870.   1.000000E-5            0.
        6880.   1.000000E-5            0.
        6890.   1.000000E-5            0.
        6900.   1.000000E-5            0.
        6910.   1.000000E-5            0.
        6920.   1.000000E-5            0.
        6930.   1.000000E-5            0.
        6940.   1.000000E-5            0.
        6950.   1.000000E-5            0.
        6960.   1.000000E-5            0.
        6970.   1.000000E-5            0.
        6980.   1.000000E-5            0.
        6990.   1.000000E-5            0.
        7000.   1.000000E-5            0.
        7010.   1.000000E-5            0.
        7020.   1.000000E-5            0.
        7030.   1.000000E-5            0.
        7040.   1.000000E-5            0.
        7050.   1.000000E-5            0.
        7060.   1.000000E-5            0.
        7070.   1.000000E-5            0.
        7080.   1.000000E-5            0.
        7090.   1.000000E-5            0.
        7100.   1.000000E-5            0.
        7110.   1.000000E-5            0.
        7120.   1.000000E-5            0.
        7130.   1.000000E-5            0.
        7140.   1.000000E-5            0.
        7150.   1.000000E-5            0.
        7160.   1.000000E-5            0.
        7170.   1.000000E-5            0.
        7180.   1.000000E-5            0.
        7190.   1.000000E-5            0.
        7200.   1.000000E-5            0.
        7210.   1.000000E-5            0.
        7220.   1.000000E-5            0.
        7230.   1.000000E-5            0.
        7240.   1.000000E-5            0.
        7250.   1.000000E-5            0.
        7260.   1.000000E-5            0.
        7270.   1.000000E-5            0.
        7280.   1.000000E-5            0.
        7290.   1.000000E-5            0.
        7300.   1.000000E-5            0.
        7310.   1.000000E-5            0.
        7320.   1.000000E-5            0.
        7330.   1.000000E-5            0.
        7340.   1.000000E-5            0.
        7350.   1.000000E-5            0.
        7360.   1.000000E-5            0.
        7370.   1.000000E-5            0.
        7380.   1.000000E-5            0.
        7390.   1.000000E-5            0.
        7400.   1.000000E-5            0.
        7410.   1.000000E-5            0.
        7420.   1.000000E-5            0.
        7430.   1.000000E-5            0.
        7440.   1.000000E-5            0.
        7450.   1.000000E-5            0.
        7460.   1.000000E-5            0.
        7470.   1.000000E-5            0.
        7480.   1.000000E-5            0.
        7490.   1.000000E-5            0.
        7500.   1.000000E-5            0.
        7510.   1.000000E-5            0.
        7520.   1.000000E-5            0.
        7530.   1.000000E-5            0.
        7540.   1.000000E-5            0.
        7550.   1.000000E-5            0.
        7560.   1.000000E-5            0.
        7570.   1.000000E-5            0.
        7580.   1.000000E-5            0.
        7590.   1.000000E-5            0.
        7600.   1.000000E-5            0.
        7610.   1.000000E-5            0.
        7620.   1.000000E-5            0.
        7630.   1.000000E-5            0.
        7640.   1.000000E-5            0.
        7650.   1.000000E-5            0.
        7660.   1.000000E-5            0.
        7670.   1.000000E-5            0.
        7680.   1.000000E-5            0.
        7690.   1.000000E-5            0.
        7700.   1.000000E-5            0.
        7710.   1.000000E-5            0.
        7720.   1.000000E-5            0.
        7730.   1.000000E-5            0.
        7740.   1.000000E-5            0.
        7750.   1.000000E-5            0.
        7760.   1.000000E-5            0.
        7770.   1.000000E-5            0.
        7780.   1.000000E-5            0.
        7790.   1.000000E-5            0.
        7800.   1.000000E-5            0.
        7810.   1.000000E-5            0.
        7820.   1.000000E-5            0.
        7830.   1.000000E-5            0.
        7840.   1.000000E-5            0.
        7850.   1.000000E-5            0.
        7860.   1.000000E-5            0.
        7870.   1.000000E-5            0.
        7880.   1.000000E-5            0.
        7890.   1.000000E-5            0.
        7900.   1.000000E-5            0.
        7910.   1.000000E-5            0.
        7920.   1.000000E-5            0.
        7930.   1.000000E-5            0.
        7940.   1.000000E-5            0.
        7950.   1.000000E-5            0.
        7960.   1.000000E-5            0.
        7970.   1.000000E-5            0.
        7980.   1.000000E-5            0.
        7990.   1.000000E-5            0.
        8800.        0.0089            0.
        8802.        0.0093            0.
        8821.        0.0094            0.
        8848.        0.0094            0.
        8851.        0.0095            0.
        8853.        0.0096            0.
        8855.        0.0101            0.
        8859.        0.0109            0.
        8860.        0.0104            0.
        8861.        0.0108            0.
        8862.        0.0112            0.
        8863.        0.0119            0.
        8864.        0.0118            0.
        8865.        0.0125            0.
        8866.        0.0133            0.
        8867.        0.0145            0.
        8868.        0.0152            0.
        8869.        0.0166            0.
        8870.         0.018            0.
        8871.        0.0189            0.
        8872.         0.021            0.
        8873.        0.0233            0.
        8874.        0.0262            0.
        8875.        0.0297            0.
        8876.        0.0323            0.
        8877.        0.0377            0.
        8878.        0.0417            0.
        8879.        0.0487            0.
        8880.        0.0544            0.
        8881.        0.0626            0.
        8882.        0.0697            0.
        8883.        0.0821            0.
        8884.        0.0899            0.
        8885.        0.1051            0.
        8886.        0.1169            0.
        8887.        0.1368            0.
        8888.        0.1499            0.
        8889.        0.1745            0.
        8890.        0.1894            0.
        8891.        0.2185            0.
        8892.        0.2361            0.
        8893.         0.267            0.
        8894.        0.2888            0.
        8895.        0.3236            0.
        8896.        0.3483            0.
        8897.        0.3853            0.
        8898.        0.4106            0.
        8899.         0.447            0.
        8900.        0.4719            0.
        8901.        0.5092            0.
        8902.        0.5347            0.
        8903.        0.5677            0.
        8904.        0.5912            0.
        8905.        0.6252            0.
        8906.        0.6461            0.
        8907.        0.6752            0.
        8908.        0.6931            0.
        8909.         0.718            0.
        8910.        0.7334            0.
        8911.        0.7555            0.
        8912.          0.77            0.
        8913.        0.7869            0.
        8914.        0.7986            0.
        8915.        0.8124            0.
        8916.        0.8214            0.
        8917.        0.8337            0.
        8918.         0.842            0.
        8919.        0.8521            0.
        8920.        0.8584            0.
        8921.        0.8666            0.
        8922.         0.875            0.
        8923.        0.8824            0.
        8924.        0.8903            0.
        8925.        0.8945            0.
        8926.        0.8993            0.
        8927.        0.9032            0.
        8928.         0.906            0.
        8929.        0.9082            0.
        8930.        0.9123            0.
        8931.        0.9115            0.
        8932.        0.9121            0.
        8933.        0.9117            0.
        8934.        0.9119            0.
        8935.        0.9091            0.
        8936.        0.9081            0.
        8937.         0.903            0.
        8938.        0.9019            0.
        8939.        0.8956            0.
        8940.        0.8952            0.
        8941.        0.8893            0.
        8942.        0.8872            0.
        8943.        0.8826            0.
        8944.        0.8781            0.
        8945.        0.8749            0.
        8946.        0.8701            0.
        8947.        0.8612            0.
        8948.        0.8557            0.
        8949.        0.8439            0.
        8950.        0.8336            0.
        8951.        0.8187            0.
        8952.        0.8072            0.
        8953.         0.785            0.
        8954.        0.7724            0.
        8955.        0.7443            0.
        8956.        0.7241            0.
        8957.        0.6909            0.
        8958.        0.6662            0.
        8959.        0.6239            0.
        8960.        0.5981            0.
        8961.        0.5536            0.
        8962.        0.5205            0.
        8963.         0.475            0.
        8964.        0.4446            0.
        8965.        0.3968            0.
        8966.        0.3662            0.
        8967.        0.3212            0.
        8968.        0.2929            0.
        8969.        0.2471            0.
        8970.         0.223            0.
        8971.        0.1902            0.
        8972.        0.1681            0.
        8973.        0.1415            0.
        8974.        0.1245            0.
        8975.        0.1036            0.
        8976.        0.0902            0.
        8977.        0.0755            0.
        8978.        0.0662            0.
        8979.        0.0552            0.
        8980.        0.0482            0.
        8981.        0.0401            0.
        8982.        0.0363            0.
        8983.        0.0317            0.
        8984.        0.0292            0.
        8985.        0.0245            0.
        8986.        0.0206            0.
        8987.        0.0185            0.
        8988.        0.0174            0.
        8989.        0.0158            0.
        8990.         0.015            0.
        8991.        0.0137            0.
        8992.        0.0129            0.
        8993.        0.0114            0.
        8994.        0.0118            0.
        8995.        0.0112            0.
        8996.        0.0114            0.
        8997.        0.0107            0.
        8998.        0.0101            0.
        9000.       0.00759            0.
        9010.       0.00148            0.
        9020.   7.500000E-4            0.
        9030.   5.400000E-4            0.
        9040.   5.300000E-4            0.
        9050.   5.300000E-4            0.
        9060.   5.400000E-4            0.
        9070.   5.500000E-4            0.
        9080.   5.000000E-4            0.
        9090.   4.900000E-4            0.
        9100.   5.200000E-4            0.
        9110.   4.500000E-4            0.
        9120.   4.800000E-4            0.
        9130.   5.200000E-4            0.
        9140.   5.000000E-4            0.
        9150.   5.000000E-4            0.
        9160.   5.000000E-4            0.
        9170.   5.300000E-4            0.
        9180.   5.600000E-4            0.
        9190.   4.200000E-4            0.
        9200.   4.700000E-4            0.
        9210.   5.200000E-4            0.
        9220.   5.400000E-4            0.
        9230.   4.700000E-4            0.
        9240.   5.300000E-4            0.
        9250.   5.500000E-4            0.
        9260.   5.200000E-4            0.
        9270.   4.900000E-4            0.
        9280.   4.900000E-4            0.
        9290.   5.100000E-4            0.
        9300.   5.000000E-4            0.
        9310.   5.000000E-4            0.
        9320.   4.800000E-4            0.
        9330.   4.800000E-4            0.
        9340.   4.900000E-4            0.
        9350.   5.300000E-4            0.
        9360.   5.900000E-4            0.
        9370.   3.800000E-4            0.
        9380.   5.000000E-4            0.
        9390.   5.000000E-4            0.
        9400.   4.700000E-4            0.
        9410.   5.100000E-4            0.
        9420.   5.300000E-4            0.
        9430.   4.500000E-4            0.
        9440.   4.900000E-4            0.
        9450.   5.500000E-4            0.
        9460.   5.100000E-4            0.
        9470.   5.400000E-4            0.
        9480.   4.900000E-4            0.
        9490.   5.100000E-4            0.
        9500.   5.000000E-4            0.
        9510.   4.800000E-4            0.
        9520.   5.200000E-4            0.
        9530.   5.000000E-4            0.
        9540.   4.700000E-4            0.
        9550.   5.200000E-4            0.
        9560.   5.000000E-4            0.
        9570.   5.500000E-4            0.
        9580.   4.600000E-4            0.
        9590.   5.600000E-4            0.
        9600.   4.800000E-4            0.
        9610.   5.700000E-4            0.
        9620.   4.900000E-4            0.
        9630.   4.600000E-4            0.
        9640.   4.800000E-4            0.
        9650.   5.400000E-4            0.
        9660.   4.800000E-4            0.
        9670.   4.900000E-4            0.
        9680.   5.000000E-4            0.
        9690.   5.100000E-4            0.
        9700.   5.700000E-4            0.
        9710.   5.600000E-4            0.
        9720.   5.000000E-4            0.
        9730.   5.400000E-4            0.
        9740.   4.900000E-4            0.
        9750.   5.500000E-4            0.
        9760.   4.800000E-4            0.
        9770.   5.600000E-4            0.
        9780.   5.400000E-4            0.
        9790.   5.100000E-4            0.
        9800.   5.400000E-4            0.
        9810.   5.400000E-4            0.
        9820.   4.700000E-4            0.
        9830.   4.600000E-4            0.
        9840.   5.300000E-4            0.
        9850.   5.200000E-4            0.
        9860.   4.900000E-4            0.
        9870.   4.900000E-4            0.
        9880.   4.500000E-4            0.
        9890.   5.300000E-4            0.
        9900.   4.900000E-4            0.
        9910.   5.100000E-4            0.
        9920.   5.200000E-4            0.
        9930.   5.200000E-4            0.
        9940.   5.300000E-4            0.
        9950.   5.400000E-4            0.
        9960.   5.200000E-4            0.
        9970.   5.400000E-4            0.
        9980.   5.600000E-4            0.
        9990.   5.100000E-4            0.
       10000.   5.000000E-4            0.
       10010.   5.200000E-4            0.
       10020.   5.000000E-4            0.
       10030.   5.800000E-4            0.
       10040.   5.700000E-4            0.
       10050.   5.100000E-4            0.
       10060.   5.500000E-4            0.
       10070.   4.600000E-4            0.
       10080.   4.600000E-4            0.
       10090.   4.900000E-4            0.
       10100.   5.100000E-4            0.
       10110.   5.100000E-4            0.
       10120.   4.800000E-4            0.
       10130.   5.500000E-4            0.
       10140.   4.500000E-4            0.
       10150.   4.600000E-4            0.
       10160.   5.500000E-4            0.
       10170.   6.000000E-4            0.
       10180.   5.100000E-4            0.
       10190.   5.500000E-4            0.
       10200.   5.600000E-4            0.
       10210.   5.100000E-4            0.
       10220.   5.700000E-4            0.
       10230.   5.200000E-4            0.
       10240.   5.200000E-4            0.
       10250.   5.600000E-4            0.
       10260.   5.300000E-4            0.
       10270.   5.100000E-4            0.
       10280.   5.200000E-4            0.
       10290.   5.100000E-4            0.
       10300.   4.800000E-4            0.
       10310.   4.800000E-4            0.
       10320.   4.800000E-4            0.
       10330.   4.900000E-4            0.
       10340.   4.700000E-4            0.
       10350.   5.000000E-4            0.
       10360.   5.500000E-4            0.
       10370.   5.000000E-4            0.
       10380.   5.300000E-4            0.
       10390.   4.600000E-4            0.
       10400.   5.200000E-4            0.
       10410.   4.500000E-4            0.
       10420.   5.000000E-4            0.
       10430.   5.100000E-4            0.
       10440.   5.000000E-4            0.
       10450.   5.000000E-4            0.
       10460.   4.700000E-4            0.
       10470.   5.600000E-4            0.
       10480.   5.200000E-4            0.
       10490.   4.700000E-4            0.
       10500.   4.400000E-4            0.
       10510.   5.600000E-4            0.
       10520.   5.300000E-4            0.
       10530.   4.900000E-4            0.
       10540.   4.600000E-4            0.
       10550.   4.700000E-4            0.
       10560.   5.400000E-4            0.
       10570.   4.600000E-4            0.
       10580.   5.800000E-4            0.
       10590.   5.500000E-4            0.
       10600.   5.500000E-4            0.
       10610.   4.200000E-4            0.
       10620.   4.800000E-4            0.
       10630.   5.700000E-4            0.
       10640.   5.400000E-4            0.
       10650.   5.000000E-4            0.
       10660.   4.500000E-4            0.
       10670.   5.000000E-4            0.
       10680.   5.100000E-4            0.
       10690.   4.900000E-4            0.
       10700.   4.600000E-4            0.
       10710.   5.700000E-4            0.
       10720.   4.800000E-4            0.
       10730.   5.300000E-4            0.
       10740.   5.400000E-4            0.
       10750.   4.900000E-4            0.
       10760.   4.500000E-4            0.
       10770.   4.500000E-4            0.
       10780.   5.700000E-4            0.
       10790.   5.200000E-4            0.
       10800.   4.800000E-4            0.
       10810.   5.500000E-4            0.
       10820.   5.600000E-4            0.
       10830.   5.100000E-4            0.
       10840.   5.100000E-4            0.
       10850.   4.600000E-4            0.
       10860.   4.800000E-4            0.
       10870.   5.200000E-4            0.
       10880.   4.800000E-4            0.
       10890.   5.200000E-4            0.
       10900.   5.100000E-4            0.
       10910.   4.600000E-4            0.
       10920.   4.700000E-4            0.
       10930.   5.000000E-4            0.
       10940.   4.600000E-4            0.
       10950.   5.300000E-4            0.
       10960.   5.400000E-4            0.
       10970.   4.900000E-4            0.
       10980.   5.100000E-4            0.
       10990.   5.100000E-4            0.
       11000.   5.500000E-4            0.
       11010.   4.200000E-4            0.
       11020.   4.500000E-4            0.
       11030.   4.800000E-4            0.
       11040.   5.400000E-4            0.
       11050.   5.400000E-4            0.
       11060.   5.200000E-4            0.
       11070.   4.700000E-4            0.
       11080.   4.800000E-4            0.
       11090.   5.000000E-4            0.
       11100.   5.100000E-4            0.
       13000.            0.            0.
