         100.            0.            0.
        1860.   3.000000E-5            0.
        1870.            0.            0.
        1880.            0.            0.
        1890.            0.            0.
        1900.            0.            0.
        1910.            0.            0.
        1920.   6.000000E-5            0.
        1930.            0.            0.
        1940.            0.            0.
        1950.   1.000000E-5            0.
        1960.   3.000000E-5            0.
        1970.            0.            0.
        1980.            0.            0.
        1990.   2.000000E-5            0.
        2000.            0.            0.
        2010.            0.            0.
        2020.   1.000000E-5            0.
        2030.   2.000000E-5            0.
        2040.            0.            0.
        2050.   1.000000E-5            0.
        2060.            0.            0.
        2070.            0.            0.
        2080.            0.            0.
        2090.   1.000000E-5            0.
        2100.   1.000000E-5            0.
        2110.            0.            0.
        2120.            0.            0.
        2130.            0.            0.
        2140.            0.            0.
        2150.   1.000000E-5            0.
        2160.            0.            0.
        2170.            0.            0.
        2180.            0.            0.
        2190.            0.            0.
        2200.            0.            0.
        2210.            0.            0.
        2220.            0.            0.
        2230.            0.            0.
        2240.            0.            0.
        2250.            0.            0.
        2260.            0.            0.
        2270.            0.            0.
        2280.            0.            0.
        2290.            0.            0.
        2300.            0.            0.
        2310.            0.            0.
        2320.            0.            0.
        2330.            0.            0.
        2340.            0.            0.
        2350.            0.            0.
        2360.            0.            0.
        2370.            0.            0.
        2380.   1.000000E-5            0.
        2390.            0.            0.
        2400.            0.            0.
        2410.            0.            0.
        2420.            0.            0.
        2430.            0.            0.
        2440.            0.            0.
        2450.            0.            0.
        2460.            0.            0.
        2470.            0.            0.
        2480.            0.            0.
        2490.            0.            0.
        2500.            0.            0.
        2510.            0.            0.
        2520.            0.            0.
        2530.            0.            0.
        2540.            0.            0.
        2550.            0.            0.
        2560.            0.            0.
        2570.            0.            0.
        2580.            0.            0.
        2590.            0.            0.
        2600.            0.            0.
        2610.            0.            0.
        2620.            0.            0.
        2630.            0.            0.
        2640.            0.            0.
        2650.            0.            0.
        2660.            0.            0.
        2670.            0.            0.
        2680.            0.            0.
        2690.            0.            0.
        2700.            0.            0.
        2710.            0.            0.
        2720.            0.            0.
        2730.            0.            0.
        2740.            0.            0.
        2750.            0.            0.
        2760.            0.            0.
        2770.            0.            0.
        2780.            0.            0.
        2790.            0.            0.
        2800.            0.            0.
        2810.            0.            0.
        2820.            0.            0.
        2830.            0.            0.
        2840.            0.            0.
        2850.            0.            0.
        2860.            0.            0.
        2870.            0.            0.
        2880.            0.            0.
        2890.            0.            0.
        2900.            0.            0.
        2910.            0.            0.
        2920.            0.            0.
        2930.            0.            0.
        2940.            0.            0.
        2950.            0.            0.
        2960.            0.            0.
        2970.            0.            0.
        2980.            0.            0.
        2990.            0.            0.
        3000.            0.            0.
        3010.            0.            0.
        3020.            0.            0.
        3030.            0.            0.
        3040.            0.            0.
        3050.            0.            0.
        3060.            0.            0.
        3070.            0.            0.
        3080.            0.            0.
        3090.   1.000000E-5            0.
        3100.   1.000000E-5            0.
        3110.            0.            0.
        3120.            0.            0.
        3130.            0.            0.
        3140.            0.            0.
        3150.            0.            0.
        3160.            0.            0.
        3170.            0.            0.
        3180.            0.            0.
        3190.            0.            0.
        3200.            0.            0.
        3210.            0.            0.
        3220.            0.            0.
        3230.            0.            0.
        3240.            0.            0.
        3250.            0.            0.
        3260.            0.            0.
        3270.            0.            0.
        3280.            0.            0.
        3290.            0.            0.
        3300.            0.            0.
        3310.            0.            0.
        3320.            0.            0.
        3330.            0.            0.
        3340.            0.            0.
        3350.            0.            0.
        3360.            0.            0.
        3370.            0.            0.
        3380.            0.            0.
        3390.            0.            0.
        3400.            0.            0.
        3410.            0.            0.
        3420.            0.            0.
        3430.            0.            0.
        3440.            0.            0.
        3450.            0.            0.
        3460.            0.            0.
        3470.            0.            0.
        3480.            0.            0.
        3490.            0.            0.
        3500.   1.000000E-5            0.
        3510.   1.000000E-5            0.
        3520.            0.            0.
        3530.            0.            0.
        3540.            0.            0.
        3550.            0.            0.
        3560.            0.            0.
        3570.            0.            0.
        3580.            0.            0.
        3590.            0.            0.
        3600.            0.            0.
        3610.            0.            0.
        3620.            0.            0.
        3630.            0.            0.
        3640.            0.            0.
        3650.            0.            0.
        3660.            0.            0.
        3670.            0.            0.
        3680.            0.            0.
        3690.            0.            0.
        3700.            0.            0.
        3710.            0.            0.
        3720.            0.            0.
        3730.            0.            0.
        3740.            0.            0.
        3750.            0.            0.
        3760.            0.            0.
        3770.            0.            0.
        3780.            0.            0.
        3790.            0.            0.
        3800.            0.            0.
        3810.            0.            0.
        3820.            0.            0.
        3830.            0.            0.
        3840.            0.            0.
        3850.            0.            0.
        3860.            0.            0.
        3870.            0.            0.
        3880.            0.            0.
        3890.            0.            0.
        3900.            0.            0.
        3910.            0.            0.
        3920.            0.            0.
        3930.            0.            0.
        3940.            0.            0.
        3950.            0.            0.
        3960.            0.            0.
        3970.            0.            0.
        3980.            0.            0.
        3990.            0.            0.
        4000.            0.            0.
        4010.            0.            0.
        4020.            0.            0.
        4030.            0.            0.
        4040.            0.            0.
        4050.            0.            0.
        4060.            0.            0.
        4070.            0.            0.
        4080.            0.            0.
        4090.            0.            0.
        4100.            0.            0.
        4110.            0.            0.
        4120.            0.            0.
        4130.            0.            0.
        4140.            0.            0.
        4150.            0.            0.
        4160.            0.            0.
        4170.            0.            0.
        4180.            0.            0.
        4190.            0.            0.
        4200.            0.            0.
        4210.            0.            0.
        4220.            0.            0.
        4230.            0.            0.
        4240.            0.            0.
        4250.            0.            0.
        4260.            0.            0.
        4270.            0.            0.
        4280.            0.            0.
        4290.            0.            0.
        4300.            0.            0.
        4310.            0.            0.
        4320.            0.            0.
        4330.            0.            0.
        4340.            0.            0.
        4350.            0.            0.
        4360.            0.            0.
        4370.            0.            0.
        4380.            0.            0.
        4390.            0.            0.
        4400.   1.000000E-5            0.
        4410.   3.000000E-5            0.
        4420.   4.000000E-5            0.
        4430.   5.000000E-5            0.
        4440.   4.000000E-5            0.
        4450.   3.000000E-5            0.
        4460.   2.000000E-5            0.
        4470.   1.000000E-5            0.
        4480.            0.            0.
        4490.            0.            0.
        4500.            0.            0.
        4510.            0.            0.
        4520.            0.            0.
        4530.            0.            0.
        4540.            0.            0.
        4550.            0.            0.
        4560.            0.            0.
        4570.            0.            0.
        4580.            0.            0.
        4590.            0.            0.
        4600.            0.            0.
        4610.            0.            0.
        4620.            0.            0.
        4630.            0.            0.
        4640.            0.            0.
        4650.            0.            0.
        4660.            0.            0.
        4670.            0.            0.
        4680.            0.            0.
        4690.            0.            0.
        4700.            0.            0.
        4710.            0.            0.
        4720.            0.            0.
        4730.            0.            0.
        4740.            0.            0.
        4750.            0.            0.
        4760.            0.            0.
        4770.            0.            0.
        4780.            0.            0.
        4790.            0.            0.
        4800.            0.            0.
        4810.            0.            0.
        4820.            0.            0.
        4830.            0.            0.
        4840.            0.            0.
        4850.            0.            0.
        4860.            0.            0.
        4870.            0.            0.
        4880.            0.            0.
        4890.            0.            0.
        4900.            0.            0.
        4910.            0.            0.
        4920.            0.            0.
        4930.            0.            0.
        4940.            0.            0.
        4950.            0.            0.
        4960.            0.            0.
        4970.            0.            0.
        4980.            0.            0.
        4990.            0.            0.
        5000.            0.            0.
        5010.            0.            0.
        5020.            0.            0.
        5030.            0.            0.
        5040.            0.            0.
        5050.            0.            0.
        5060.            0.            0.
        5070.            0.            0.
        5080.            0.            0.
        5090.            0.            0.
        5100.            0.            0.
        5110.            0.            0.
        5120.            0.            0.
        5130.            0.            0.
        5140.            0.            0.
        5150.            0.            0.
        5160.            0.            0.
        5170.            0.            0.
        5180.            0.            0.
        5190.            0.            0.
        5200.            0.            0.
        5210.            0.            0.
        5220.            0.            0.
        5230.            0.            0.
        5240.            0.            0.
        5250.            0.            0.
        5260.            0.            0.
        5270.            0.            0.
        5280.            0.            0.
        5290.            0.            0.
        5300.            0.            0.
        5310.            0.            0.
        5320.            0.            0.
        5330.            0.            0.
        5340.            0.            0.
        5350.            0.            0.
        5360.            0.            0.
        5370.            0.            0.
        5380.            0.            0.
        5390.            0.            0.
        5400.            0.            0.
        5410.            0.            0.
        5420.            0.            0.
        5430.            0.            0.
        5440.            0.            0.
        5450.            0.            0.
        5460.            0.            0.
        5470.            0.            0.
        5480.            0.            0.
        5490.            0.            0.
        5500.            0.            0.
        5510.            0.            0.
        5520.            0.            0.
        5530.            0.            0.
        5540.            0.            0.
        5550.            0.            0.
        5560.            0.            0.
        5570.            0.            0.
        5580.            0.            0.
        5590.            0.            0.
        5600.            0.            0.
        5610.            0.            0.
        5620.            0.            0.
        5630.            0.            0.
        5640.            0.            0.
        5650.            0.            0.
        5660.            0.            0.
        5670.            0.            0.
        5680.            0.            0.
        5690.            0.            0.
        5700.            0.            0.
        5710.            0.            0.
        5720.            0.            0.
        5730.            0.            0.
        5740.            0.            0.
        5750.            0.            0.
        5760.            0.            0.
        5770.            0.            0.
        5780.            0.            0.
        5790.            0.            0.
        5800.            0.            0.
        5810.            0.            0.
        5820.            0.            0.
        5830.            0.            0.
        5840.            0.            0.
        5850.            0.            0.
        5860.            0.            0.
        5870.            0.            0.
        5880.            0.            0.
        5890.            0.            0.
        5900.            0.            0.
        5910.            0.            0.
        5920.            0.            0.
        5930.            0.            0.
        5940.            0.            0.
        5950.            0.            0.
        5960.            0.            0.
        5970.            0.            0.
        5980.            0.            0.
        5990.            0.            0.
        6000.            0.            0.
        6010.            0.            0.
        6020.            0.            0.
        6030.            0.            0.
        6040.            0.            0.
        6050.            0.            0.
        6060.            0.            0.
        6070.            0.            0.
        6080.            0.            0.
        6090.            0.            0.
        6100.            0.            0.
        6110.            0.            0.
        6120.            0.            0.
        6130.            0.            0.
        6140.            0.            0.
        6150.            0.            0.
        6160.            0.            0.
        6170.            0.            0.
        6180.            0.            0.
        6190.            0.            0.
        6200.            0.            0.
        6210.            0.            0.
        6220.            0.            0.
        6230.            0.            0.
        6240.            0.            0.
        6250.            0.            0.
        6260.            0.            0.
        6270.            0.            0.
        6280.            0.            0.
        6290.            0.            0.
        6300.            0.            0.
        6310.            0.            0.
        6320.            0.            0.
        6330.            0.            0.
        6340.            0.            0.
        6350.            0.            0.
        6360.            0.            0.
        6370.            0.            0.
        6380.            0.            0.
        6390.            0.            0.
        6400.            0.            0.
        6410.            0.            0.
        6420.            0.            0.
        6430.            0.            0.
        6440.            0.            0.
        6450.            0.            0.
        6460.            0.            0.
        6470.            0.            0.
        6480.            0.            0.
        6490.            0.            0.
        6500.            0.            0.
        6510.            0.            0.
        6520.            0.            0.
        6530.            0.            0.
        6540.            0.            0.
        6550.            0.            0.
        6560.            0.            0.
        6570.            0.            0.
        6580.            0.            0.
        6590.            0.            0.
        6600.            0.            0.
        6610.            0.            0.
        6620.            0.            0.
        6630.            0.            0.
        6640.            0.            0.
        6650.            0.            0.
        6660.            0.            0.
        6670.            0.            0.
        6680.            0.            0.
        6690.            0.            0.
        6700.            0.            0.
        6710.            0.            0.
        6720.            0.            0.
        6730.            0.            0.
        6740.            0.            0.
        6750.   1.000000E-5            0.
        6760.   1.000000E-5            0.
        6770.   1.000000E-5            0.
        6780.   2.000000E-5            0.
        6790.   3.000000E-5            0.
        6800.   5.000000E-5            0.
        6810.   8.000000E-5            0.
        6820.   1.200000E-4            0.
        6830.   1.900000E-4            0.
        6840.   2.900000E-4            0.
        6850.   4.300000E-4            0.
        6860.   6.600000E-4            0.
        6870.   9.400000E-4            0.
        6880.       0.00142            0.
        6890.       0.00195            0.
        6920.       0.00383            0.
        6922.       0.00409            0.
        6924.       0.00441            0.
        6926.       0.00473            0.
        6928.       0.00509            0.
        6930.       0.00543            0.
        6932.       0.00581            0.
        6934.       0.00625            0.
        6936.       0.00669            0.
        6938.       0.00715            0.
        6940.       0.00765            0.
        6942.       0.00821            0.
        6944.       0.00875            0.
        6946.       0.00934            0.
        6948.          0.01            0.
        6950.       0.01066            0.
        6952.       0.01142            0.
        6954.       0.01218            0.
        6956.       0.01298            0.
        6958.       0.01388            0.
        6960.       0.01479            0.
        6962.       0.01577            0.
        6964.       0.01687            0.
        6966.       0.01798            0.
        6968.       0.01922            0.
        6970.       0.02046            0.
        6972.       0.02182            0.
        6974.       0.02323            0.
        6976.       0.02477            0.
        6978.       0.02639            0.
        6980.       0.02814            0.
        6982.       0.02999            0.
        6984.       0.03195            0.
        6986.       0.03407            0.
        6988.       0.03626            0.
        6990.       0.03858            0.
        6992.       0.04109            0.
        6994.        0.0437            0.
        6996.       0.04648            0.
        6998.       0.04941            0.
        7000.        0.0526            0.
        7002.       0.05601            0.
        7004.       0.05962            0.
        7006.       0.06345            0.
        7008.       0.06758            0.
        7010.       0.07187            0.
        7012.       0.07636            0.
        7014.       0.08115            0.
        7016.       0.08634            0.
        7018.        0.0918            0.
        7020.       0.09763            0.
        7022.       0.10384            0.
        7024.       0.11018            0.
        7026.       0.11715            0.
        7028.       0.12455            0.
        7030.       0.13234            0.
        7032.        0.1405            0.
        7034.       0.14906            0.
        7036.       0.15817            0.
        7038.       0.16777            0.
        7040.       0.17794            0.
        7042.       0.18868            0.
        7044.       0.19987            0.
        7046.       0.21149            0.
        7048.       0.22361            0.
        7050.       0.23619            0.
        7052.       0.24949            0.
        7054.        0.2633            0.
        7056.       0.27777            0.
        7058.       0.29278            0.
        7060.       0.30833            0.
        7062.       0.32416            0.
        7064.       0.34045            0.
        7066.       0.35727            0.
        7068.       0.37457            0.
        7070.       0.39221            0.
        7072.       0.41031            0.
        7074.       0.42898            0.
        7076.       0.44786            0.
        7078.       0.46675            0.
        7080.       0.48583            0.
        7082.       0.50507            0.
        7084.       0.52458            0.
        7086.       0.54406            0.
        7088.       0.56314            0.
        7090.       0.58225            0.
        7092.       0.60101            0.
        7094.       0.61932            0.
        7096.       0.63722            0.
        7098.       0.65503            0.
        7100.       0.67209            0.
        7102.       0.68877            0.
        7104.       0.70477            0.
        7106.       0.72011            0.
        7108.       0.73481            0.
        7110.       0.74877            0.
        7112.       0.76197            0.
        7114.       0.77404            0.
        7116.       0.78591            0.
        7118.       0.79704            0.
        7120.       0.80755            0.
        7122.       0.81768            0.
        7124.       0.82671            0.
        7126.       0.83539            0.
        7128.       0.84342            0.
        7130.        0.8507            0.
        7132.       0.85741            0.
        7134.       0.86369            0.
        7136.       0.86957            0.
        7138.       0.87461            0.
        7140.       0.87937            0.
        7142.       0.88352            0.
        7144.       0.88746            0.
        7146.       0.89084            0.
        7148.       0.89412            0.
        7150.       0.89706            0.
        7152.       0.89978            0.
        7154.       0.90214            0.
        7156.        0.9042            0.
        7158.        0.9065            0.
        7160.       0.90842            0.
        7162.       0.90998            0.
        7164.        0.9114            0.
        7166.       0.91284            0.
        7168.         0.914            0.
        7170.        0.9155            0.
        7172.       0.91666            0.
        7174.       0.91782            0.
        7176.         0.919            0.
        7178.       0.92018            0.
        7180.       0.92106            0.
        7182.       0.92192            0.
        7184.       0.92288            0.
        7186.       0.92386            0.
        7188.       0.92464            0.
        7190.       0.92564            0.
        7192.       0.92656            0.
        7194.       0.92746            0.
        7196.        0.9287            0.
        7198.       0.92982            0.
        7200.       0.93092            0.
        7202.       0.93208            0.
        7204.       0.93318            0.
        7206.       0.93436            0.
        7208.       0.93542            0.
        7210.       0.93648            0.
        7212.       0.93744            0.
        7214.       0.93864            0.
        7216.        0.9398            0.
        7218.        0.9407            0.
        7220.       0.94184            0.
        7222.         0.943            0.
        7224.        0.9441            0.
        7226.       0.94548            0.
        7228.       0.94694            0.
        7230.       0.94798            0.
        7232.       0.94916            0.
        7234.       0.95016            0.
        7236.       0.95134            0.
        7238.       0.95262            0.
        7240.       0.95378            0.
        7242.        0.9549            0.
        7244.       0.95592            0.
        7246.       0.95704            0.
        7248.       0.95792            0.
        7250.       0.95862            0.
        7252.       0.95956            0.
        7254.       0.96058            0.
        7256.       0.96154            0.
        7258.        0.9623            0.
        7260.       0.96336            0.
        7262.       0.96404            0.
        7264.       0.96476            0.
        7266.       0.96556            0.
        7268.       0.96602            0.
        7270.        0.9665            0.
        7272.       0.96716            0.
        7274.       0.96786            0.
        7276.       0.96808            0.
        7278.       0.96842            0.
        7280.       0.96866            0.
        7282.       0.96918            0.
        7284.       0.96954            0.
        7286.       0.96974            0.
        7288.       0.96998            0.
        7290.       0.97016            0.
        7292.          0.97            0.
        7294.        0.9698            0.
        7296.        0.9698            0.
        7298.       0.96936            0.
        7300.         0.969            0.
        7302.       0.96898            0.
        7304.       0.96886            0.
        7306.       0.96868            0.
        7308.       0.96846            0.
        7310.        0.9678            0.
        7312.        0.9674            0.
        7314.       0.96676            0.
        7316.       0.96611            0.
        7318.        0.9658            0.
        7320.       0.96522            0.
        7322.       0.96472            0.
        7324.       0.96392            0.
        7326.       0.96307            0.
        7328.       0.96232            0.
        7330.       0.96186            0.
        7332.       0.96123            0.
        7334.       0.96049            0.
        7336.       0.95964            0.
        7338.       0.95847            0.
        7340.       0.95727            0.
        7342.       0.95643            0.
        7344.       0.95564            0.
        7346.       0.95489            0.
        7348.       0.95427            0.
        7350.       0.95339            0.
        7352.       0.95258            0.
        7354.       0.95165            0.
        7356.       0.95057            0.
        7358.       0.94969            0.
        7360.       0.94875            0.
        7362.       0.94773            0.
        7364.       0.94679            0.
        7366.       0.94581            0.
        7368.       0.94459            0.
        7370.       0.94359            0.
        7372.       0.94291            0.
        7374.       0.94207            0.
        7376.       0.94113            0.
        7378.       0.94057            0.
        7380.       0.93949            0.
        7382.       0.93877            0.
        7384.       0.93797            0.
        7386.       0.93725            0.
        7388.       0.93635            0.
        7390.       0.93568            0.
        7392.       0.93484            0.
        7394.       0.93397            0.
        7396.       0.93316            0.
        7398.       0.93255            0.
        7400.       0.93167            0.
        7402.       0.93119            0.
        7404.       0.93055            0.
        7406.       0.93007            0.
        7408.       0.92966            0.
        7410.       0.92894            0.
        7412.       0.92839            0.
        7414.       0.92784            0.
        7416.        0.9272            0.
        7418.       0.92646            0.
        7420.       0.92606            0.
        7422.       0.92588            0.
        7424.       0.92568            0.
        7426.       0.92524            0.
        7428.       0.92504            0.
        7430.       0.92454            0.
        7432.        0.9243            0.
        7434.       0.92402            0.
        7436.       0.92388            0.
        7438.       0.92382            0.
        7440.       0.92368            0.
        7442.       0.92356            0.
        7444.       0.92348            0.
        7446.       0.92324            0.
        7448.       0.92322            0.
        7450.       0.92328            0.
        7452.       0.92314            0.
        7454.        0.9234            0.
        7456.       0.92352            0.
        7458.       0.92344            0.
        7460.       0.92354            0.
        7462.       0.92348            0.
        7464.       0.92356            0.
        7466.        0.9238            0.
        7468.        0.9241            0.
        7470.       0.92428            0.
        7472.       0.92448            0.
        7474.       0.92486            0.
        7476.       0.92516            0.
        7478.       0.92538            0.
        7480.       0.92574            0.
        7482.       0.92634            0.
        7484.       0.92666            0.
        7486.       0.92694            0.
        7488.       0.92758            0.
        7490.       0.92806            0.
        7492.        0.9285            0.
        7494.       0.92894            0.
        7496.       0.92918            0.
        7498.       0.92938            0.
        7500.          0.93            0.
        7502.       0.93028            0.
        7504.       0.93094            0.
        7506.       0.93168            0.
        7508.       0.93202            0.
        7510.       0.93266            0.
        7512.       0.93336            0.
        7514.       0.93406            0.
        7516.       0.93456            0.
        7518.       0.93526            0.
        7520.       0.93574            0.
        7522.       0.93642            0.
        7524.        0.9373            0.
        7526.         0.938            0.
        7528.        0.9386            0.
        7530.       0.93936            0.
        7532.          0.94            0.
        7534.       0.94062            0.
        7536.       0.94098            0.
        7538.        0.9415            0.
        7540.       0.94174            0.
        7542.       0.94242            0.
        7544.       0.94298            0.
        7546.       0.94356            0.
        7548.        0.9444            0.
        7550.       0.94532            0.
        7552.       0.94584            0.
        7554.       0.94652            0.
        7556.       0.94756            0.
        7558.       0.94814            0.
        7560.       0.94864            0.
        7562.       0.94952            0.
        7564.       0.95004            0.
        7566.        0.9506            0.
        7568.        0.9512            0.
        7570.       0.95214            0.
        7572.       0.95324            0.
        7574.       0.95392            0.
        7576.       0.95446            0.
        7578.       0.95454            0.
        7580.        0.9551            0.
        7582.       0.95562            0.
        7584.        0.9561            0.
        7586.       0.95648            0.
        7588.        0.9571            0.
        7590.       0.95784            0.
        7592.       0.95846            0.
        7594.       0.95904            0.
        7596.       0.95938            0.
        7598.       0.95984            0.
        7600.       0.96048            0.
        7602.       0.96096            0.
        7604.       0.96148            0.
        7606.       0.96192            0.
        7608.       0.96238            0.
        7610.        0.9631            0.
        7612.       0.96344            0.
        7614.       0.96414            0.
        7616.       0.96462            0.
        7618.       0.96504            0.
        7620.       0.96576            0.
        7622.       0.96606            0.
        7624.       0.96664            0.
        7626.       0.96714            0.
        7628.       0.96758            0.
        7630.       0.96782            0.
        7632.       0.96828            0.
        7634.       0.96844            0.
        7636.       0.96874            0.
        7638.       0.96938            0.
        7640.        0.9697            0.
        7642.       0.97022            0.
        7644.       0.97036            0.
        7646.       0.97082            0.
        7648.       0.97106            0.
        7650.       0.97116            0.
        7652.       0.97134            0.
        7654.       0.97138            0.
        7656.       0.97176            0.
        7658.        0.9721            0.
        7660.       0.97264            0.
        7662.       0.97306            0.
        7664.        0.9734            0.
        7666.       0.97362            0.
        7668.       0.97388            0.
        7670.        0.9741            0.
        7672.       0.97426            0.
        7674.       0.97442            0.
        7676.       0.97466            0.
        7678.       0.97508            0.
        7680.       0.97522            0.
        7682.       0.97552            0.
        7684.       0.97568            0.
        7686.       0.97566            0.
        7688.       0.97598            0.
        7690.       0.97614            0.
        7692.       0.97648            0.
        7694.       0.97664            0.
        7696.       0.97714            0.
        7698.       0.97696            0.
        7700.       0.97722            0.
        7702.       0.97744            0.
        7704.       0.97734            0.
        7706.       0.97734            0.
        7708.       0.97752            0.
        7710.       0.97732            0.
        7712.       0.97772            0.
        7714.       0.97778            0.
        7716.        0.9778            0.
        7718.       0.97762            0.
        7720.       0.97792            0.
        7722.       0.97806            0.
        7724.       0.97798            0.
        7726.       0.97808            0.
        7728.       0.97798            0.
        7730.       0.97818            0.
        7732.       0.97836            0.
        7734.       0.97848            0.
        7736.       0.97864            0.
        7738.       0.97892            0.
        7740.       0.97878            0.
        7742.       0.97862            0.
        7744.        0.9787            0.
        7746.       0.97892            0.
        7748.       0.97904            0.
        7750.       0.97912            0.
        7752.       0.97908            0.
        7754.        0.9789            0.
        7756.       0.97876            0.
        7758.       0.97874            0.
        7760.       0.97868            0.
        7762.        0.9787            0.
        7764.        0.9786            0.
        7766.        0.9786            0.
        7768.       0.97844            0.
        7770.       0.97848            0.
        7772.        0.9789            0.
        7774.        0.9788            0.
        7776.       0.97904            0.
        7778.        0.9791            0.
        7780.       0.97886            0.
        7782.       0.97886            0.
        7784.       0.97852            0.
        7786.        0.9782            0.
        7788.       0.97816            0.
        7790.        0.9781            0.
        7792.       0.97796            0.
        7794.       0.97802            0.
        7796.       0.97816            0.
        7798.       0.97798            0.
        7800.        0.9777            0.
        7802.       0.97768            0.
        7804.       0.97724            0.
        7806.       0.97744            0.
        7808.       0.97722            0.
        7810.       0.97718            0.
        7812.       0.97714            0.
        7814.       0.97702            0.
        7816.       0.97676            0.
        7818.       0.97668            0.
        7820.        0.9767            0.
        7822.       0.97656            0.
        7824.       0.97636            0.
        7826.        0.9763            0.
        7828.       0.97614            0.
        7830.       0.97616            0.
        7832.       0.97578            0.
        7834.       0.97598            0.
        7836.       0.97596            0.
        7838.       0.97568            0.
        7840.       0.97536            0.
        7842.       0.97506            0.
        7844.       0.97462            0.
        7846.       0.97466            0.
        7848.       0.97432            0.
        7850.       0.97422            0.
        7852.       0.97412            0.
        7854.       0.97384            0.
        7856.       0.97376            0.
        7858.       0.97382            0.
        7860.       0.97424            0.
        7862.        0.9741            0.
        7864.       0.97386            0.
        7866.        0.9738            0.
        7868.       0.97348            0.
        7870.       0.97322            0.
        7872.        0.9729            0.
        7874.       0.97268            0.
        7876.        0.9724            0.
        7878.       0.97246            0.
        7880.       0.97168            0.
        7882.       0.97144            0.
        7884.       0.97116            0.
        7886.       0.97096            0.
        7888.       0.97082            0.
        7890.       0.97082            0.
        7892.       0.97086            0.
        7894.       0.97096            0.
        7896.       0.97086            0.
        7898.       0.97066            0.
        7900.        0.9706            0.
        7902.       0.97052            0.
        7904.       0.97038            0.
        7906.          0.97            0.
        7908.       0.96972            0.
        7910.       0.96934            0.
        7912.       0.96906            0.
        7914.        0.9686            0.
        7916.       0.96864            0.
        7918.        0.9686            0.
        7920.       0.96846            0.
        7922.       0.96814            0.
        7924.        0.9678            0.
        7926.       0.96768            0.
        7928.       0.96738            0.
        7930.       0.96746            0.
        7932.       0.96738            0.
        7934.       0.96702            0.
        7936.       0.96686            0.
        7938.       0.96652            0.
        7940.       0.96634            0.
        7942.       0.96584            0.
        7944.        0.9658            0.
        7946.       0.96542            0.
        7948.       0.96494            0.
        7950.       0.96506            0.
        7952.        0.9649            0.
        7954.         0.965            0.
        7956.       0.96506            0.
        7958.        0.9651            0.
        7960.         0.965            0.
        7962.         0.965            0.
        7964.       0.96496            0.
        7966.        0.9646            0.
        7968.       0.96462            0.
        7970.       0.96442            0.
        7972.       0.96412            0.
        7974.       0.96412            0.
        7976.       0.96376            0.
        7978.       0.96344            0.
        7980.        0.9633            0.
        7982.       0.96298            0.
        7984.       0.96252            0.
        7986.        0.9622            0.
        7988.       0.96216            0.
        7990.        0.9625            0.
        7992.       0.96252            0.
        7994.       0.96268            0.
        7996.        0.9627            0.
        7998.       0.96246            0.
        8000.       0.95996            0.
        8002.       0.96036            0.
        8004.       0.96066            0.
        8006.       0.96072            0.
        8008.       0.95944            0.
        8010.       0.95906            0.
        8012.       0.95894            0.
        8014.       0.95918            0.
        8016.       0.95958            0.
        8018.        0.9595            0.
        8020.        0.9592            0.
        8022.       0.95876            0.
        8024.       0.95848            0.
        8026.       0.95838            0.
        8028.       0.95914            0.
        8030.       0.95966            0.
        8032.       0.95934            0.
        8034.       0.96006            0.
        8036.        0.9598            0.
        8038.       0.95936            0.
        8040.       0.95926            0.
        8042.       0.95938            0.
        8044.       0.95938            0.
        8046.        0.9603            0.
        8048.       0.96068            0.
        8050.       0.96066            0.
        8052.       0.96102            0.
        8054.       0.96154            0.
        8056.       0.96124            0.
        8058.       0.96116            0.
        8060.       0.96086            0.
        8062.       0.96044            0.
        8064.       0.96104            0.
        8066.       0.96118            0.
        8068.       0.96168            0.
        8070.       0.96214            0.
        8072.       0.96256            0.
        8074.       0.96244            0.
        8076.        0.9619            0.
        8078.       0.96212            0.
        8080.       0.96158            0.
        8082.       0.96106            0.
        8084.       0.96128            0.
        8086.       0.96194            0.
        8088.       0.96294            0.
        8090.         0.964            0.
        8092.        0.9644            0.
        8094.       0.96432            0.
        8096.       0.96386            0.
        8098.       0.96396            0.
        8100.       0.96372            0.
        8102.        0.9637            0.
        8104.        0.9638            0.
        8106.        0.9642            0.
        8108.       0.96462            0.
        8110.       0.96528            0.
        8112.       0.96544            0.
        8114.       0.96542            0.
        8116.       0.96508            0.
        8118.       0.96502            0.
        8120.       0.96524            0.
        8122.       0.96502            0.
        8124.       0.96538            0.
        8126.       0.96572            0.
        8128.       0.96604            0.
        8130.       0.96616            0.
        8132.       0.96674            0.
        8134.       0.96742            0.
        8136.       0.96796            0.
        8138.       0.96814            0.
        8140.         0.968            0.
        8142.       0.96866            0.
        8144.        0.9689            0.
        8146.       0.96854            0.
        8148.       0.96884            0.
        8150.       0.96866            0.
        8152.       0.96914            0.
        8154.        0.9692            0.
        8156.          0.97            0.
        8158.       0.97024            0.
        8160.         0.971            0.
        8162.        0.9713            0.
        8164.        0.9719            0.
        8166.       0.97266            0.
        8168.       0.97256            0.
        8170.       0.97274            0.
        8172.        0.9726            0.
        8174.       0.97226            0.
        8176.        0.9721            0.
        8178.       0.97234            0.
        8180.       0.97244            0.
        8182.       0.97284            0.
        8184.       0.97324            0.
        8186.       0.97444            0.
        8188.       0.97464            0.
        8190.       0.97444            0.
        8192.       0.97456            0.
        8194.       0.97456            0.
        8196.       0.97402            0.
        8198.       0.97314            0.
        8200.       0.97412            0.
        8202.       0.97468            0.
        8204.       0.97546            0.
        8206.        0.9759            0.
        8208.       0.97622            0.
        8210.        0.9765            0.
        8212.       0.97704            0.
        8214.       0.97706            0.
        8216.       0.97716            0.
        8218.        0.9772            0.
        8220.       0.97704            0.
        8222.       0.97702            0.
        8224.       0.97734            0.
        8226.       0.97758            0.
        8228.       0.97764            0.
        8230.       0.97772            0.
        8232.       0.97864            0.
        8234.       0.97856            0.
        8236.       0.97884            0.
        8238.       0.97962            0.
        8240.       0.97948            0.
        8242.       0.97954            0.
        8244.       0.97872            0.
        8246.       0.97916            0.
        8248.       0.97916            0.
        8250.       0.97984            0.
        8252.       0.98064            0.
        8254.        0.9812            0.
        8256.        0.9816            0.
        8258.       0.98138            0.
        8260.       0.98178            0.
        8262.        0.9819            0.
        8264.       0.98166            0.
        8266.       0.98186            0.
        8268.       0.98202            0.
        8270.       0.98202            0.
        8272.        0.9818            0.
        8274.        0.9818            0.
        8276.       0.98142            0.
        8278.       0.98214            0.
        8280.       0.98168            0.
        8282.       0.98184            0.
        8284.       0.98182            0.
        8286.       0.98174            0.
        8288.       0.98168            0.
        8290.       0.98204            0.
        8292.         0.982            0.
        8294.       0.98244            0.
        8296.       0.98292            0.
        8298.       0.98384            0.
        8300.       0.98462            0.
        8302.       0.98428            0.
        8304.       0.98436            0.
        8306.       0.98468            0.
        8308.       0.98346            0.
        8310.       0.98326            0.
        8312.       0.98312            0.
        8314.       0.98314            0.
        8316.       0.98364            0.
        8318.        0.9847            0.
        8320.       0.98452            0.
        8322.       0.98458            0.
        8324.        0.9851            0.
        8326.       0.98432            0.
        8328.       0.98368            0.
        8330.       0.98336            0.
        8332.       0.98358            0.
        8334.       0.98418            0.
        8336.       0.98488            0.
        8338.       0.98546            0.
        8340.       0.98614            0.
        8342.       0.98622            0.
        8344.       0.98584            0.
        8346.       0.98508            0.
        8348.       0.98464            0.
        8350.       0.98434            0.
        8352.        0.9844            0.
        8354.       0.98466            0.
        8356.       0.98546            0.
        8358.       0.98556            0.
        8360.        0.9855            0.
        8362.       0.98548            0.
        8364.       0.98452            0.
        8366.        0.9847            0.
        8368.       0.98392            0.
        8370.       0.98336            0.
        8372.       0.98378            0.
        8374.       0.98412            0.
        8376.       0.98476            0.
        8378.        0.9852            0.
        8380.       0.98614            0.
        8382.       0.98674            0.
        8384.       0.98624            0.
        8386.       0.98686            0.
        8388.       0.98616            0.
        8390.       0.98556            0.
        8392.        0.9848            0.
        8394.       0.98518            0.
        8396.       0.98496            0.
        8398.       0.98482            0.
        8400.       0.98562            0.
        8402.        0.9845            0.
        8404.       0.98398            0.
        8406.       0.98368            0.
        8408.       0.98376            0.
        8410.       0.98334            0.
        8412.       0.98398            0.
        8414.       0.98396            0.
        8416.       0.98426            0.
        8418.       0.98392            0.
        8420.       0.98362            0.
        8422.       0.98388            0.
        8424.       0.98424            0.
        8426.        0.9842            0.
        8428.        0.9848            0.
        8430.       0.98462            0.
        8432.        0.9842            0.
        8434.        0.9835            0.
        8436.       0.98298            0.
        8438.       0.98188            0.
        8440.        0.9824            0.
        8442.       0.98308            0.
        8444.       0.98446            0.
        8446.       0.98418            0.
        8448.       0.98404            0.
        8450.       0.98324            0.
        8452.       0.98288            0.
        8454.       0.98166            0.
        8456.       0.98162            0.
        8458.       0.98144            0.
        8460.        0.9818            0.
        8462.       0.98198            0.
        8464.       0.98128            0.
        8466.       0.98092            0.
        8468.        0.9814            0.
        8470.       0.98176            0.
        8472.        0.9813            0.
        8474.       0.98114            0.
        8476.       0.98102            0.
        8478.        0.9808            0.
        8480.        0.9809            0.
        8482.       0.98132            0.
        8484.       0.98108            0.
        8486.       0.98066            0.
        8488.       0.98082            0.
        8490.       0.98068            0.
        8492.       0.97988            0.
        8494.       0.97938            0.
        8496.       0.97908            0.
        8498.       0.97872            0.
        8500.         0.978            0.
        8502.       0.97728            0.
        8504.       0.97774            0.
        8506.       0.97802            0.
        8508.       0.97802            0.
        8510.        0.9783            0.
        8512.       0.97812            0.
        8514.       0.97742            0.
        8516.       0.97654            0.
        8518.       0.97636            0.
        8520.       0.97648            0.
        8522.         0.976            0.
        8524.       0.97564            0.
        8526.       0.97512            0.
        8528.       0.97552            0.
        8530.       0.97498            0.
        8532.       0.97382            0.
        8534.       0.97322            0.
        8536.       0.97386            0.
        8538.       0.97296            0.
        8540.        0.9729            0.
        8542.        0.9721            0.
        8544.       0.97182            0.
        8546.       0.97194            0.
        8548.       0.97134            0.
        8550.       0.97038            0.
        8552.       0.96976            0.
        8554.       0.96886            0.
        8556.       0.96878            0.
        8558.       0.96842            0.
        8560.       0.96896            0.
        8562.       0.96922            0.
        8564.       0.96854            0.
        8566.        0.9687            0.
        8568.       0.96822            0.
        8570.       0.96664            0.
        8572.       0.96566            0.
        8574.       0.96468            0.
        8576.       0.96474            0.
        8578.       0.96458            0.
        8580.       0.96394            0.
        8582.       0.96342            0.
        8584.       0.96294            0.
        8586.       0.96176            0.
        8588.         0.961            0.
        8590.       0.96038            0.
        8592.        0.9598            0.
        8594.        0.9602            0.
        8596.       0.95986            0.
        8598.       0.95904            0.
        8600.       0.95934            0.
        8602.       0.95908            0.
        8604.       0.95862            0.
        8606.        0.9581            0.
        8608.       0.95752            0.
        8610.       0.95656            0.
        8612.       0.95546            0.
        8614.       0.95514            0.
        8616.       0.95484            0.
        8618.       0.95416            0.
        8620.       0.95312            0.
        8622.       0.95324            0.
        8624.       0.95256            0.
        8626.       0.95172            0.
        8628.       0.95116            0.
        8630.       0.95052            0.
        8632.       0.95002            0.
        8634.       0.94988            0.
        8636.       0.94912            0.
        8638.       0.94908            0.
        8640.       0.94836            0.
        8642.        0.9477            0.
        8644.       0.94616            0.
        8646.       0.94518            0.
        8648.       0.94342            0.
        8650.        0.9432            0.
        8652.         0.943            0.
        8654.       0.94328            0.
        8656.       0.94266            0.
        8658.       0.94186            0.
        8660.       0.94062            0.
        8662.       0.93994            0.
        8664.       0.93976            0.
        8666.       0.93882            0.
        8668.        0.9387            0.
        8670.       0.93778            0.
        8672.       0.93784            0.
        8674.       0.93716            0.
        8676.       0.93522            0.
        8678.       0.93366            0.
        8680.       0.93332            0.
        8682.       0.93282            0.
        8684.       0.93186            0.
        8686.       0.93114            0.
        8688.       0.93082            0.
        8690.       0.93068            0.
        8692.       0.93038            0.
        8694.        0.9296            0.
        8696.       0.92874            0.
        8698.       0.92734            0.
        8700.       0.92612            0.
        8702.       0.92452            0.
        8704.        0.9245            0.
        8706.       0.92374            0.
        8708.       0.92346            0.
        8710.       0.92306            0.
        8712.       0.92254            0.
        8714.        0.9216            0.
        8716.       0.92094            0.
        8718.       0.92086            0.
        8720.        0.9207            0.
        8722.       0.91982            0.
        8724.       0.91914            0.
        8726.       0.91806            0.
        8728.        0.9178            0.
        8730.       0.91754            0.
        8732.       0.91556            0.
        8734.       0.91446            0.
        8736.       0.91348            0.
        8738.       0.91378            0.
        8740.        0.9131            0.
        8742.       0.91274            0.
        8744.       0.91246            0.
        8746.       0.91218            0.
        8748.       0.91186            0.
        8750.       0.91072            0.
        8752.       0.90962            0.
        8754.       0.90846            0.
        8756.         0.908            0.
        8758.       0.90758            0.
        8760.        0.9071            0.
        8762.       0.90722            0.
        8764.       0.90662            0.
        8766.       0.90562            0.
        8768.       0.90498            0.
        8770.       0.90454            0.
        8772.       0.90388            0.
        8774.       0.90328            0.
        8776.       0.90288            0.
        8778.       0.90204            0.
        8780.       0.90082            0.
        8782.           0.9            0.
        8784.        0.8996            0.
        8786.       0.89974            0.
        8788.       0.89912            0.
        8790.        0.8985            0.
        8792.       0.89786            0.
        8794.       0.89678            0.
        8796.       0.89616            0.
        8798.       0.89558            0.
        8800.        0.8956            0.
        8802.       0.89528            0.
        8804.       0.89482            0.
        8806.       0.89464            0.
        8808.       0.89448            0.
        8810.        0.8945            0.
        8812.       0.89336            0.
        8814.       0.89248            0.
        8816.       0.89218            0.
        8818.        0.8919            0.
        8820.       0.89194            0.
        8822.       0.89164            0.
        8824.       0.89148            0.
        8826.       0.89066            0.
        8828.        0.8896            0.
        8830.       0.88942            0.
        8832.       0.88934            0.
        8834.       0.88918            0.
        8836.       0.88902            0.
        8838.       0.88852            0.
        8840.       0.88792            0.
        8842.       0.88832            0.
        8844.       0.88858            0.
        8846.        0.8881            0.
        8848.       0.88862            0.
        8850.        0.8884            0.
        8852.       0.88738            0.
        8854.       0.88642            0.
        8856.       0.88622            0.
        8858.       0.88626            0.
        8860.       0.88692            0.
        8862.       0.88756            0.
        8864.       0.88746            0.
        8866.       0.88776            0.
        8868.       0.88744            0.
        8870.       0.88666            0.
        8872.       0.88622            0.
        8874.       0.88552            0.
        8876.       0.88524            0.
        8878.        0.8852            0.
        8880.       0.88556            0.
        8882.       0.88586            0.
        8884.       0.88564            0.
        8886.       0.88594            0.
        8888.       0.88558            0.
        8890.       0.88564            0.
        8892.       0.88502            0.
        8894.       0.88458            0.
        8896.       0.88536            0.
        8898.       0.88618            0.
        8900.       0.88676            0.
        8902.        0.8872            0.
        8904.       0.88704            0.
        8906.       0.88758            0.
        8908.       0.88826            0.
        8910.       0.88852            0.
        8912.        0.8884            0.
        8914.        0.8879            0.
        8916.       0.88758            0.
        8918.       0.88636            0.
        8920.        0.8862            0.
        8922.       0.88722            0.
        8924.        0.8886            0.
        8926.       0.88946            0.
        8928.       0.89014            0.
        8930.        0.8909            0.
        8932.       0.89084            0.
        8934.        0.8899            0.
        8936.        0.8903            0.
        8938.       0.89094            0.
        8940.        0.8914            0.
        8942.       0.89148            0.
        8944.       0.89134            0.
        8946.       0.89158            0.
        8948.       0.89215            0.
        8950.       0.89258            0.
        8952.       0.89318            0.
        8954.        0.8939            0.
        8956.       0.89452            0.
        8958.       0.89444            0.
        8960.        0.8942            0.
        8962.       0.89468            0.
        8964.       0.89576            0.
        8966.       0.89675            0.
        8968.       0.89797            0.
        8970.       0.89818            0.
        8972.       0.89846            0.
        8974.        0.8984            0.
        8976.       0.89844            0.
        8978.       0.89876            0.
        8980.       0.89902            0.
        8982.       0.90082            0.
        8984.       0.90215            0.
        8986.       0.90208            0.
        8988.       0.90236            0.
        8990.       0.90246            0.
        8992.       0.90272            0.
        8994.        0.9027            0.
        8996.       0.90366            0.
        8998.       0.90526            0.
        9000.       0.90718            0.
        9002.       0.90795            0.
        9004.       0.90878            0.
        9006.       0.90902            0.
        9008.       0.90964            0.
        9010.       0.90939            0.
        9012.       0.90967            0.
        9014.       0.91111            0.
        9016.       0.91286            0.
        9018.       0.91445            0.
        9020.        0.9157            0.
        9022.        0.9159            0.
        9024.       0.91612            0.
        9026.       0.91578            0.
        9028.       0.91678            0.
        9030.       0.91808            0.
        9032.       0.91966            0.
        9034.       0.92062            0.
        9036.       0.92168            0.
        9038.       0.92241            0.
        9040.       0.92254            0.
        9042.       0.92189            0.
        9044.       0.92246            0.
        9046.       0.92313            0.
        9048.       0.92441            0.
        9050.       0.92585            0.
        9052.       0.92647            0.
        9054.       0.92687            0.
        9056.       0.92747            0.
        9058.       0.92827            0.
        9060.       0.92848            0.
        9062.       0.92839            0.
        9064.       0.93003            0.
        9066.       0.93139            0.
        9068.       0.93203            0.
        9070.       0.93316            0.
        9072.        0.9344            0.
        9074.       0.93548            0.
        9076.       0.93634            0.
        9078.       0.93752            0.
        9080.       0.93797            0.
        9082.       0.93845            0.
        9084.       0.93834            0.
        9086.       0.93897            0.
        9088.       0.93939            0.
        9090.       0.94149            0.
        9092.       0.94261            0.
        9094.       0.94344            0.
        9096.       0.94551            0.
        9098.       0.94679            0.
        9100.       0.94724            0.
        9102.       0.94761            0.
        9104.       0.94766            0.
        9106.       0.94844            0.
        9108.       0.94957            0.
        9110.       0.95062            0.
        9112.       0.95116            0.
        9114.        0.9513            0.
        9116.        0.9519            0.
        9118.       0.95184            0.
        9120.       0.95394            0.
        9122.       0.95524            0.
        9124.       0.95714            0.
        9126.       0.95862            0.
        9128.       0.95897            0.
        9130.       0.95926            0.
        9132.        0.9593            0.
        9134.       0.95876            0.
        9136.        0.9596            0.
        9138.        0.9608            0.
        9140.       0.96144            0.
        9142.       0.96286            0.
        9144.       0.96466            0.
        9146.        0.9655            0.
        9148.       0.96504            0.
        9150.       0.96454            0.
        9152.       0.96486            0.
        9154.       0.96526            0.
        9156.       0.96589            0.
        9158.       0.96619            0.
        9160.        0.9671            0.
        9162.       0.96808            0.
        9164.        0.9688            0.
        9166.        0.9704            0.
        9168.       0.97238            0.
        9170.        0.9738            0.
        9172.       0.97476            0.
        9174.        0.9752            0.
        9176.       0.97406            0.
        9178.       0.97374            0.
        9180.        0.9734            0.
        9182.       0.97386            0.
        9184.         0.975            0.
        9186.       0.97602            0.
        9188.       0.97622            0.
        9190.       0.97694            0.
        9192.       0.97724            0.
        9194.       0.97716            0.
        9196.       0.97676            0.
        9198.       0.97694            0.
        9200.        0.9778            0.
        9202.       0.97834            0.
        9204.       0.97948            0.
        9206.        0.9802            0.
        9208.        0.9803            0.
        9210.       0.98014            0.
        9212.       0.97994            0.
        9214.        0.9799            0.
        9216.       0.98066            0.
        9218.       0.98164            0.
        9220.       0.98246            0.
        9222.        0.9833            0.
        9224.       0.98298            0.
        9226.       0.98276            0.
        9228.       0.98228            0.
        9230.       0.98244            0.
        9232.       0.98242            0.
        9234.       0.98214            0.
        9236.       0.98242            0.
        9238.       0.98354            0.
        9240.       0.98464            0.
        9242.       0.98488            0.
        9244.       0.98506            0.
        9246.        0.9852            0.
        9248.       0.98534            0.
        9250.       0.98528            0.
        9252.       0.98488            0.
        9254.       0.98424            0.
        9256.       0.98402            0.
        9258.       0.98286            0.
        9260.        0.9823            0.
        9262.       0.98208            0.
        9264.        0.9832            0.
        9266.        0.9847            0.
        9268.        0.9858            0.
        9270.        0.9861            0.
        9272.       0.98628            0.
        9274.       0.98572            0.
        9276.       0.98572            0.
        9278.       0.98572            0.
        9280.       0.98528            0.
        9282.       0.98468            0.
        9284.       0.98462            0.
        9286.       0.98408            0.
        9288.       0.98382            0.
        9290.       0.98394            0.
        9292.         0.984            0.
        9294.       0.98356            0.
        9296.        0.9822            0.
        9298.       0.98186            0.
        9300.        0.9815            0.
        9302.        0.9823            0.
        9304.       0.98214            0.
        9306.       0.98278            0.
        9308.       0.98376            0.
        9310.       0.98342            0.
        9312.       0.98242            0.
        9314.        0.9816            0.
        9316.       0.98128            0.
        9318.       0.98076            0.
        9320.       0.98048            0.
        9322.        0.9812            0.
        9324.       0.98178            0.
        9326.        0.9822            0.
        9328.       0.98262            0.
        9330.       0.98214            0.
        9332.       0.98228            0.
        9334.       0.98194            0.
        9336.        0.9816            0.
        9338.       0.98056            0.
        9340.        0.9805            0.
        9342.       0.98056            0.
        9344.       0.98114            0.
        9346.        0.9816            0.
        9348.       0.98252            0.
        9350.       0.98158            0.
        9352.       0.98168            0.
        9354.        0.9811            0.
        9356.       0.98044            0.
        9358.       0.97954            0.
        9360.       0.97944            0.
        9362.        0.9789            0.
        9364.       0.97844            0.
        9366.       0.97958            0.
        9368.       0.98048            0.
        9370.       0.98176            0.
        9372.       0.98282            0.
        9374.       0.98302            0.
        9376.       0.98296            0.
        9378.       0.98306            0.
        9380.       0.98108            0.
        9382.        0.9798            0.
        9384.        0.9797            0.
        9386.        0.9796            0.
        9388.       0.98016            0.
        9390.       0.98112            0.
        9392.       0.98168            0.
        9394.       0.98142            0.
        9396.       0.98148            0.
        9398.       0.98206            0.
        9400.       0.98216            0.
        9402.       0.98166            0.
        9404.       0.98214            0.
        9406.       0.98204            0.
        9408.       0.98128            0.
        9410.        0.9815            0.
        9412.       0.98132            0.
        9414.        0.9817            0.
        9416.       0.98146            0.
        9418.       0.98178            0.
        9420.       0.98258            0.
        9422.       0.98276            0.
        9424.       0.98286            0.
        9426.       0.98348            0.
        9428.       0.98342            0.
        9430.       0.98302            0.
        9432.        0.9823            0.
        9434.       0.98256            0.
        9436.       0.98256            0.
        9438.       0.98332            0.
        9440.       0.98372            0.
        9442.        0.9834            0.
        9444.        0.9831            0.
        9446.       0.98314            0.
        9448.        0.9824            0.
        9450.       0.98218            0.
        9452.       0.98172            0.
        9454.       0.98084            0.
        9456.       0.98102            0.
        9458.       0.98076            0.
        9460.        0.9795            0.
        9462.       0.97994            0.
        9464.       0.97908            0.
        9466.        0.9781            0.
        9468.       0.97708            0.
        9470.       0.97662            0.
        9472.       0.97582            0.
        9474.       0.97568            0.
        9476.        0.9756            0.
        9478.       0.97488            0.
        9480.       0.97432            0.
        9482.        0.9731            0.
        9484.       0.97206            0.
        9486.       0.97048            0.
        9488.       0.96906            0.
        9490.        0.9677            0.
        9492.         0.967            0.
        9494.       0.96528            0.
        9496.       0.96438            0.
        9498.       0.96256            0.
        9500.       0.96048            0.
        9502.       0.95836            0.
        9504.       0.95618            0.
        9506.        0.9538            0.
        9508.       0.95044            0.
        9510.       0.94776            0.
        9512.       0.94532            0.
        9514.        0.9427            0.
        9516.       0.94046            0.
        9518.        0.9374            0.
        9520.       0.93451            0.
        9522.       0.93111            0.
        9524.       0.92795            0.
        9526.       0.92473            0.
        9528.       0.92125            0.
        9530.       0.91757            0.
        9532.       0.91261            0.
        9534.       0.90839            0.
        9536.       0.90374            0.
        9538.       0.89952            0.
        9540.       0.89508            0.
        9542.       0.89109            0.
        9544.       0.88542            0.
        9546.        0.8795            0.
        9548.       0.87352            0.
        9550.       0.86707            0.
        9552.       0.86113            0.
        9554.       0.85575            0.
        9556.        0.8507            0.
        9558.       0.84314            0.
        9560.       0.83614            0.
        9562.       0.82992            0.
        9564.       0.82365            0.
        9566.       0.81659            0.
        9568.       0.80928            0.
        9570.       0.80206            0.
        9572.       0.79412            0.
        9574.       0.78607            0.
        9576.       0.77807            0.
        9578.       0.77059            0.
        9580.       0.76258            0.
        9582.       0.75433            0.
        9584.       0.74645            0.
        9586.       0.73782            0.
        9588.       0.72904            0.
        9590.       0.71981            0.
        9592.       0.71085            0.
        9594.        0.7015            0.
        9596.       0.69155            0.
        9598.       0.68227            0.
        9600.       0.67346            0.
        9602.       0.66489            0.
        9604.       0.65573            0.
        9606.       0.64686            0.
        9608.       0.63802            0.
        9610.       0.62781            0.
        9612.       0.61732            0.
        9614.       0.60709            0.
        9616.       0.59737            0.
        9618.       0.58762            0.
        9620.       0.57824            0.
        9622.       0.56863            0.
        9624.       0.55855            0.
        9626.       0.54906            0.
        9628.       0.53937            0.
        9630.       0.52913            0.
        9632.       0.51849            0.
        9634.       0.50857            0.
        9636.       0.49885            0.
        9638.       0.48851            0.
        9640.       0.47928            0.
        9642.       0.47054            0.
        9644.       0.46187            0.
        9646.       0.45357            0.
        9648.       0.44467            0.
        9650.       0.43601            0.
        9652.       0.42652            0.
        9654.       0.41748            0.
        9656.       0.40927            0.
        9658.       0.40111            0.
        9660.        0.3929            0.
        9662.       0.38446            0.
        9664.       0.37665            0.
        9666.       0.36903            0.
        9668.       0.36112            0.
        9670.       0.35356            0.
        9672.       0.34579            0.
        9674.       0.33815            0.
        9676.       0.33048            0.
        9678.       0.32346            0.
        9680.       0.31625            0.
        9682.        0.3094            0.
        9684.       0.30262            0.
        9686.        0.2963            0.
        9688.       0.28919            0.
        9690.       0.28236            0.
        9692.       0.27602            0.
        9694.        0.2701            0.
        9696.       0.26402            0.
        9698.       0.25862            0.
        9700.       0.25293            0.
        9702.       0.24693            0.
        9704.       0.24092            0.
        9706.       0.23568            0.
        9708.       0.23032            0.
        9710.       0.22499            0.
        9712.       0.22039            0.
        9714.       0.21559            0.
        9716.       0.21079            0.
        9718.        0.2064            0.
        9720.       0.20148            0.
        9722.       0.19708            0.
        9724.       0.19286            0.
        9726.       0.18861            0.
        9728.        0.1841            0.
        9730.       0.17951            0.
        9732.       0.17536            0.
        9734.        0.1715            0.
        9736.       0.16762            0.
        9738.       0.16345            0.
        9740.       0.16031            0.
        9742.       0.15685            0.
        9744.       0.15306            0.
        9746.       0.14934            0.
        9748.       0.14575            0.
        9750.       0.14254            0.
        9752.       0.13927            0.
        9754.       0.13625            0.
        9756.       0.13341            0.
        9758.       0.13053            0.
        9760.       0.12787            0.
        9762.       0.12483            0.
        9764.       0.12178            0.
        9766.         0.119            0.
        9768.       0.11644            0.
        9770.       0.11387            0.
        9772.       0.11153            0.
        9774.       0.10925            0.
        9776.       0.10685            0.
        9778.       0.10425            0.
        9780.       0.10192            0.
        9782.       0.09971            0.
        9784.        0.0973            0.
        9786.       0.09522            0.
        9788.       0.09308            0.
        9790.       0.09079            0.
        9792.       0.08868            0.
        9794.       0.08721            0.
        9796.       0.08499            0.
        9798.       0.08313            0.
        9800.       0.08128            0.
        9802.       0.07954            0.
        9804.       0.07809            0.
        9806.        0.0763            0.
        9808.       0.07432            0.
        9810.       0.07292            0.
        9812.       0.07114            0.
        9814.       0.06943            0.
        9816.        0.0679            0.
        9818.       0.06677            0.
        9820.       0.06536            0.
        9822.       0.06399            0.
        9824.       0.06261            0.
        9826.       0.06147            0.
        9828.       0.06017            0.
        9830.       0.05855            0.
        9832.       0.05722            0.
        9834.       0.05637            0.
        9836.       0.05505            0.
        9838.       0.05389            0.
        9840.       0.05286            0.
        9842.       0.05192            0.
        9844.       0.05096            0.
        9846.       0.04935            0.
        9848.       0.04846            0.
        9850.       0.04771            0.
        9852.       0.04685            0.
        9854.       0.04595            0.
        9856.       0.04487            0.
        9858.       0.04384            0.
        9860.       0.04278            0.
        9862.       0.04211            0.
        9864.       0.04118            0.
        9866.       0.04028            0.
        9868.       0.03986            0.
        9870.       0.03888            0.
        9872.        0.0381            0.
        9874.       0.03733            0.
        9876.       0.03678            0.
        9878.       0.03584            0.
        9880.       0.03537            0.
        9882.       0.03464            0.
        9884.       0.03392            0.
        9886.       0.03328            0.
        9888.       0.03268            0.
        9890.       0.03193            0.
        9892.       0.03151            0.
        9894.       0.03102            0.
        9896.        0.0304            0.
        9898.       0.02982            0.
        9930.       0.02412            0.
        9940.        0.0222            0.
        9950.       0.02024            0.
        9960.       0.01867            0.
        9970.       0.01714            0.
        9980.       0.01587            0.
        9990.       0.01456            0.
       10000.       0.01355            0.
       10010.        0.0125            0.
       10020.       0.01165            0.
       10030.       0.01075            0.
       10040.       0.01006            0.
       10050.       0.00934            0.
       10060.       0.00875            0.
       10070.       0.00811            0.
       10080.       0.00761            0.
       10090.        0.0071            0.
       10100.       0.00669            0.
       10110.       0.00626            0.
       10120.       0.00589            0.
       10130.       0.00553            0.
       10140.       0.00522            0.
       10150.       0.00489            0.
       10160.       0.00464            0.
       10170.       0.00439            0.
       10180.       0.00416            0.
       10190.       0.00392            0.
       10200.       0.00373            0.
       10210.       0.00352            0.
       10220.       0.00336            0.
       10230.       0.00317            0.
       10240.       0.00304            0.
       10250.       0.00288            0.
       10260.       0.00277            0.
       10270.       0.00262            0.
       10280.        0.0025            0.
       10290.        0.0024            0.
       10300.       0.00231            0.
       10310.       0.00219            0.
       10320.       0.00211            0.
       10330.       0.00203            0.
       10340.       0.00195            0.
       10350.       0.00186            0.
       10360.        0.0018            0.
       10370.       0.00172            0.
       10380.       0.00168            0.
       10390.        0.0016            0.
       10400.       0.00156            0.
       10410.        0.0015            0.
       10420.       0.00146            0.
       10430.       0.00141            0.
       10440.       0.00136            0.
       10450.       0.00133            0.
       10460.       0.00129            0.
       10470.       0.00125            0.
       10480.       0.00122            0.
       10490.       0.00119            0.
       10500.       0.00115            0.
       10510.       0.00112            0.
       10520.        0.0011            0.
       10530.       0.00106            0.
       10540.       0.00106            0.
       10550.       0.00103            0.
       10560.       0.00101            0.
       10570.   9.700000E-4            0.
       10580.   9.600000E-4            0.
       10590.   9.400000E-4            0.
       10600.   9.200000E-4            0.
       10610.   9.000000E-4            0.
       10620.   8.900000E-4            0.
       10630.   8.700000E-4            0.
       10640.   8.600000E-4            0.
       10650.   8.500000E-4            0.
       10660.   8.300000E-4            0.
       10670.   8.300000E-4            0.
       10680.   8.100000E-4            0.
       10690.   8.000000E-4            0.
       10700.   7.900000E-4            0.
       10710.   7.900000E-4            0.
       10720.   7.700000E-4            0.
       10730.   7.600000E-4            0.
       10740.   7.600000E-4            0.
       10750.   7.500000E-4            0.
       10760.   7.500000E-4            0.
       10770.   7.500000E-4            0.
       10780.   7.500000E-4            0.
       10790.   7.300000E-4            0.
       10800.   7.400000E-4            0.
       10810.   7.400000E-4            0.
       10820.   7.300000E-4            0.
       10830.   7.400000E-4            0.
       10840.   7.300000E-4            0.
       10850.   7.300000E-4            0.
       10860.   7.300000E-4            0.
       10870.   7.300000E-4            0.
       10880.   7.300000E-4            0.
       10890.   7.200000E-4            0.
       10900.   7.200000E-4            0.
       10910.   7.200000E-4            0.
       10920.   7.200000E-4            0.
       10930.   7.200000E-4            0.
       10940.   7.200000E-4            0.
       10950.   7.200000E-4            0.
       10960.   7.200000E-4            0.
       10970.   7.200000E-4            0.
       10980.   7.200000E-4            0.
       10990.   7.200000E-4            0.
       11000.   7.200000E-4            0.
       13000.            0.            0.
