         100.            0.            0.
        1860.   2.000000E-5            0.
        1870.   1.000000E-5            0.
        1880.   1.000000E-5            0.
        1890.   1.000000E-5            0.
        1900.   1.000000E-5            0.
        1910.   1.000000E-5            0.
        1920.            0.            0.
        1930.            0.            0.
        1940.   1.000000E-5            0.
        1950.   1.000000E-5            0.
        1960.   1.000000E-5            0.
        1970.            0.            0.
        1980.            0.            0.
        1990.   1.000000E-5            0.
        2000.   1.000000E-5            0.
        2010.            0.            0.
        2020.            0.            0.
        2030.            0.            0.
        2040.   1.000000E-5            0.
        2050.            0.            0.
        2060.            0.            0.
        2070.            0.            0.
        2080.            0.            0.
        2090.            0.            0.
        2100.            0.            0.
        2110.            0.            0.
        2120.            0.            0.
        2130.            0.            0.
        2140.            0.            0.
        2150.            0.            0.
        2160.            0.            0.
        2170.            0.            0.
        2180.            0.            0.
        2190.            0.            0.
        2200.            0.            0.
        2210.            0.            0.
        2220.            0.            0.
        2230.            0.            0.
        2240.            0.            0.
        2250.            0.            0.
        2260.            0.            0.
        2270.            0.            0.
        2280.            0.            0.
        2290.            0.            0.
        2300.            0.            0.
        2310.            0.            0.
        2320.            0.            0.
        2330.            0.            0.
        2340.            0.            0.
        2350.            0.            0.
        2360.            0.            0.
        2370.            0.            0.
        2380.            0.            0.
        2390.            0.            0.
        2400.            0.            0.
        2410.            0.            0.
        2420.            0.            0.
        2430.            0.            0.
        2440.            0.            0.
        2450.            0.            0.
        2460.            0.            0.
        2470.            0.            0.
        2480.            0.            0.
        2490.            0.            0.
        2500.            0.            0.
        2510.            0.            0.
        2520.            0.            0.
        2530.            0.            0.
        2540.            0.            0.
        2550.            0.            0.
        2560.            0.            0.
        2570.            0.            0.
        2580.            0.            0.
        2590.            0.            0.
        2600.            0.            0.
        2610.            0.            0.
        2620.            0.            0.
        2630.            0.            0.
        2640.            0.            0.
        2650.            0.            0.
        2660.            0.            0.
        2670.            0.            0.
        2680.            0.            0.
        2690.            0.            0.
        2700.            0.            0.
        2710.            0.            0.
        2720.            0.            0.
        2730.            0.            0.
        2740.            0.            0.
        2750.            0.            0.
        2760.            0.            0.
        2770.            0.            0.
        2780.            0.            0.
        2790.            0.            0.
        2800.            0.            0.
        2810.            0.            0.
        2820.            0.            0.
        2830.            0.            0.
        2840.            0.            0.
        2850.            0.            0.
        2860.            0.            0.
        2870.            0.            0.
        2880.            0.            0.
        2890.            0.            0.
        2900.            0.            0.
        2910.            0.            0.
        2920.            0.            0.
        2930.            0.            0.
        2940.            0.            0.
        2950.            0.            0.
        2960.            0.            0.
        2970.            0.            0.
        2980.            0.            0.
        2990.            0.            0.
        3000.            0.            0.
        3010.            0.            0.
        3020.            0.            0.
        3030.            0.            0.
        3040.            0.            0.
        3050.            0.            0.
        3060.            0.            0.
        3070.            0.            0.
        3080.            0.            0.
        3090.            0.            0.
        3100.            0.            0.
        3110.            0.            0.
        3120.            0.            0.
        3130.            0.            0.
        3140.            0.            0.
        3150.            0.            0.
        3160.            0.            0.
        3170.            0.            0.
        3180.            0.            0.
        3190.            0.            0.
        3200.            0.            0.
        3210.            0.            0.
        3220.            0.            0.
        3230.            0.            0.
        3240.            0.            0.
        3250.            0.            0.
        3260.            0.            0.
        3270.            0.            0.
        3280.            0.            0.
        3290.            0.            0.
        3300.            0.            0.
        3310.            0.            0.
        3320.            0.            0.
        3330.            0.            0.
        3340.            0.            0.
        3350.            0.            0.
        3360.            0.            0.
        3370.            0.            0.
        3380.            0.            0.
        3390.            0.            0.
        3400.            0.            0.
        3410.            0.            0.
        3420.            0.            0.
        3430.            0.            0.
        3440.            0.            0.
        3450.            0.            0.
        3460.            0.            0.
        3470.            0.            0.
        3480.            0.            0.
        3490.            0.            0.
        3500.            0.            0.
        3510.            0.            0.
        3520.            0.            0.
        3530.            0.            0.
        3540.            0.            0.
        3550.            0.            0.
        3560.            0.            0.
        3570.            0.            0.
        3580.            0.            0.
        3590.            0.            0.
        3600.   1.000000E-5            0.
        3610.   1.000000E-5            0.
        3620.   1.000000E-5            0.
        3630.   1.000000E-5            0.
        3640.   1.000000E-5            0.
        3650.   1.000000E-5            0.
        3660.   1.000000E-5            0.
        3670.   1.000000E-5            0.
        3680.   1.000000E-5            0.
        3690.   1.000000E-5            0.
        3700.   2.000000E-5            0.
        3710.   2.000000E-5            0.
        3720.   2.000000E-5            0.
        3730.   3.000000E-5            0.
        3740.   4.000000E-5            0.
        3750.   5.000000E-5            0.
        3760.   6.000000E-5            0.
        3770.   8.000000E-5            0.
        3780.   1.000000E-4            0.
        3790.   1.300000E-4            0.
        3800.   1.800000E-4            0.
        3810.   2.500000E-4            0.
        3820.   3.400000E-4            0.
        3830.   4.900000E-4            0.
        3840.   7.100000E-4            0.
        3850.       0.00103            0.
        3860.       0.00155            0.
        3870.       0.00238            0.
        3880.       0.00374            0.
        3890.       0.00601            0.
        3900.       0.00994            0.
        3910.       0.01685            0.
        3920.       0.02603            0.
        3948.       0.02723            0.
        3950.       0.03049            0.
        3952.        0.0343            0.
        3954.       0.03854            0.
        3956.       0.04326            0.
        3958.       0.04846            0.
        3960.       0.05435            0.
        3962.       0.06118            0.
        3964.        0.0687            0.
        3966.       0.07739            0.
        3968.       0.08648            0.
        3970.       0.09732            0.
        3972.       0.10917            0.
        3974.       0.12273            0.
        3976.       0.13756            0.
        3978.       0.15378            0.
        3980.       0.17186            0.
        3982.       0.19181            0.
        3984.       0.21285            0.
        3986.       0.23649            0.
        3988.        0.2609            0.
        3990.       0.28696            0.
        3992.       0.31424            0.
        3994.       0.34175            0.
        3996.       0.37059            0.
        3998.       0.39763            0.
        4000.       0.42608            0.
        4002.       0.45278            0.
        4004.       0.47731            0.
        4006.       0.50074            0.
        4008.         0.524            0.
        4010.       0.54351            0.
        4012.       0.56168            0.
        4014.       0.57722            0.
        4016.       0.59149            0.
        4018.       0.60347            0.
        4020.       0.61425            0.
        4022.       0.62186            0.
        4024.       0.63036            0.
        4026.       0.63638            0.
        4028.       0.64254            0.
        4030.        0.6472            0.
        4032.        0.6524            0.
        4034.       0.65558            0.
        4036.       0.65978            0.
        4038.       0.66184            0.
        4040.        0.6651            0.
        4042.        0.6676            0.
        4044.       0.67086            0.
        4046.       0.67394            0.
        4048.        0.6762            0.
        4050.       0.67938            0.
        4052.       0.68218            0.
        4054.       0.68624            0.
        4056.       0.68812            0.
        4058.       0.69152            0.
        4060.       0.69448            0.
        4062.       0.69678            0.
        4064.       0.69954            0.
        4066.       0.70308            0.
        4068.       0.70602            0.
        4070.       0.70794            0.
        4072.       0.71216            0.
        4074.        0.7138            0.
        4076.        0.7149            0.
        4078.       0.71828            0.
        4080.       0.71968            0.
        4082.       0.72212            0.
        4084.       0.72284            0.
        4086.       0.72374            0.
        4088.       0.72522            0.
        4090.       0.72628            0.
        4092.       0.72626            0.
        4094.        0.7265            0.
        4096.       0.72616            0.
        4098.       0.72756            0.
        4100.       0.72598            0.
        4102.        0.7259            0.
        4104.        0.7258            0.
        4106.       0.72578            0.
        4108.       0.72518            0.
        4110.       0.72428            0.
        4112.       0.72358            0.
        4114.       0.72284            0.
        4116.       0.72204            0.
        4118.        0.7212            0.
        4120.       0.72178            0.
        4122.       0.72052            0.
        4124.        0.7194            0.
        4126.       0.71922            0.
        4128.       0.71726            0.
        4130.        0.7165            0.
        4132.        0.7154            0.
        4134.        0.7137            0.
        4136.       0.71048            0.
        4138.         0.708            0.
        4140.        0.7045            0.
        4142.       0.69946            0.
        4144.       0.69352            0.
        4146.        0.6872            0.
        4148.       0.67901            0.
        4150.       0.66961            0.
        4152.       0.65769            0.
        4154.       0.64346            0.
        4156.       0.62796            0.
        4158.       0.60981            0.
        4160.       0.59108            0.
        4162.       0.57026            0.
        4164.       0.54721            0.
        4166.       0.52196            0.
        4168.       0.49681            0.
        4170.       0.47089            0.
        4172.         0.443            0.
        4174.       0.41653            0.
        4176.       0.38906            0.
        4178.       0.36241            0.
        4180.       0.33624            0.
        4182.       0.31034            0.
        4184.       0.28667            0.
        4186.       0.26325            0.
        4188.        0.2417            0.
        4190.       0.22208            0.
        4192.       0.20405            0.
        4194.       0.18668            0.
        4196.       0.17054            0.
        4198.        0.1557            0.
        4200.       0.14252            0.
        4202.        0.1301            0.
        4204.       0.11913            0.
        4206.       0.10847            0.
        4208.       0.09899            0.
        4210.       0.09064            0.
        4212.       0.08262            0.
        4214.       0.07561            0.
        4216.       0.06913            0.
        4218.       0.06321            0.
        4220.       0.05806            0.
        4222.       0.05336            0.
        4224.       0.04906            0.
        4226.       0.04508            0.
        4228.       0.04144            0.
        4230.       0.03824            0.
        4232.       0.03517            0.
        4234.       0.03231            0.
        4236.       0.02993            0.
        4238.       0.02781            0.
        4240.       0.02571            0.
        4242.       0.02385            0.
        4244.       0.02217            0.
        4246.       0.02063            0.
        4248.       0.01915            0.
        4250.       0.01579            0.
        4260.        0.0114            0.
        4270.       0.00841            0.
        4280.       0.00633            0.
        4290.       0.00485            0.
        4300.       0.00377            0.
        4310.       0.00298            0.
        4320.       0.00239            0.
        4330.       0.00194            0.
        4340.        0.0016            0.
        4350.       0.00133            0.
        4360.       0.00112            0.
        4370.   9.500000E-4            0.
        4380.   8.100000E-4            0.
        4390.   7.000000E-4            0.
        4400.   6.100000E-4            0.
        4410.   5.400000E-4            0.
        4420.   4.700000E-4            0.
        4430.   4.200000E-4            0.
        4440.   3.800000E-4            0.
        4450.   3.400000E-4            0.
        4460.   3.000000E-4            0.
        4470.   2.800000E-4            0.
        4480.   2.500000E-4            0.
        4490.   2.300000E-4            0.
        4500.   2.100000E-4            0.
        4510.   2.000000E-4            0.
        4520.   1.800000E-4            0.
        4530.   1.700000E-4            0.
        4540.   1.600000E-4            0.
        4550.   1.500000E-4            0.
        4560.   1.500000E-4            0.
        4570.   1.400000E-4            0.
        4580.   1.300000E-4            0.
        4590.   1.300000E-4            0.
        4600.   1.200000E-4            0.
        4610.   1.200000E-4            0.
        4620.   1.100000E-4            0.
        4630.   1.100000E-4            0.
        4640.   1.000000E-4            0.
        4650.   1.000000E-4            0.
        4660.   1.000000E-4            0.
        4670.   9.000000E-5            0.
        4680.   9.000000E-5            0.
        4690.   8.000000E-5            0.
        4700.   8.000000E-5            0.
        4710.   8.000000E-5            0.
        4720.   8.000000E-5            0.
        4730.   8.000000E-5            0.
        4740.   7.000000E-5            0.
        4750.   7.000000E-5            0.
        4760.   7.000000E-5            0.
        4770.   7.000000E-5            0.
        4780.   7.000000E-5            0.
        4790.   6.000000E-5            0.
        4800.   6.000000E-5            0.
        4810.   6.000000E-5            0.
        4820.   6.000000E-5            0.
        4830.   6.000000E-5            0.
        4840.   6.000000E-5            0.
        4850.   6.000000E-5            0.
        4860.   6.000000E-5            0.
        4870.   5.000000E-5            0.
        4880.   5.000000E-5            0.
        4890.   5.000000E-5            0.
        4900.   5.000000E-5            0.
        4910.   5.000000E-5            0.
        4920.   5.000000E-5            0.
        4930.   5.000000E-5            0.
        4940.   6.000000E-5            0.
        4950.   6.000000E-5            0.
        4960.   6.000000E-5            0.
        4970.   6.000000E-5            0.
        4980.   6.000000E-5            0.
        4990.   6.000000E-5            0.
        5000.   6.000000E-5            0.
        5010.   6.000000E-5            0.
        5020.   7.000000E-5            0.
        5030.   7.000000E-5            0.
        5040.   7.000000E-5            0.
        5050.   7.000000E-5            0.
        5060.   7.000000E-5            0.
        5070.   7.000000E-5            0.
        5080.   8.000000E-5            0.
        5090.   8.000000E-5            0.
        5100.   8.000000E-5            0.
        5110.   9.000000E-5            0.
        5120.   1.000000E-4            0.
        5130.   1.000000E-4            0.
        5140.   1.200000E-4            0.
        5150.   1.300000E-4            0.
        5160.   1.500000E-4            0.
        5170.   1.700000E-4            0.
        5180.   2.000000E-4            0.
        5190.   2.400000E-4            0.
        5200.   3.100000E-4            0.
        5210.   4.000000E-4            0.
        5220.   5.200000E-4            0.
        5230.   6.500000E-4            0.
        5240.   7.400000E-4            0.
        5250.   7.700000E-4            0.
        5260.   6.900000E-4            0.
        5270.   5.500000E-4            0.
        5280.   3.900000E-4            0.
        5290.   2.500000E-4            0.
        5300.   1.700000E-4            0.
        5310.   1.100000E-4            0.
        5320.   8.000000E-5            0.
        5330.   6.000000E-5            0.
        5340.   5.000000E-5            0.
        5350.   4.000000E-5            0.
        5360.   4.000000E-5            0.
        5370.   3.000000E-5            0.
        5380.   3.000000E-5            0.
        5390.   3.000000E-5            0.
        5400.   3.000000E-5            0.
        5410.   3.000000E-5            0.
        5420.   3.000000E-5            0.
        5430.   3.000000E-5            0.
        5440.   3.000000E-5            0.
        5450.   3.000000E-5            0.
        5460.   4.000000E-5            0.
        5470.   4.000000E-5            0.
        5480.   5.000000E-5            0.
        5490.   6.000000E-5            0.
        5500.   7.000000E-5            0.
        5510.   8.000000E-5            0.
        5520.   1.000000E-4            0.
        5530.   1.200000E-4            0.
        5540.   1.400000E-4            0.
        5550.   1.700000E-4            0.
        5560.   1.900000E-4            0.
        5570.   2.200000E-4            0.
        5580.   2.500000E-4            0.
        5590.   2.800000E-4            0.
        5600.   3.200000E-4            0.
        5610.   3.500000E-4            0.
        5620.   3.900000E-4            0.
        5630.   4.300000E-4            0.
        5640.   4.600000E-4            0.
        5650.   4.900000E-4            0.
        5660.   5.100000E-4            0.
        5670.   5.300000E-4            0.
        5680.   5.400000E-4            0.
        5690.   5.400000E-4            0.
        5700.   5.000000E-4            0.
        5710.   4.800000E-4            0.
        5720.   4.400000E-4            0.
        5730.   3.800000E-4            0.
        5740.   3.200000E-4            0.
        5750.   2.600000E-4            0.
        5760.   2.000000E-4            0.
        5770.   1.500000E-4            0.
        5780.   1.100000E-4            0.
        5790.   8.000000E-5            0.
        5800.   6.000000E-5            0.
        5810.   4.000000E-5            0.
        5820.   3.000000E-5            0.
        5830.   2.000000E-5            0.
        5840.   1.000000E-5            0.
        5850.   1.000000E-5            0.
        5860.   1.000000E-5            0.
        5870.   1.000000E-5            0.
        5880.            0.            0.
        5890.            0.            0.
        5900.            0.            0.
        5910.            0.            0.
        5920.            0.            0.
        5930.            0.            0.
        5940.            0.            0.
        5950.            0.            0.
        5960.            0.            0.
        5970.            0.            0.
        5980.            0.            0.
        5990.            0.            0.
        6000.            0.            0.
        6010.            0.            0.
        6020.            0.            0.
        6030.            0.            0.
        6040.            0.            0.
        6050.            0.            0.
        6060.            0.            0.
        6070.   1.000000E-5            0.
        6080.   1.000000E-5            0.
        6090.   1.000000E-5            0.
        6100.   1.000000E-5            0.
        6110.   1.000000E-5            0.
        6120.   1.000000E-5            0.
        6130.   1.000000E-5            0.
        6140.   1.000000E-5            0.
        6150.   1.000000E-5            0.
        6160.   1.000000E-5            0.
        6170.   1.000000E-5            0.
        6180.            0.            0.
        6190.            0.            0.
        6200.            0.            0.
        6210.            0.            0.
        6220.            0.            0.
        6230.            0.            0.
        6240.            0.            0.
        6250.            0.            0.
        6260.            0.            0.
        6270.            0.            0.
        6280.            0.            0.
        6290.            0.            0.
        6300.            0.            0.
        6310.            0.            0.
        6320.            0.            0.
        6330.            0.            0.
        6340.            0.            0.
        6350.            0.            0.
        6360.            0.            0.
        6370.            0.            0.
        6380.            0.            0.
        6390.            0.            0.
        6400.            0.            0.
        6410.            0.            0.
        6420.            0.            0.
        6430.            0.            0.
        6440.            0.            0.
        6450.            0.            0.
        6460.            0.            0.
        6470.            0.            0.
        6480.            0.            0.
        6490.            0.            0.
        6500.            0.            0.
        6510.            0.            0.
        6520.            0.            0.
        6530.            0.            0.
        6540.            0.            0.
        6550.            0.            0.
        6560.            0.            0.
        6570.            0.            0.
        6580.            0.            0.
        6590.            0.            0.
        6600.            0.            0.
        6610.            0.            0.
        6620.            0.            0.
        6630.            0.            0.
        6640.            0.            0.
        6650.            0.            0.
        6660.            0.            0.
        6670.            0.            0.
        6680.            0.            0.
        6690.            0.            0.
        6700.            0.            0.
        6710.            0.            0.
        6720.            0.            0.
        6730.   1.000000E-5            0.
        6740.   1.000000E-5            0.
        6750.   1.000000E-5            0.
        6760.   1.000000E-5            0.
        6770.   1.000000E-5            0.
        6780.   2.000000E-5            0.
        6790.   2.000000E-5            0.
        6800.   2.000000E-5            0.
        6810.   3.000000E-5            0.
        6820.   3.000000E-5            0.
        6830.   4.000000E-5            0.
        6840.   4.000000E-5            0.
        6850.   5.000000E-5            0.
        6860.   5.000000E-5            0.
        6870.   6.000000E-5            0.
        6880.   7.000000E-5            0.
        6890.   8.000000E-5            0.
        6900.   8.000000E-5            0.
        6910.   9.000000E-5            0.
        6920.   9.000000E-5            0.
        6930.   1.000000E-4            0.
        6940.   1.000000E-4            0.
        6950.   1.100000E-4            0.
        6960.   1.100000E-4            0.
        6970.   1.100000E-4            0.
        6980.   1.100000E-4            0.
        6990.   1.100000E-4            0.
        7000.   1.000000E-4            0.
        7010.   1.000000E-4            0.
        7020.   9.000000E-5            0.
        7030.   9.000000E-5            0.
        7040.   8.000000E-5            0.
        7050.   8.000000E-5            0.
        7060.   7.000000E-5            0.
        7070.   6.000000E-5            0.
        7080.   6.000000E-5            0.
        7090.   5.000000E-5            0.
        7100.   5.000000E-5            0.
        7110.   4.000000E-5            0.
        7120.   4.000000E-5            0.
        7130.   3.000000E-5            0.
        7140.   3.000000E-5            0.
        7150.   2.000000E-5            0.
        7160.   2.000000E-5            0.
        7170.   2.000000E-5            0.
        7180.   2.000000E-5            0.
        7190.   1.000000E-5            0.
        7200.   1.000000E-5            0.
        7210.   1.000000E-5            0.
        7220.   1.000000E-5            0.
        7230.   1.000000E-5            0.
        7240.   1.000000E-5            0.
        7250.   1.000000E-5            0.
        7260.   1.000000E-5            0.
        7270.   1.000000E-5            0.
        7280.            0.            0.
        7290.            0.            0.
        7300.            0.            0.
        7310.            0.            0.
        7320.            0.            0.
        7330.            0.            0.
        7340.            0.            0.
        7350.            0.            0.
        7360.            0.            0.
        7370.            0.            0.
        7380.            0.            0.
        7390.            0.            0.
        7400.            0.            0.
        7410.            0.            0.
        7420.            0.            0.
        7430.            0.            0.
        7440.            0.            0.
        7450.            0.            0.
        7460.            0.            0.
        7470.            0.            0.
        7480.            0.            0.
        7490.            0.            0.
        7500.            0.            0.
        7510.            0.            0.
        7520.            0.            0.
        7530.            0.            0.
        7540.            0.            0.
        7550.            0.            0.
        7560.            0.            0.
        7570.            0.            0.
        7580.            0.            0.
        7590.            0.            0.
        7600.            0.            0.
        7610.            0.            0.
        7620.            0.            0.
        7630.            0.            0.
        7640.            0.            0.
        7650.            0.            0.
        7660.            0.            0.
        7670.            0.            0.
        7680.            0.            0.
        7690.            0.            0.
        7700.            0.            0.
        7710.            0.            0.
        7720.            0.            0.
        7730.            0.            0.
        7740.            0.            0.
        7750.            0.            0.
        7760.            0.            0.
        7770.            0.            0.
        7780.            0.            0.
        7790.            0.            0.
        7800.            0.            0.
        7810.            0.            0.
        7820.            0.            0.
        7830.            0.            0.
        7840.            0.            0.
        7850.            0.            0.
        7860.            0.            0.
        7870.            0.            0.
        7880.            0.            0.
        7890.            0.            0.
        7900.            0.            0.
        7910.            0.            0.
        7920.            0.            0.
        7930.            0.            0.
        7940.            0.            0.
        7950.            0.            0.
        7960.            0.            0.
        7970.            0.            0.
        7980.            0.            0.
        7990.            0.            0.
        8000.            0.            0.
        8010.   1.000000E-5            0.
        8020.   1.000000E-5            0.
        8030.   1.000000E-5            0.
        8040.   1.000000E-5            0.
        8050.   1.000000E-5            0.
        8060.   1.000000E-5            0.
        8070.   1.000000E-5            0.
        8080.   1.000000E-5            0.
        8090.   1.000000E-5            0.
        8100.   1.000000E-5            0.
        8110.   1.000000E-5            0.
        8120.   1.000000E-5            0.
        8130.   1.000000E-5            0.
        8140.   1.000000E-5            0.
        8150.            0.            0.
        8160.            0.            0.
        8170.   1.000000E-5            0.
        8180.   1.000000E-5            0.
        8190.   1.000000E-5            0.
        8200.   1.000000E-5            0.
        8210.   1.000000E-5            0.
        8220.   1.000000E-5            0.
        8230.   2.000000E-5            0.
        8240.   1.000000E-5            0.
        8250.            0.            0.
        8260.            0.            0.
        8270.            0.            0.
        8280.            0.            0.
        8290.            0.            0.
        8300.            0.            0.
        8310.            0.            0.
        8320.            0.            0.
        8330.            0.            0.
        8340.            0.            0.
        8350.            0.            0.
        8360.            0.            0.
        8370.            0.            0.
        8380.            0.            0.
        8390.            0.            0.
        8400.            0.            0.
        8410.            0.            0.
        8420.            0.            0.
        8430.            0.            0.
        8440.            0.            0.
        8450.            0.            0.
        8460.            0.            0.
        8470.            0.            0.
        8480.            0.            0.
        8490.            0.            0.
        8500.            0.            0.
        8510.            0.            0.
        8520.            0.            0.
        8530.            0.            0.
        8540.            0.            0.
        8550.            0.            0.
        8560.   1.000000E-5            0.
        8570.   1.000000E-5            0.
        8580.            0.            0.
        8590.            0.            0.
        8600.            0.            0.
        8610.            0.            0.
        8620.            0.            0.
        8630.            0.            0.
        8640.            0.            0.
        8650.            0.            0.
        8660.            0.            0.
        8670.            0.            0.
        8680.            0.            0.
        8690.            0.            0.
        8700.            0.            0.
        8710.   1.000000E-5            0.
        8720.   1.000000E-5            0.
        8730.            0.            0.
        8740.            0.            0.
        8750.   1.000000E-5            0.
        8760.   1.000000E-5            0.
        8770.            0.            0.
        8780.            0.            0.
        8790.            0.            0.
        8800.            0.            0.
        8810.            0.            0.
        8820.            0.            0.
        8830.            0.            0.
        8840.   1.000000E-5            0.
        8850.            0.            0.
        8860.            0.            0.
        8870.            0.            0.
        8880.            0.            0.
        8890.            0.            0.
        8900.   1.000000E-5            0.
        8910.   1.000000E-5            0.
        8920.   1.000000E-5            0.
        8930.   1.000000E-5            0.
        8940.            0.            0.
        8950.            0.            0.
        8960.            0.            0.
        8970.            0.            0.
        8980.            0.            0.
        8990.            0.            0.
        9000.   1.000000E-5            0.
        9010.   1.000000E-5            0.
        9020.            0.            0.
        9030.            0.            0.
        9040.            0.            0.
        9050.            0.            0.
        9060.            0.            0.
        9070.            0.            0.
        9080.            0.            0.
        9090.            0.            0.
        9100.   1.000000E-5            0.
        9110.            0.            0.
        9120.            0.            0.
        9130.            0.            0.
        9140.            0.            0.
        9150.            0.            0.
        9160.            0.            0.
        9170.            0.            0.
        9180.            0.            0.
        9190.            0.            0.
        9200.            0.            0.
        9210.            0.            0.
        9220.            0.            0.
        9230.            0.            0.
        9240.            0.            0.
        9250.            0.            0.
        9260.            0.            0.
        9270.            0.            0.
        9280.            0.            0.
        9290.            0.            0.
        9300.            0.            0.
        9310.            0.            0.
        9320.   1.000000E-5            0.
        9330.   1.000000E-5            0.
        9340.   1.000000E-5            0.
        9350.            0.            0.
        9360.            0.            0.
        9370.            0.            0.
        9380.            0.            0.
        9390.            0.            0.
        9400.            0.            0.
        9410.            0.            0.
        9420.            0.            0.
        9430.            0.            0.
        9440.            0.            0.
        9450.            0.            0.
        9460.            0.            0.
        9470.            0.            0.
        9480.            0.            0.
        9490.            0.            0.
        9500.            0.            0.
        9510.            0.            0.
        9520.            0.            0.
        9530.            0.            0.
        9540.            0.            0.
        9550.            0.            0.
        9560.            0.            0.
        9570.            0.            0.
        9580.            0.            0.
        9590.            0.            0.
        9600.            0.            0.
        9610.            0.            0.
        9620.            0.            0.
        9630.   1.000000E-5            0.
        9640.            0.            0.
        9650.            0.            0.
        9660.            0.            0.
        9670.            0.            0.
        9680.            0.            0.
        9690.            0.            0.
        9700.            0.            0.
        9710.            0.            0.
        9720.            0.            0.
        9730.            0.            0.
        9740.            0.            0.
        9750.            0.            0.
        9760.            0.            0.
        9770.            0.            0.
        9780.            0.            0.
        9790.            0.            0.
        9800.            0.            0.
        9810.            0.            0.
        9820.            0.            0.
        9830.            0.            0.
        9840.            0.            0.
        9850.            0.            0.
        9860.            0.            0.
        9870.            0.            0.
        9880.            0.            0.
        9890.            0.            0.
        9900.            0.            0.
        9910.            0.            0.
        9920.            0.            0.
        9930.            0.            0.
        9940.            0.            0.
        9950.            0.            0.
        9960.            0.            0.
        9970.   1.000000E-5            0.
        9980.            0.            0.
        9990.            0.            0.
       10000.            0.            0.
       10010.   1.000000E-5            0.
       10020.            0.            0.
       10030.            0.            0.
       10040.            0.            0.
       10050.            0.            0.
       10060.   1.000000E-5            0.
       10070.   1.000000E-5            0.
       10080.            0.            0.
       10090.            0.            0.
       10100.            0.            0.
       10110.            0.            0.
       10120.            0.            0.
       10130.            0.            0.
       10140.            0.            0.
       10150.            0.            0.
       10160.            0.            0.
       10170.            0.            0.
       10180.            0.            0.
       10190.            0.            0.
       10200.            0.            0.
       10210.            0.            0.
       10220.            0.            0.
       10230.            0.            0.
       10240.            0.            0.
       10250.   1.000000E-5            0.
       10260.   1.000000E-5            0.
       10270.   1.000000E-5            0.
       10280.            0.            0.
       10290.            0.            0.
       10300.            0.            0.
       10310.   1.000000E-5            0.
       10320.   1.000000E-5            0.
       10330.            0.            0.
       10340.            0.            0.
       10350.            0.            0.
       10360.            0.            0.
       10370.            0.            0.
       10380.            0.            0.
       10390.            0.            0.
       10400.   1.000000E-5            0.
       10410.            0.            0.
       10420.            0.            0.
       10430.            0.            0.
       10440.            0.            0.
       10450.            0.            0.
       10460.            0.            0.
       10470.            0.            0.
       10480.            0.            0.
       10490.            0.            0.
       10500.            0.            0.
       10510.            0.            0.
       10520.            0.            0.
       10530.            0.            0.
       10540.            0.            0.
       10550.   1.000000E-5            0.
       10560.   1.000000E-5            0.
       10570.   1.000000E-5            0.
       10580.   1.000000E-5            0.
       10590.   1.000000E-5            0.
       10600.            0.            0.
       10610.            0.            0.
       10620.            0.            0.
       10630.            0.            0.
       10640.            0.            0.
       10650.            0.            0.
       10660.            0.            0.
       10670.            0.            0.
       10680.   1.000000E-5            0.
       10690.   1.000000E-5            0.
       10700.            0.            0.
       10710.            0.            0.
       10720.            0.            0.
       10730.            0.            0.
       10740.            0.            0.
       10750.            0.            0.
       10760.            0.            0.
       10770.            0.            0.
       10780.            0.            0.
       10790.            0.            0.
       10800.            0.            0.
       10810.            0.            0.
       10820.            0.            0.
       10830.            0.            0.
       10840.            0.            0.
       10850.            0.            0.
       10860.   1.000000E-5            0.
       10870.            0.            0.
       10880.            0.            0.
       10890.            0.            0.
       10900.            0.            0.
       10910.            0.            0.
       10920.            0.            0.
       10930.            0.            0.
       10940.            0.            0.
       10950.            0.            0.
       10960.            0.            0.
       10970.   1.000000E-5            0.
       10980.   1.000000E-5            0.
       10990.            0.            0.
       11000.            0.            0.
       13000.            0.            0.
