        1850.   8.724894E-6            0.
        1860.   8.651309E-6            0.
        1870.   6.161543E-6            0.
        1880.   3.613095E-6            0.
        1890.   1.936485E-6            0.
        1900.   7.441355E-7            0.
        1910.   6.370188E-7            0.
        1920.   1.422324E-6            0.
        1930.   2.550310E-6            0.
        1940.   2.159102E-6            0.
        1950.   1.385066E-6            0.
        1960.   1.270498E-6            0.
        1970.   1.296579E-6            0.
        1980.   1.290059E-6            0.
        1990.   1.607683E-6            0.
        2000.   2.202880E-6            0.
        2010.   1.751126E-6            0.
        2020.   1.091660E-6            0.
        2030.   1.057196E-6            0.
        2040.   1.238829E-6            0.
        2050.   1.294716E-6            0.
        2060.   1.294716E-6            0.
        2070.   1.150341E-6            0.
        2080.   1.144752E-6            0.
        2090.   1.187599E-6            0.
        2100.   1.043224E-6            0.
        2110.   8.672732E-7            0.
        2120.   8.059839E-7            0.
        2130.   8.965209E-7            0.
        2140.   1.008761E-6            0.
        2150.   1.027390E-6            0.
        2160.   9.192482E-7            0.
        2170.   8.299222E-7            0.
        2180.   8.382120E-7            0.
        2190.   8.791027E-7            0.
        2200.   9.012712E-7            0.
        2210.   8.756563E-7            0.
        2220.   8.946579E-7            0.
        2230.   8.627092E-7            0.
        2240.   8.555370E-7            0.
        2250.   8.973591E-7            0.
        2260.   8.655035E-7            0.
        2270.   7.695642E-7            0.
        2280.   7.546610E-7            0.
        2290.   7.527049E-7            0.
        2300.   6.760466E-7            0.
        2310.   6.182035E-7            0.
        2320.   6.808901E-7            0.
        2330.   7.731036E-7            0.
        2340.   8.405407E-7            0.
        2350.   8.052387E-7            0.
        2360.   7.229917E-7            0.
        2370.   6.985877E-7            0.
        2380.   7.756186E-7            0.
        2390.   8.231225E-7            0.
        2400.   8.067290E-7            0.
        2410.   7.999294E-7            0.
        2420.   8.030964E-7            0.
        2430.   8.385846E-7            0.
        2440.   8.198625E-7            0.
        2450.   7.622057E-7            0.
        2460.   7.367771E-7            0.
        2470.   7.309089E-7            0.
        2480.   7.276489E-7            0.
        2490.   7.352868E-7            0.
        2500.   7.671424E-7            0.
        2510.   7.593182E-7            0.
        2520.   7.022203E-7            0.
        2530.   7.081816E-7            0.
        2540.   7.243888E-7            0.
        2550.   7.119074E-7            0.
        2560.   7.369634E-7            0.
        2570.   7.912669E-7            0.
        2580.   8.475265E-7            0.
        2590.   8.492963E-7            0.
        2600.   8.136217E-7            0.
        2610.   7.773883E-7            0.
        2620.   7.777609E-7            0.
        2630.   7.912669E-7            0.
        2640.   7.480477E-7            0.
        2650.   7.276489E-7            0.
        2660.   7.377085E-7            0.
        2670.   7.276489E-7            0.
        2680.   7.235505E-7            0.
        2690.   7.378017E-7            0.
        2700.   7.086473E-7            0.
        2710.   7.188933E-7            0.
        2720.   7.174029E-7            0.
        2730.   6.767917E-7            0.
        2740.   7.000780E-7            0.
        2750.   7.320267E-7            0.
        2760.   7.218739E-7            0.
        2770.   7.172166E-7            0.
        2780.   7.228985E-7            0.
        2790.   7.317473E-7            0.
        2800.   7.475820E-7            0.
        2810.   7.296981E-7            0.
        2820.   6.916018E-7            0.
        2830.   7.096719E-7            0.
        2840.   7.160990E-7            0.
        2850.   7.107896E-7            0.
        2860.   7.188933E-7            0.
        2870.   7.203836E-7            0.
        2880.   7.616468E-7            0.
        2890.   7.577347E-7            0.
        2900.   6.902977E-7            0.
        2910.   7.055735E-7            0.
        2920.   7.457190E-7            0.
        2930.   7.542884E-7            0.
        2940.   7.317473E-7            0.
        2950.   6.808901E-7            0.
        2960.   6.671978E-7            0.
        2970.   6.297535E-7            0.
        2980.   6.568587E-7            0.
        2990.   7.220602E-7            0.
        3000.   7.847468E-7            0.
        3010.   7.881932E-7            0.
        3020.   7.361251E-7            0.
        3030.   7.240162E-7            0.
        3040.   7.804621E-7            0.
        3050.   8.299222E-7            0.
        3060.   8.183721E-7            0.
        3070.   7.856783E-7            0.
        3080.   7.984391E-7            0.
        3090.   7.504694E-7            0.
        3100.   7.125594E-7            0.
        3110.   7.267175E-7            0.
        3120.   6.788409E-7            0.
        3130.   6.848953E-7            0.
        3140.   7.369634E-7            0.
        3150.   7.406892E-7            0.
        3160.   7.231779E-7            0.
        3170.   7.042695E-7            0.
        3180.   7.193590E-7            0.
        3190.   7.414343E-7            0.
        3200.   7.357525E-7            0.
        3210.   7.320267E-7            0.
        3220.   7.286735E-7            0.
        3230.   7.188933E-7            0.
        3240.   7.215013E-7            0.
        3250.   6.929989E-7            0.
        3260.   6.466128E-7            0.
        3270.   5.990156E-7            0.
        3280.   6.200664E-7            0.
        3290.   6.264003E-7            0.
        3300.   6.433527E-7            0.
        3310.   7.346347E-7            0.
        3320.   7.909875E-7            0.
        3330.   7.973213E-7            0.
        3340.   7.955516E-7            0.
        3350.   7.854919E-7            0.
        3360.   8.100822E-7            0.
        3370.   9.256752E-7            0.
        3380.   1.012486E-6            0.
        3390.   9.389018E-7            0.
        3400.   8.146463E-7            0.
        3410.   8.324370E-7            0.
        3420.   8.498552E-7            0.
        3430.   8.309467E-7            0.
        3440.   8.074742E-7            0.
        3450.   8.244266E-7            0.
        3460.   8.787301E-7            0.
        3470.   9.106788E-7            0.
        3480.   9.039724E-7            0.
        3490.   8.601011E-7            0.
        3500.   8.231225E-7            0.
        3510.   8.385846E-7            0.
        3520.   8.393298E-7            0.
        3530.   8.127835E-7            0.
        3540.   7.858645E-7            0.
        3550.   8.047730E-7            0.
        3560.   8.329959E-7            0.
        3570.   8.253580E-7            0.
        3580.   8.212596E-7            0.
        3590.   8.219117E-7            0.
        3600.   8.409132E-7            0.
        3610.   8.077536E-7            0.
        3620.   7.925710E-7            0.
        3630.   8.125040E-7            0.
        3640.   8.035621E-7            0.
        3650.   7.837222E-7            0.
        3660.   7.802758E-7            0.
        3670.   7.961104E-7            0.
        3680.   8.204213E-7            0.
        3690.   8.219117E-7            0.
        3700.   8.031895E-7            0.
        3710.   8.031895E-7            0.
        3720.   8.165092E-7            0.
        3730.   8.196762E-7            0.
        3740.   8.100822E-7            0.
        3750.   8.010472E-7            0.
        3760.   8.069153E-7            0.
        3770.   8.320645E-7            0.
        3780.   8.680184E-7            0.
        3790.   8.827354E-7            0.
        3800.   8.909321E-7            0.
        3810.   8.963345E-7            0.
        3820.   8.732345E-7            0.
        3830.   8.519975E-7            0.
        3840.   8.821764E-7            0.
        3850.   8.821764E-7            0.
        3860.   8.651309E-7            0.
        3870.   8.837599E-7            0.
        3880.   8.965209E-7            0.
        3890.   9.066736E-7            0.
        3900.   9.188756E-7            0.
        3910.   9.426276E-7            0.
        3920.   1.034841E-6            0.
        3930.   1.228583E-6            0.
        3940.   1.388792E-6            0.
        3950.   1.409284E-6            0.
        3960.   1.288196E-6            0.
        3970.   1.137301E-6            0.
        3980.   1.066511E-6            0.
        3990.   1.079551E-6            0.
        4000.   1.074893E-6            0.
        4010.   1.023664E-6            0.
        4020.   9.575308E-7            0.
        4030.   8.761220E-7            0.
        4040.   8.553507E-7            0.
        4050.   8.787301E-7            0.
        4060.   8.985700E-7            0.
        4070.   8.694156E-7            0.
        4080.   8.322507E-7            0.
        4090.   8.302015E-7            0.
        4100.   8.240540E-7            0.
        4110.   8.155778E-7            0.
        4120.   8.253580E-7            0.
        4130.   8.286181E-7            0.
        4140.   8.181858E-7            0.
        4150.   8.085919E-7            0.
        4160.   7.965762E-7            0.
        4170.   7.896834E-7            0.
        4180.   7.902424E-7            0.
        4190.   7.795307E-7            0.
        4200.   7.552198E-7            0.
        4210.   7.449738E-7            0.
        4220.   7.539157E-7            0.
        4230.   7.639754E-7            0.
        4240.   7.422727E-7            0.
        4250.   7.168441E-7            0.
        4260.   6.958864E-7            0.
        4270.   6.859199E-7            0.
        4280.   6.522945E-7            0.
        4290.   5.597084E-7            0.
        4300.   4.310751E-7            0.
        4310.   3.372781E-7            0.
        4320.   3.258213E-7            0.
        4330.   3.655942E-7            0.
        4340.   4.028522E-7            0.
        4350.   3.819877E-7            0.
        4360.   3.530196E-7            0.
        4370.   4.623719E-7            0.
        4380.   7.125594E-7            0.
        4390.   9.901315E-7            0.
        4400.   1.243486E-6            0.
        4410.   1.438159E-6            0.
        4420.   1.503361E-6            0.
        4430.   1.437228E-6            0.
        4440.   1.240692E-6            0.
        4450.   1.031115E-6            0.
        4460.   8.883241E-7            0.
        4470.   7.948065E-7            0.
        4480.   7.720790E-7            0.
        4490.   8.115726E-7            0.
        4500.   8.420309E-7            0.
        4510.   8.630818E-7            0.
        4520.   8.858091E-7            0.
        4530.   8.732345E-7            0.
        4540.   8.775192E-7            0.
        4550.   9.379704E-7            0.
        4560.   1.010623E-6            0.
        4570.   1.049744E-6            0.
        4580.   1.074893E-6            0.
        4590.   1.106563E-6            0.
        4600.   1.183873E-6            0.
        4610.   1.243486E-6            0.
        4620.   1.263978E-6            0.
        4630.   1.266772E-6            0.
        4640.   1.304962E-6            0.
        4650.   1.373889E-6            0.
        4660.   1.435365E-6            0.
        4670.   1.475417E-6            0.
        4680.   1.497772E-6            0.
        4690.   1.578808E-6            0.
        4700.   1.724114E-6            0.
        4710.   1.866626E-6            0.
        4720.   2.038013E-6            0.
        4730.   2.376129E-6            0.
        4820.   3.349495E-5            0.
        4822.   1.333837E-4            0.
        4824.   2.340734E-4            0.
        4826.   4.679605E-4            0.
        4828.   7.767363E-4            0.
        4830.   0.001609546            0.
        4832.   0.003164136            0.
        4834.   0.006245374            0.
        4836.    0.01146615            0.
        4838.    0.02064094            0.
        4840.     0.0362893            0.
        4842.    0.05954761            0.
        4844.     0.0991063            0.
        4846.     0.1577877            0.
        4848.     0.2496287            0.
        4850.     0.3653148            0.
        4852.     0.4792311            0.
        4854.     0.5463887            0.
        4856.     0.5720035            0.
        4858.     0.5802935            0.
        4860.     0.5848576            0.
        4862.     0.5863479            0.
        4864.     0.5860685            0.
        4866.     0.5829015            0.
        4868.     0.5777785            0.
        4870.     0.5696749            0.
        4872.     0.5561689            0.
        4874.     0.5371673            0.
        4876.     0.5139742            0.
        4878.     0.4837021            0.
        4880.     0.4330312            0.
        4882.     0.3361604            0.
        4884.     0.2066888            0.
        4886.     0.1010623            0.
        4888.     0.0450915            0.
        4890.    0.01982126            0.
        4892.   0.009253957            0.
        4894.   0.004728972            0.
        4896.   0.002584774            0.
        4898.    0.00141953            0.
        4900.   7.876343E-4            0.
        4902.   4.772751E-4            0.
        4904.   2.787831E-4            0.
        4906.   4.524985E-5            0.
        4908.   1.071168E-4            0.
        4910.   6.916018E-6            0.
        4940.   2.372404E-6            0.
        4950.   1.762304E-6            0.
        4960.   1.510812E-6            0.
        4970.   1.426982E-6            0.
        4980.   1.424187E-6            0.
        4990.   1.434433E-6            0.
        5000.   1.410216E-6            0.
        5010.   1.364574E-6            0.
        5020.   1.296579E-6            0.
        5030.   1.245349E-6            0.
        5040.   1.216474E-6            0.
        5050.   1.257458E-6            0.
        5060.   1.321728E-6            0.
        5070.   1.331974E-6            0.
        5080.   1.328248E-6            0.
        5090.   1.332905E-6            0.
        5100.   1.348740E-6            0.
        5110.   1.389724E-6            0.
        5120.   1.395312E-6            0.
        5130.   1.302167E-6            0.
        5140.   1.156861E-6            0.
        5150.   1.013418E-6            0.
        5160.   9.407647E-7            0.
        5170.   9.073256E-7            0.
        5180.   8.700676E-7            0.
        5190.   8.575862E-7            0.
        5200.   8.475265E-7            0.
        5210.   8.333685E-7            0.
        5220.   8.329959E-7            0.
        5230.   8.926087E-7            0.
        5240.   9.389018E-7            0.
        5250.   8.818039E-7            0.
        5260.   8.351382E-7            0.
        5270.   8.670870E-7            0.
        5280.   8.911184E-7            0.
        5290.   8.844120E-7            0.
        5300.   8.781712E-7            0.
        5310.   8.845983E-7            0.
        5320.   8.740728E-7            0.
        5330.   8.588902E-7            0.
        5340.   8.819902E-7            0.
        5350.   9.307982E-7            0.
        5360.   9.290284E-7            0.
        5370.   8.792890E-7            0.
        5380.   8.521838E-7            0.
        5390.   8.764946E-7            0.
        5400.   9.235328E-7            0.
        5410.   9.157087E-7            0.
        5420.   8.696019E-7            0.
        5430.   8.233088E-7            0.
        5440.   8.475265E-7            0.
        5450.   8.754701E-7            0.
        5460.   8.602874E-7            0.
        5470.   8.512523E-7            0.
        5480.   8.393298E-7            0.
        5490.   8.351382E-7            0.
        5500.   8.380258E-7            0.
        5510.   8.500414E-7            0.
        5520.   8.674596E-7            0.
        5530.   8.632680E-7            0.
        5540.   8.326233E-7            0.
        5550.   8.242403E-7            0.
        5560.   8.420309E-7            0.
        5570.   8.305741E-7            0.
        5580.   8.191172E-7            0.
        5590.   8.276867E-7            0.
        5600.   8.255442E-7            0.
        5610.   8.257306E-7            0.
        5620.   8.209802E-7            0.
        5630.   8.123177E-7            0.
        5640.   8.090577E-7            0.
        5650.   7.816730E-7            0.
        5660.   7.869822E-7            0.
        5670.   8.457568E-7            0.
        5680.   9.265135E-7            0.
        5690.   9.370389E-7            0.
        5700.   7.827907E-7            0.
        5710.   7.777609E-7            0.
        5720.   7.767363E-7            0.
        5730.   7.773883E-7            0.
        5740.   7.993705E-7            0.
        5750.   8.142737E-7            0.
        5760.   8.023512E-7            0.
        5770.   7.948065E-7            0.
        5780.   7.982528E-7            0.
        5790.   8.029101E-7            0.
        5800.   8.071016E-7            0.
        5810.   7.993705E-7            0.
        5820.   7.842811E-7            0.
        5830.   7.891246E-7            0.
        5840.   8.054250E-7            0.
        5850.   8.170681E-7            0.
        5860.   8.333685E-7            0.
        5870.   8.492963E-7            0.
        5880.   8.443596E-7            0.
        5890.   8.355108E-7            0.
        5900.   8.342068E-7            0.
        5910.   8.313193E-7            0.
        5920.   8.146463E-7            0.
        5930.   7.971351E-7            0.
        5940.   7.975077E-7            0.
        5950.   8.233088E-7            0.
        5960.   8.194899E-7            0.
        5970.   8.045866E-7            0.
        5980.   8.284318E-7            0.
        5990.   8.563753E-7            0.
        6000.   8.504140E-7            0.
        6010.   8.518112E-7            0.
        6020.   8.565616E-7            0.
        6030.   8.492963E-7            0.
        6040.   8.320645E-7            0.
        6050.   8.194899E-7            0.
        6060.   8.014197E-7            0.
        6070.   8.010472E-7            0.
        6080.   8.017923E-7            0.
        6090.   7.891246E-7            0.
        6100.   7.925710E-7            0.
        6110.   7.847468E-7            0.
        6120.   7.829771E-7            0.
        6130.   7.949927E-7            0.
        6140.   7.944338E-7            0.
        6150.   7.889383E-7            0.
        6160.   7.936887E-7            0.
        6170.   8.031895E-7            0.
        6180.   7.898698E-7            0.
        6190.   7.833496E-7            0.
        6200.   7.962968E-7            0.
        6210.   8.042141E-7            0.
        6220.   7.851194E-7            0.
        6230.   7.703093E-7            0.
        6240.   7.644412E-7            0.
        6250.   7.767363E-7            0.
        6260.   8.025374E-7            0.
        6270.   7.982528E-7            0.
        6280.   7.758049E-7            0.
        6290.   7.671424E-7            0.
        6300.   7.763637E-7            0.
        6310.   7.800895E-7            0.
        6320.   7.767363E-7            0.
        6330.   7.718928E-7            0.
        6340.   7.893109E-7            0.
        6350.   8.152052E-7            0.
        6360.   8.271277E-7            0.
        6370.   8.209802E-7            0.
        6380.   8.179996E-7            0.
        6390.   8.181858E-7            0.
        6400.   8.152052E-7            0.
        6410.   8.174407E-7            0.
        6420.   8.213528E-7            0.
        6430.   8.247991E-7            0.
        6440.   8.189310E-7            0.
        6450.   8.094302E-7            0.
        6460.   8.042141E-7            0.
        6470.   7.889383E-7            0.
        6480.   7.699367E-7            0.
        6490.   7.622988E-7            0.
        6500.   7.568964E-7            0.
        6510.   7.520529E-7            0.
        6520.   7.651863E-7            0.
        6530.   7.847468E-7            0.
        6540.   7.858645E-7            0.
        6550.   7.864234E-7            0.
        6560.   7.867960E-7            0.
        6570.   7.742214E-7            0.
        6580.   7.742214E-7            0.
        6590.   7.847468E-7            0.
        6600.   7.948065E-7            0.
        6610.   7.902424E-7            0.
        6620.   7.839085E-7            0.
        6630.   7.845605E-7            0.
        6640.   7.688189E-7            0.
        6650.   7.514940E-7            0.
        6660.   7.475820E-7            0.
        6670.   7.598770E-7            0.
        6680.   7.526118E-7            0.
        6690.   7.386400E-7            0.
        6700.   7.286735E-7            0.
        6710.   7.106034E-7            0.
        6720.   7.073432E-7            0.
        6730.   7.163783E-7            0.
        6740.   7.170304E-7            0.
        6750.   7.148880E-7            0.
        6760.   7.205699E-7            0.
        6770.   7.338896E-7            0.
        6780.   7.373359E-7            0.
        6790.   7.208493E-7            0.
        6800.   7.122800E-7            0.
        6810.   7.330513E-7            0.
        6820.   7.546610E-7            0.
        6830.   7.417138E-7            0.
        6840.   7.180549E-7            0.
        6850.   7.298844E-7            0.
        6860.   7.432972E-7            0.
        6870.   7.453464E-7            0.
        6880.   7.484202E-7            0.
        6890.   7.461848E-7            0.
        6900.   7.406892E-7            0.
        6910.   7.494448E-7            0.
        6920.   7.568964E-7            0.
        6930.   7.280215E-7            0.
        6940.   7.133977E-7            0.
        6950.   7.494448E-7            0.
        6960.   7.679807E-7            0.
        6970.   7.443219E-7            0.
        6980.   7.359388E-7            0.
        6990.   7.449738E-7            0.
        7000.   7.451602E-7            0.
        7010.   7.395715E-7            0.
        7020.   7.457190E-7            0.
        7030.   7.608085E-7            0.
        7040.   7.550335E-7            0.
        7050.   7.576416E-7            0.
        7060.   7.548472E-7            0.
        7070.   7.286735E-7            0.
        7080.   7.201972E-7            0.
        7090.   7.424589E-7            0.
        7100.   7.660246E-7            0.
        7110.   7.816730E-7            0.
        7120.   7.715202E-7            0.
        7130.   7.574553E-7            0.
        7140.   7.699367E-7            0.
        7150.   7.742214E-7            0.
        7160.   7.592250E-7            0.
        7170.   7.665835E-7            0.
        7180.   7.622988E-7            0.
        7190.   7.556856E-7            0.
        7200.   7.742214E-7            0.
        7210.   7.745940E-7            0.
        7220.   7.595045E-7            0.
        7230.   7.672355E-7            0.
        7240.   7.574553E-7            0.
        7250.   7.455328E-7            0.
        7260.   7.560581E-7            0.
        7270.   7.646275E-7            0.
        7280.   7.644412E-7            0.
        7290.   7.586662E-7            0.
        7300.   7.367771E-7            0.
        7310.   7.424589E-7            0.
        7320.   7.636029E-7            0.
        7330.   7.634166E-7            0.
        7340.   7.663972E-7            0.
        7350.   7.819525E-7            0.
        7360.   7.799032E-7            0.
        7370.   7.556856E-7            0.
        7380.   7.431109E-7            0.
        7390.   7.486065E-7            0.
        7400.   7.628577E-7            0.
        7410.   7.676081E-7            0.
        7420.   7.472094E-7            0.
        7430.   7.437630E-7            0.
        7440.   7.616468E-7            0.
        7450.   7.570827E-7            0.
        7460.   7.514008E-7            0.
        7470.   7.622988E-7            0.
        7480.   7.550335E-7            0.
        7490.   7.506557E-7            0.
        7500.   7.632303E-7            0.
        7510.   7.654658E-7            0.
        7520.   7.610880E-7            0.
        7530.   7.504694E-7            0.
        7540.   7.568964E-7            0.
        7550.   7.679807E-7            0.
        7560.   7.600634E-7            0.
        7570.   7.628577E-7            0.
        7580.   7.718928E-7            0.
        7590.   7.793444E-7            0.
        7600.   7.713339E-7            0.
        7610.   7.740351E-7            0.
        7620.   7.740351E-7            0.
        7630.   7.590388E-7            0.
        7640.   7.660246E-7            0.
        7650.   7.717065E-7            0.
        7660.   7.754323E-7            0.
        7670.   7.851194E-7            0.
        7680.   7.772020E-7            0.
        7690.   7.724516E-7            0.
        7700.   7.637892E-7            0.
        7710.   7.443219E-7            0.
        7720.   7.477682E-7            0.
        7730.   7.667698E-7            0.
        7740.   7.783198E-7            0.
        7750.   7.693779E-7            0.
        7760.   7.492585E-7            0.
        7770.   7.459985E-7            0.
        7780.   7.522391E-7            0.
        7790.   7.618331E-7            0.
        7800.   7.663972E-7            0.
        7810.   7.653726E-7            0.
        7820.   7.586662E-7            0.
        7830.   7.503763E-7            0.
        7840.   7.562444E-7            0.
        7850.   7.677944E-7            0.
        7860.   7.731036E-7            0.
        7870.   7.653726E-7            0.
        7880.   7.628577E-7            0.
        7890.   7.654658E-7            0.
        7900.   7.740351E-7            0.
        7910.   7.667698E-7            0.
        7920.   7.648138E-7            0.
        7930.   7.808347E-7            0.
        7940.   7.840948E-7            0.
        7950.   7.875411E-7            0.
        7960.   7.893109E-7            0.
        7970.   8.420309E-7            0.
        7980.   9.323816E-7            0.
        7990.   9.444905E-7            0.
        8000.   2.945245E-7            0.
        8010.   3.175313E-7            0.
        8020.   6.468921E-7            0.
        8030.   6.736248E-7            0.
        8040.   1.193188E-6            0.
        8050.   3.065403E-6            0.
        8060.   8.324370E-7            0.
        8070.   3.044911E-7            0.
        8080.   3.569317E-7            0.
        8090.   2.945245E-7            0.
        8100.   2.945245E-7            0.
        8110.   2.945245E-7            0.
        8120.   2.945245E-7            0.
        8130.   2.945245E-7            0.
        8140.   3.434257E-7            0.
        8150.   7.015683E-7            0.
        8160.   5.169549E-7            0.
        8170.   2.945245E-7            0.
        8180.   2.945245E-7            0.
        8190.   5.163960E-7            0.
        8200.   4.067643E-7            0.
        8210.   2.945245E-7            0.
        8220.   2.945245E-7            0.
        8230.   4.969286E-7            0.
        8240.   1.473554E-6            0.
        8250.   9.649824E-7            0.
        8260.   4.586460E-7            0.
        8270.   4.192457E-7            0.
        8280.   7.984391E-7            0.
        8290.   1.059059E-6            0.
        8300.   5.772197E-7            0.
        8310.   3.452886E-7            0.
        8320.   5.216121E-7            0.
        8330.   9.854742E-7            0.
        8340.   2.254110E-6            0.
        8350.   1.569494E-6            0.
        8360.   4.792311E-7            0.
        8370.   2.945245E-7            0.
        8380.   3.006721E-7            0.
        8390.   3.276842E-7            0.
        8400.   4.524985E-7            0.
        8410.   6.708304E-7            0.
        8420.   4.861238E-7            0.
        8430.   5.882108E-7            0.
        8440.   1.235103E-6            0.
        8450.   8.712785E-7            0.
        8460.   4.191526E-7            0.
        8470.   1.146615E-6            0.
        8480.   1.424187E-6            0.
        8490.   4.824912E-7            0.
        8500.   5.170480E-7            0.
        8510.   2.047327E-6            0.
        8520.   3.311305E-6            0.
        8530.   2.035219E-6            0.
        8540.   1.043224E-6            0.
        8550.   6.646828E-7            0.
        8560.   1.280744E-6            0.
        8570.   3.696926E-6            0.
        8580.   1.449337E-6            0.
        8590.   8.273141E-7            0.
        8600.   4.540820E-7            0.
        8610.   3.279636E-7            0.
        8620.   3.895325E-7            0.
        8630.   4.243687E-7            0.
        8640.   3.575837E-7            0.
        8650.   3.429600E-7            0.
        8660.   6.410240E-7            0.
        8670.   5.837398E-7            0.
        8680.   3.654079E-7            0.
        8690.   2.945245E-7            0.
        8700.   4.561312E-7            0.
        8710.   1.253732E-6            0.
        8720.   4.076026E-6            0.
        8730.   6.900183E-6            0.
        8740.   1.576945E-6            0.
        8750.   3.174382E-7            0.
        8760.   2.945245E-7            0.
        8770.   3.011378E-7            0.
        8780.   3.280568E-7            0.
        8790.   2.945245E-7            0.
        8800.   2.945245E-7            0.
        8810.   2.945245E-7            0.
        8820.   2.945245E-7            0.
        8830.   2.945245E-7            0.
        8840.   2.945245E-7            0.
        8850.   2.945245E-7            0.
        8860.   2.945245E-7            0.
        8870.   2.945245E-7            0.
        8880.   3.013241E-7            0.
        8890.   5.049391E-7            0.
        8900.   7.118143E-7            0.
        8910.   5.498350E-7            0.
        8920.   2.945245E-7            0.
        8930.   2.945245E-7            0.
        8940.   4.973012E-7            0.
        8950.   1.576945E-6            0.
        8960.   1.241623E-6            0.
        8970.   9.314502E-7            0.
        8980.   1.333837E-6            0.
        8990.   4.370364E-7            0.
        9000.   3.412833E-7            0.
        9010.   9.472849E-7            0.
        9020.   1.063716E-6            0.
        9030.   1.019938E-6            0.
        9040.   9.938573E-7            0.
        9050.   4.249276E-7            0.
        9060.   3.538579E-7            0.
        9070.   3.627067E-7            0.
        9080.   2.990887E-7            0.
        9090.   5.726556E-7            0.
        9100.   6.079575E-7            0.
        9110.   4.759710E-7            0.
        9120.   4.246481E-7            0.
        9130.   2.945245E-7            0.
        9140.   5.747979E-7            0.
        9150.   1.046950E-6            0.
        9160.   1.920650E-6            0.
        9170.   4.164514E-6            0.
        9180.   2.658359E-6            0.
        9190.   9.342445E-7            0.
        9200.   3.570249E-7            0.
        9210.   2.945245E-7            0.
        9220.   2.945245E-7            0.
        9230.   2.945245E-7            0.
        9240.   4.269768E-7            0.
        9250.   3.669914E-7            0.
        9260.   2.945245E-7            0.
        9270.   3.020693E-7            0.
        9280.   7.707750E-7            0.
        9290.   2.861415E-6            0.
        9300.   1.508949E-6            0.
        9310.   4.918988E-7            0.
        9320.   7.856783E-7            0.
        9330.   8.257306E-7            0.
        9340.   5.052186E-7            0.
        9350.   2.945245E-7            0.
        9360.   3.577700E-7            0.
        9370.   6.823804E-7            0.
        9380.   1.093523E-6            0.
        9390.   6.411172E-7            0.
        9400.   5.587769E-7            0.
        9410.   9.182236E-7            0.
        9420.   3.677365E-7            0.
        9430.   2.945245E-7            0.
        9440.   2.945245E-7            0.
        9450.   3.281499E-7            0.
        9460.   3.281499E-7            0.
        9470.   3.282431E-7            0.
        9480.   3.012310E-7            0.
        9490.   2.945245E-7            0.
        9500.   2.945245E-7            0.
        9510.   2.945245E-7            0.
        9520.   5.934269E-7            0.
        9530.   7.216876E-7            0.
        9540.   3.282431E-7            0.
        9550.   4.619062E-7            0.
        9560.   9.104926E-7            0.
        9570.   4.173828E-7            0.
        9580.   2.945245E-7            0.
        9590.   3.579563E-7            0.
        9600.   7.912669E-7            0.
        9610.   6.705510E-7            0.
        9620.   3.032802E-7            0.
        9630.   2.945245E-7            0.
        9640.   3.076580E-7            0.
        9650.   5.347455E-7            0.
        9660.   5.272940E-7            0.
        9670.   3.487349E-7            0.
        9680.   3.882284E-7            0.
        9690.   6.713893E-7            0.
        9700.   9.668454E-7            0.
        9710.   8.674596E-7            0.
        9720.   6.760466E-7            0.
        9730.   5.469475E-7            0.
        9740.   3.049568E-7            0.
        9750.   3.886010E-7            0.
        9760.   5.178863E-7            0.
        9770.   1.241623E-6            0.
        9780.   1.022732E-6            0.
        9790.   3.059814E-7            0.
        9800.   2.945245E-7            0.
        9810.   6.662663E-7            0.
        9820.   1.875009E-6            0.
        9830.   1.003172E-6            0.
        9840.   4.828638E-7            0.
        9850.   3.014173E-7            0.
        9860.   2.945245E-7            0.
        9870.   2.945245E-7            0.
        9880.   2.945245E-7            0.
        9890.   2.945245E-7            0.
        9900.   4.178486E-7            0.
        9910.   2.945245E-7            0.
        9920.   3.014173E-7            0.
        9930.   3.899982E-7            0.
        9940.   3.899050E-7            0.
        9950.   2.945245E-7            0.
        9960.   2.945245E-7            0.
        9970.   2.945245E-7            0.
        9980.   3.203257E-7            0.
        9990.   7.614605E-7            0.
       10000.   6.357147E-7            0.
       10010.   6.471716E-7            0.
       10020.   5.462024E-7            0.
       10030.   2.945245E-7            0.
       10040.   2.945245E-7            0.
       10050.   8.919567E-7            0.
       10060.   1.368300E-6            0.
       10070.   3.602849E-7            0.
       10080.   2.945245E-7            0.
       10090.   2.945245E-7            0.
       10100.   7.403166E-7            0.
       10110.   1.543413E-6            0.
       10120.   9.228809E-7            0.
       10130.   1.646804E-6            0.
       10140.   3.042116E-6            0.
       10150.   4.379679E-6            0.
       10160.   6.515494E-6            0.
       10170.   2.539133E-6            0.
       10180.   4.405759E-7            0.
       10190.   2.945245E-7            0.
       10200.   2.945245E-7            0.
       10210.   2.945245E-7            0.
       10220.   2.945245E-7            0.
       10230.   4.614404E-7            0.
       10240.   5.217984E-7            0.
       10250.   3.003927E-7            0.
       10260.   2.945245E-7            0.
       10270.   7.322130E-7            0.
       10280.   3.342975E-6            0.
       10290.   4.491453E-6            0.
       10300.   1.181079E-6            0.
       10310.   9.333131E-7            0.
       10320.   2.814843E-6            0.
       10330.   5.599878E-6            0.
       10340.   2.581048E-6            0.
       10350.   4.695440E-7            0.
       10360.   3.509704E-7            0.
       10370.   7.125594E-7            0.
       10380.   1.059059E-6            0.
       10390.   1.875941E-6            0.
       10400.   1.783727E-6            0.
       10410.   9.037861E-7            0.
       10420.   1.195982E-6            0.
       10430.   1.001309E-6            0.
       10440.   1.566699E-6            0.
       10450.   4.525917E-6            0.
       10460.   6.209047E-6            0.
       10470.   4.263247E-6            0.
       10480.   9.687083E-7            0.
       10490.   4.008962E-7            0.
       10500.   5.263625E-7            0.
       10510.   5.893285E-7            0.
       10520.   1.058127E-6            0.
       10530.   3.348563E-6            0.
       10540.   4.288397E-6            0.
       10550.   4.756916E-6            0.
       10560.   1.944868E-6            0.
       10570.   5.661354E-7            0.
       10580.   5.470407E-7            0.
       10590.   5.219847E-7            0.
       10600.   3.405382E-7            0.
       10610.   8.973591E-7            0.
       10620.   2.543791E-6            0.
       10630.   7.914532E-7            0.
       10640.   2.945245E-7            0.
       10650.   4.253002E-7            0.
       10660.   9.284696E-7            0.
       10670.   4.549203E-7            0.
       10680.   2.945245E-7            0.
       10690.   2.945245E-7            0.
       10700.   5.258036E-7            0.
       10710.   1.210885E-6            0.
       10720.   7.307227E-7            0.
       10730.   8.558164E-7            0.
       10740.   9.789542E-7            0.
       10750.   5.601742E-7            0.
       10760.   3.954006E-7            0.
       10770.   3.583289E-7            0.
       10780.   2.945245E-7            0.
       10790.   2.945245E-7            0.
       10800.   4.262316E-7            0.
       10810.   6.367393E-7            0.
       10820.   5.852301E-7            0.
       10830.   7.427384E-7            0.
       10840.   8.172544E-7            0.
       10850.   8.231225E-7            0.
       10860.   9.575308E-7            0.
       10870.   1.390655E-6            0.
       10880.   6.708304E-7            0.
       10890.   4.843541E-7            0.
       10900.   1.055333E-6            0.
       10910.   3.551620E-6            0.
       10920.   2.856758E-6            0.
       10930.   1.576945E-6            0.
       10940.   1.020869E-6            0.
       10950.   4.574352E-7            0.
       10960.   2.945245E-7            0.
       10970.   2.945245E-7            0.
       10980.   5.085718E-7            0.
       10990.   8.422173E-7            0.
       11000.   5.342798E-6            0.
