        1100.   1.376035E-8            0.
        1130.   0.001376035            0.
        1140.    0.03440088            0.
        1150.    0.06192158            0.
        1160.    0.08944227            0.
        1170.     0.1118028            0.
        1180.     0.1341634            0.
        1190.     0.1496438            0.
        1200.     0.1651242            0.
        1210.      0.179867            0.
        1220.     0.1823246            0.
        1230.     0.1857647            0.
        1240.     0.1892048            0.
        1250.     0.1874848            0.
        1260.     0.1857647            0.
        1270.     0.1616841            0.
        1280.     0.1376035            0.
        1290.     0.1238432            0.
        1300.     0.1100828            0.
        1310.    0.09460241            0.
        1320.    0.07912201            0.
        1330.    0.06020153            0.
        1340.    0.04128105            0.
        1350.    0.03440088            0.
        1360.     0.0275207            0.
        1370.    0.02408061            0.
        1400.    0.02201656            0.
        1500.    0.01376035            0.
        1600.   0.009907451            0.
        1700.   0.006880175            0.
        1800.   0.004678519            0.
        1900.   0.003302484            0.
        1990.   0.002315867            0.
        2000.   0.002230539            0.
        2010.   0.002152105            0.
        2020.   0.002069543            0.
        2030.   0.002008997            0.
        2040.   0.001933315            0.
        2050.   0.001868642            0.
        2060.   0.001801216            0.
        2070.   0.001748927            0.
        2080.   0.001684253            0.
        2090.    0.00163334            0.
        2100.   0.001572794            0.
        2110.   0.001521895            0.
        2120.   0.001472357            0.
        2130.   0.001425558            0.
        2140.   0.001369151            0.
        2150.   0.001336123            0.
        2160.   0.001287963            0.
        2170.   0.001248058            0.
        2180.   0.001204025            0.
        2190.    0.00116412            0.
        2200.   0.001124216            0.
        2210.   0.001092566            0.
        2220.   0.001056791            0.
        2230.   0.001023766            0.
        2240.   9.907411E-4            0.
        2250.   9.577162E-4            0.
        2260.   9.274448E-4            0.
        2270.   9.026749E-4            0.
        2280.   8.696500E-4            0.
        2290.   8.421292E-4            0.
        2300.   8.118579E-4            0.
        2310.   7.939680E-4            0.
        2320.   7.636967E-4            0.
        2330.   7.430561E-4            0.
        2340.   7.210395E-4            0.
        2350.   6.976469E-4            0.
        2360.   6.756304E-4            0.
        2370.   6.591180E-4            0.
        2380.   6.412295E-4            0.
        2390.   6.219650E-4            0.
        2400.   6.040766E-4            0.
        2410.   5.875642E-4            0.
        2420.   5.710518E-4            0.
        2430.   5.559154E-4            0.
        2440.   5.407804E-4            0.
        2450.   5.283960E-4            0.
        2460.   5.132583E-4            0.
        2470.   4.981233E-4            0.
        2480.   4.871136E-4            0.
        2490.   4.719786E-4            0.
        2500.   4.609703E-4            0.
        2510.   4.499621E-4            0.
        2520.   4.375777E-4            0.
        2530.   4.293215E-4            0.
        2540.   4.155612E-4            0.
        2550.   4.059289E-4            0.
        2560.   3.990488E-4            0.
        2570.   3.880405E-4            0.
        2580.   3.811603E-4            0.
        2590.   3.701520E-4            0.
        2600.   3.632719E-4            0.
        2610.   3.563917E-4            0.
        2620.   3.495115E-4            0.
        2630.   3.385046E-4            0.
        2640.   3.357512E-4            0.
        2650.   3.261203E-4            0.
        2660.   3.219908E-4            0.
        2670.   3.123599E-4            0.
        2680.   3.082318E-4            0.
        2690.   3.027263E-4            0.
        2700.   2.958475E-4            0.
        2710.   2.917180E-4            0.
        2720.   2.848392E-4            0.
        2730.   2.793351E-4            0.
        2740.   2.738310E-4            0.
        2750.   2.697028E-4            0.
        2760.   2.641987E-4            0.
        2770.   2.586946E-4            0.
        2780.   2.545665E-4            0.
        2790.   2.531891E-4            0.
        2800.   2.463103E-4            0.
        2810.   2.421822E-4            0.
        2820.   2.366780E-4            0.
        2830.   2.339260E-4            0.
        2840.   2.311739E-4            0.
        2850.   2.284218E-4            0.
        2860.   2.229177E-4            0.
        2870.   2.174135E-4            0.
        2880.   2.146614E-4            0.
        2890.   2.105334E-4            0.
        2900.   2.077813E-4            0.
        2910.   2.050292E-4            0.
        2920.   2.022771E-4            0.
        2930.   1.967730E-4            0.
        2940.   1.926449E-4            0.
        2950.   1.912689E-4            0.
        2960.   1.898928E-4            0.
        2970.   1.871408E-4            0.
        2980.   1.843887E-4            0.
        2990.   1.830113E-4            0.
        3000.   1.775085E-4            0.
        3010.   1.761325E-4            0.
        3020.   1.720044E-4            0.
        3030.   1.692523E-4            0.
        3040.   1.637482E-4            0.
        3050.   1.623721E-4            0.
        3060.   1.609961E-4            0.
        3070.   1.582440E-4            0.
        3080.   1.554920E-4            0.
        3090.   1.513638E-4            0.
        3100.   1.554920E-4            0.
        3110.   1.513638E-4            0.
        3120.   1.486118E-4            0.
        3130.   1.472357E-4            0.
        3140.   1.444837E-4            0.
        3150.   1.431076E-4            0.
        3160.   1.403556E-4            0.
        3170.   1.376029E-4            0.
        3180.   1.334754E-4            0.
        3190.   1.334753E-4            0.
        3200.   1.320995E-4            0.
        3210.   1.334747E-4            0.
        3220.   1.279713E-4            0.
        3230.   1.279710E-4            0.
        3240.   1.252185E-4            0.
        3250.   1.197152E-4            0.
        3260.   1.210911E-4            0.
        3270.   1.210904E-4            0.
        3280.   1.155875E-4            0.
        3290.   1.197149E-4            0.
        3300.   1.183390E-4            0.
        3310.   1.183387E-4            0.
        3320.   1.155862E-4            0.
        3330.   1.100829E-4            0.
        3340.   1.114586E-4            0.
        3350.   1.087068E-4            0.
        3360.   1.087065E-4            0.
        3370.   1.059546E-4            0.
        3380.   1.045781E-4            0.
        3390.   1.004507E-4            0.
        3400.   1.018265E-4            0.
        3410.   1.004505E-4            0.
        3420.   1.004505E-4            0.
        3430.   1.004504E-4            0.
        3440.   9.907424E-5            0.
        3450.   9.632258E-5            0.
        3460.   9.769820E-5            0.
        3470.   9.494642E-5            0.
        3480.   9.494613E-5            0.
        3490.   9.219420E-5            0.
        3500.   9.081817E-5            0.
        3510.   8.944242E-5            0.
        3520.   9.081803E-5            0.
        3530.   8.806624E-5            0.
        3540.   8.806624E-5            0.
        3550.   8.806569E-5            0.
        3560.   8.393827E-5            0.
        3570.   8.531403E-5            0.
        3580.   8.393786E-5            0.
        3590.   8.118620E-5            0.
        3600.   8.256154E-5            0.
        3610.   7.843399E-5            0.
        3620.   7.843386E-5            0.
        3630.   7.705823E-5            0.
        3640.   7.980989E-5            0.
        3650.   7.843372E-5            0.
        3660.   7.568192E-5            0.
        3670.   7.568206E-5            0.
        3680.   7.705782E-5            0.
        3690.   7.568178E-5            0.
        3700.   7.430575E-5            0.
        3710.   7.292986E-5            0.
        3720.   7.292958E-5            0.
        3730.   7.017792E-5            0.
        3740.   7.155354E-5            0.
        3750.   6.880175E-5            0.
        3760.   6.880175E-5            0.
        3770.   6.880175E-5            0.
        3780.   6.880162E-5            0.
        3790.   6.742571E-5            0.
        3800.   6.742571E-5            0.
        3810.   6.742571E-5            0.
        3820.   6.742543E-5            0.
        3830.   6.467351E-5            0.
        3840.   6.329788E-5            0.
        3850.   6.604954E-5            0.
        3860.   6.467364E-5            0.
        3870.   6.467337E-5            0.
        3880.   6.192157E-5            0.
        3890.   6.192143E-5            0.
        3900.   6.054567E-5            0.
        3910.   6.192143E-5            0.
        3920.   6.054554E-5            0.
        3930.   6.054540E-5            0.
        3940.   5.916950E-5            0.
        3950.   5.916950E-5            0.
        3960.   5.916937E-5            0.
        3970.   5.779347E-5            0.
        3980.   5.779334E-5            0.
        3990.   5.641757E-5            0.
        4000.   5.779334E-5            0.
        4010.   5.641743E-5            0.
        4020.   5.641716E-5            0.
        4030.   5.366550E-5            0.
        4040.   5.504140E-5            0.
        4050.   5.504126E-5            0.
        4060.   5.366523E-5            0.
        4070.   5.228947E-5            0.
        4080.   5.366523E-5            0.
        4090.   5.228933E-5            0.
        4100.   5.228947E-5            0.
        4110.   5.366509E-5            0.
        4120.   5.091330E-5            0.
        4130.   5.091343E-5            0.
        4140.   5.228919E-5            0.
        4150.   5.091316E-5            0.
        4160.   4.953740E-5            0.
        4170.   5.091330E-5            0.
        4180.   5.091302E-5            0.
        4190.   4.816136E-5            0.
        4200.   4.953712E-5            0.
        4210.   4.816108E-5            0.
        4220.   4.678532E-5            0.
        4230.   4.816123E-5            0.
        4240.   4.816123E-5            0.
        4250.   4.816123E-5            0.
        4260.   4.816108E-5            0.
        4270.   4.678519E-5            0.
        4280.   4.678519E-5            0.
        4290.   4.678505E-5            0.
        4300.   4.540915E-5            0.
        4310.   4.540915E-5            0.
        4320.   4.540915E-5            0.
        4330.   4.540915E-5            0.
        4340.   4.540902E-5            0.
        4350.   4.403298E-5            0.
        4360.   4.265736E-5            0.
        4370.   4.540902E-5            0.
        4380.   4.403298E-5            0.
        4390.   4.265695E-5            0.
        4400.   4.128119E-5            0.
        4410.   4.265695E-5            0.
        4420.   4.128119E-5            0.
        4430.   4.265708E-5            0.
        4440.   4.265695E-5            0.
        4450.   4.128119E-5            0.
        4460.   4.265695E-5            0.
        4470.   4.128105E-5            0.
        4480.   4.128105E-5            0.
        4490.   4.128077E-5            0.
        4500.   3.852898E-5            0.
        4510.   3.852912E-5            0.
        4520.   3.990488E-5            0.
        4530.   3.852926E-5            0.
        4540.   4.128077E-5            0.
        4550.   3.852884E-5            0.
        4560.   3.715308E-5            0.
        4570.   3.852898E-5            0.
        4580.   3.852912E-5            0.
        4590.   3.990502E-5            0.
        4600.   3.990488E-5            0.
        4610.   3.852898E-5            0.
        4620.   3.852898E-5            0.
        4630.   3.852898E-5            0.
        4640.   3.852884E-5            0.
        4650.   3.715295E-5            0.
        4660.   3.715281E-5            0.
        4670.   3.577677E-5            0.
        4680.   3.440129E-5            0.
        4690.   3.852871E-5            0.
        4700.   3.577677E-5            0.
        4710.   3.440101E-5            0.
        4720.   3.577705E-5            0.
        4730.   3.715267E-5            0.
        4740.   3.440101E-5            0.
        4750.   3.577677E-5            0.
        4760.   3.440087E-5            0.
        4770.   3.440073E-5            0.
        4780.   3.302498E-5            0.
        4790.   3.440073E-5            0.
        4800.   3.302498E-5            0.
        4810.   3.440087E-5            0.
        4820.   3.440073E-5            0.
        4830.   3.302484E-5            0.
        4840.   3.302498E-5            0.
        4850.   3.440073E-5            0.
        4860.   3.302484E-5            0.
        4870.   3.302484E-5            0.
        4880.   3.302470E-5            0.
        4890.   3.164894E-5            0.
        4900.   3.302470E-5            0.
        4910.   3.164894E-5            0.
        4920.   3.302470E-5            0.
        4930.   3.164880E-5            0.
        4940.   3.164908E-5            0.
        4950.   3.440060E-5            0.
        4960.   3.164867E-5            0.
        4970.   3.027318E-5            0.
        4980.   3.440032E-5            0.
        4990.   2.889687E-5            0.
        5000.   3.027305E-5            0.
        5010.   3.302456E-5            0.
        5020.   3.027291E-5            0.
        5030.   3.164839E-5            0.
        5040.   2.752097E-5            0.
        5050.   3.027291E-5            0.
        5060.   3.164880E-5            0.
        5070.   3.164880E-5            0.
        5080.   3.164867E-5            0.
        5090.   3.027277E-5            0.
        5100.   3.027277E-5            0.
        5110.   3.027277E-5            0.
        5120.   3.027277E-5            0.
        5130.   3.027277E-5            0.
        5140.   3.027277E-5            0.
        5150.   3.027263E-5            0.
        5160.   2.889687E-5            0.
        5170.   3.027277E-5            0.
        5180.   3.027263E-5            0.
        5190.   2.889687E-5            0.
        5200.   3.027263E-5            0.
        5210.   2.889673E-5            0.
        5220.   2.889687E-5            0.
        5230.   3.027277E-5            0.
        5240.   3.027263E-5            0.
        5250.   2.889673E-5            0.
        5260.   2.889660E-5            0.
        5270.   2.752084E-5            0.
        5280.   2.889660E-5            0.
        5290.   2.752084E-5            0.
        5300.   2.889660E-5            0.
        5310.   2.752056E-5            0.
        5320.   2.614494E-5            0.
        5330.   2.889673E-5            0.
        5340.   2.889660E-5            0.
        5350.   2.752084E-5            0.
        5360.   2.889660E-5            0.
        5370.   2.752056E-5            0.
        5380.   2.614480E-5            0.
        5390.   2.752070E-5            0.
        5400.   2.752056E-5            0.
        5410.   2.614480E-5            0.
        5420.   2.752070E-5            0.
        5430.   2.752070E-5            0.
        5440.   2.752070E-5            0.
        5450.   2.752056E-5            0.
        5460.   2.614453E-5            0.
        5470.   2.476891E-5            0.
        5480.   2.752070E-5            0.
        5490.   2.752056E-5            0.
        5500.   2.614466E-5            0.
        5510.   2.614453E-5            0.
        5520.   2.476891E-5            0.
        5530.   2.752056E-5            0.
        5540.   2.614466E-5            0.
        5550.   2.614480E-5            0.
        5560.   2.752056E-5            0.
        5570.   2.614453E-5            0.
        5580.   2.476863E-5            0.
        5590.   2.476877E-5            0.
        5600.   2.614439E-5            0.
        5610.   2.339287E-5            0.
        5620.   2.614453E-5            0.
        5630.   2.476863E-5            0.
        5640.   2.476877E-5            0.
        5650.   2.614453E-5            0.
        5660.   2.476863E-5            0.
        5670.   2.476863E-5            0.
        5680.   2.476835E-5            0.
        5690.   2.201711E-5            0.
        5700.   2.614466E-5            0.
        5710.   2.614466E-5            0.
        5720.   2.614411E-5            0.
        5730.   2.201656E-5            0.
        5740.   2.201711E-5            0.
        5750.   2.614453E-5            0.
        5760.   2.476877E-5            0.
        5770.   2.614439E-5            0.
        5780.   2.339259E-5            0.
        5790.   2.339273E-5            0.
        5800.   2.476877E-5            0.
        5810.   2.614439E-5            0.
        5820.   2.339273E-5            0.
        5830.   2.476863E-5            0.
        5840.   2.476849E-5            0.
        5850.   2.339273E-5            0.
        5860.   2.476863E-5            0.
        5870.   2.476863E-5            0.
        5880.   2.476877E-5            0.
        5890.   2.614453E-5            0.
        5900.   2.476849E-5            0.
        5910.   2.339273E-5            0.
        5920.   2.476877E-5            0.
        5930.   2.614453E-5            0.
        5940.   2.476863E-5            0.
        5950.   2.476877E-5            0.
        5960.   2.614466E-5            0.
        5970.   2.614453E-5            0.
        5980.   2.476849E-5            0.
        5990.   2.339273E-5            0.
        6000.   2.476877E-5            0.
        6010.   2.614466E-5            0.
        6020.   2.614453E-5            0.
        6030.   2.339259E-5            0.
        6040.   2.339273E-5            0.
        6050.   2.476849E-5            0.
        6060.   2.339259E-5            0.
        6070.   2.339273E-5            0.
        6080.   2.476877E-5            0.
        6090.   2.614439E-5            0.
        6100.   2.201683E-5            0.
        6110.   2.614453E-5            0.
        6120.   2.476849E-5            0.
        6130.   2.339259E-5            0.
        6140.   2.339259E-5            0.
        6150.   2.339259E-5            0.
        6160.   2.339273E-5            0.
        6170.   2.476863E-5            0.
        6180.   2.476849E-5            0.
        6190.   2.339259E-5            0.
        6200.   2.339259E-5            0.
        6210.   2.339246E-5            0.
        6220.   2.201670E-5            0.
        6230.   2.339259E-5            0.
        6240.   2.339246E-5            0.
        6250.   2.201670E-5            0.
        6260.   2.476849E-5            0.
        6270.   2.201670E-5            0.
        6280.   2.339259E-5            0.
        6290.   2.339246E-5            0.
        6300.   2.201642E-5            0.
        6310.   2.064080E-5            0.
        6320.   2.476849E-5            0.
        6330.   2.339259E-5            0.
        6340.   2.339246E-5            0.
        6350.   2.201656E-5            0.
        6360.   2.201656E-5            0.
        6370.   2.201670E-5            0.
        6380.   2.339246E-5            0.
        6390.   2.201670E-5            0.
        6400.   2.339246E-5            0.
        6410.   2.201656E-5            0.
        6420.   2.201670E-5            0.
        6430.   2.339259E-5            0.
        6440.   2.339259E-5            0.
        6450.   2.339246E-5            0.
        6460.   2.201670E-5            0.
        6470.   2.339259E-5            0.
        6480.   2.339246E-5            0.
        6490.   2.201670E-5            0.
        6500.   2.339273E-5            0.
        6510.   2.476849E-5            0.
        6520.   2.201670E-5            0.
        6530.   2.339246E-5            0.
        6540.   2.201656E-5            0.
        6550.   2.201656E-5            0.
        6560.   2.201670E-5            0.
        6570.   2.339273E-5            0.
        6580.   2.476877E-5            0.
        6590.   2.614453E-5            0.
        6600.   2.339259E-5            0.
        6610.   2.339246E-5            0.
        6620.   2.201670E-5            0.
        6630.   2.339259E-5            0.
        6640.   2.339259E-5            0.
        6650.   2.339246E-5            0.
        6660.   2.064066E-5            0.
        6670.   2.339259E-5            0.
        6680.   2.339259E-5            0.
        6690.   2.339259E-5            0.
        6700.   2.339259E-5            0.
        6710.   2.339259E-5            0.
        6720.   2.339259E-5            0.
        6730.   2.339273E-5            0.
        6740.   2.476863E-5            0.
        6750.   2.476849E-5            0.
        6760.   2.201670E-5            0.
        6770.   2.339259E-5            0.
        6780.   2.339246E-5            0.
        6790.   2.201670E-5            0.
        6800.   2.476849E-5            0.
        6810.   2.339273E-5            0.
        6820.   2.476849E-5            0.
        6830.   2.339259E-5            0.
        6840.   2.339273E-5            0.
        6850.   2.476863E-5            0.
        6860.   2.476849E-5            0.
        6870.   2.339259E-5            0.
        6880.   2.339246E-5            0.
        6890.   2.201670E-5            0.
        6900.   2.339259E-5            0.
        6910.   2.339259E-5            0.
        6920.   2.339259E-5            0.
        6930.   2.339273E-5            0.
        6940.   2.476863E-5            0.
        6950.   2.476877E-5            0.
        6960.   2.614453E-5            0.
        6970.   2.476863E-5            0.
        6980.   2.476863E-5            0.
        6990.   2.476863E-5            0.
        7000.   2.476863E-5            0.
        7010.   2.476877E-5            0.
        7020.   2.614453E-5            0.
        7030.   2.339259E-5            0.
        7040.   2.339273E-5            0.
        7050.   2.614453E-5            0.
        7060.   2.476863E-5            0.
        7070.   2.476863E-5            0.
        7080.   2.476863E-5            0.
        7090.   2.476877E-5            0.
        7100.   2.614453E-5            0.
        7110.   2.476877E-5            0.
        7120.   2.614466E-5            0.
        7130.   2.614453E-5            0.
        7140.   2.476877E-5            0.
        7150.   2.614453E-5            0.
        7160.   2.476877E-5            0.
        7170.   2.614466E-5            0.
        7180.   2.614466E-5            0.
        7190.   2.614453E-5            0.
        7200.   2.476877E-5            0.
        7210.   2.614453E-5            0.
        7220.   2.476863E-5            0.
        7230.   2.476877E-5            0.
        7240.   2.752056E-5            0.
        7250.   2.614466E-5            0.
        7260.   2.614480E-5            0.
        7270.   2.752056E-5            0.
        7280.   2.614466E-5            0.
        7290.   2.614466E-5            0.
        7300.   2.614480E-5            0.
        7310.   2.752084E-5            0.
        7320.   2.889673E-5            0.
        7330.   2.889660E-5            0.
        7340.   2.752070E-5            0.
        7350.   2.752070E-5            0.
        7360.   2.752070E-5            0.
        7370.   2.752084E-5            0.
        7380.   2.889673E-5            0.
        7390.   2.889673E-5            0.
        7400.   2.889673E-5            0.
        7410.   2.889687E-5            0.
        7420.   3.027263E-5            0.
        7430.   2.889687E-5            0.
        7440.   3.027263E-5            0.
        7450.   2.889687E-5            0.
        7460.   3.027263E-5            0.
        7470.   2.889687E-5            0.
        7480.   3.027277E-5            0.
        7490.   3.027291E-5            0.
        7500.   3.164880E-5            0.
        7510.   3.164880E-5            0.
        7520.   3.164880E-5            0.
        7530.   3.164894E-5            0.
        7540.   3.302470E-5            0.
        7550.   3.164880E-5            0.
        7560.   3.164894E-5            0.
        7570.   3.302484E-5            0.
        7580.   3.302484E-5            0.
        7590.   3.302484E-5            0.
        7600.   3.302498E-5            0.
        7610.   3.440087E-5            0.
        7620.   3.440073E-5            0.
        7630.   3.302511E-5            0.
        7640.   3.715281E-5            0.
        7650.   3.577677E-5            0.
        7660.   3.440101E-5            0.
        7670.   3.577677E-5            0.
        7680.   3.440101E-5            0.
        7690.   3.715295E-5            0.
        7700.   3.715295E-5            0.
        7710.   3.715295E-5            0.
        7720.   3.715295E-5            0.
        7730.   3.715308E-5            0.
        7740.   3.852898E-5            0.
        7750.   3.852912E-5            0.
        7760.   3.990502E-5            0.
        7770.   3.990488E-5            0.
        7780.   3.852898E-5            0.
        7790.   3.852912E-5            0.
        7800.   4.128091E-5            0.
        7810.   3.990515E-5            0.
        7820.   4.128105E-5            0.
        7830.   4.128119E-5            0.
        7840.   4.265708E-5            0.
        7850.   4.265722E-5            0.
        7860.   4.540902E-5            0.
        7870.   4.265722E-5            0.
        7880.   4.403326E-5            0.
        7890.   4.678505E-5            0.
        7900.   4.540915E-5            0.
        7910.   4.540929E-5            0.
        7920.   4.678532E-5            0.
        7930.   4.816123E-5            0.
        7940.   4.816123E-5            0.
        7950.   4.816136E-5            0.
        7960.   5.091316E-5            0.
        7970.   4.816123E-5            0.
        7980.   4.816108E-5            0.
        7990.   4.678547E-5            0.
        8000.   5.228947E-5            0.
        8010.   5.504126E-5            0.
        8020.   5.228933E-5            0.
        8030.   5.228947E-5            0.
        8040.   5.366550E-5            0.
        8050.   5.504154E-5            0.
        8060.   5.641730E-5            0.
        8070.   5.504154E-5            0.
        8080.   5.641757E-5            0.
        8090.   5.916937E-5            0.
        8100.   5.641771E-5            0.
        8110.   6.054540E-5            0.
        8120.   5.916964E-5            0.
        8130.   6.054567E-5            0.
        8140.   6.192157E-5            0.
        8150.   6.192130E-5            0.
        8160.   5.779374E-5            0.
        8170.   6.192171E-5            0.
        8180.   6.329761E-5            0.
        8190.   6.329775E-5            0.
        8200.   6.467351E-5            0.
        8210.   6.329775E-5            0.
        8220.   6.467378E-5            0.
        8230.   6.742586E-5            0.
        8240.   7.017764E-5            0.
        8250.   6.742586E-5            0.
        8260.   6.880188E-5            0.
        8270.   7.017792E-5            0.
        8280.   7.155382E-5            0.
        8290.   7.155396E-5            0.
        8300.   7.430575E-5            0.
        8310.   7.155368E-5            0.
        8320.   7.017806E-5            0.
        8330.   7.430575E-5            0.
        8340.   7.292999E-5            0.
        8350.   7.430602E-5            0.
        8360.   7.568206E-5            0.
        8370.   7.843386E-5            0.
        8380.   7.705810E-5            0.
        8390.   7.981017E-5            0.
        8400.   8.118593E-5            0.
        8410.   7.981017E-5            0.
        8420.   8.118593E-5            0.
        8430.   7.980989E-5            0.
        8440.   7.843413E-5            0.
        8450.   8.118607E-5            0.
        8460.   8.118593E-5            0.
        8470.   7.843413E-5            0.
        8480.   7.980989E-5            0.
        8490.   7.843537E-5            0.
        8500.   1.004505E-4            0.
        8510.   1.059547E-4            0.
        8520.   9.769849E-5            0.
        8530.   8.806624E-5            0.
        8540.   9.907452E-5            0.
        8550.   9.219434E-5            0.
        8560.   1.018266E-4            0.
        8570.   9.769849E-5            0.
        8580.   9.769849E-5            0.
        8590.   1.059547E-4            0.
        8600.   1.197150E-4            0.
        8610.   1.128349E-4            0.
        8620.   1.073307E-4            0.
        8630.   1.073307E-4            0.
        8640.   1.045787E-4            0.
        8650.   1.197150E-4            0.
        8660.   1.155869E-4            0.
        8670.   1.100828E-4            0.
        8680.   1.087068E-4            0.
        8690.   8.806624E-5            0.
        8700.   1.059547E-4            0.
        8710.   9.907452E-5            0.
        8720.   8.944227E-5            0.
        8730.   8.669020E-5            0.
        8740.   1.114588E-4            0.
        8750.   1.100828E-4            0.
        8760.   1.018266E-4            0.
        8770.   9.219434E-5            0.
        8780.   9.219434E-5            0.
        8790.   1.018266E-4            0.
        8800.   1.032026E-4            0.
        8810.   1.004505E-4            0.
        8820.   9.081831E-5            0.
        8830.   9.081831E-5            0.
        8840.   9.769849E-5            0.
        8850.   1.045787E-4            0.
        8860.   1.018266E-4            0.
        8870.   1.018266E-4            0.
        8880.   1.004505E-4            0.
        8890.   1.018266E-4            0.
        8900.   1.087068E-4            0.
        8910.   1.114588E-4            0.
        8920.   1.004505E-4            0.
        8930.   9.907452E-5            0.
        8940.   9.907452E-5            0.
        8950.   1.032026E-4            0.
        8960.   9.907452E-5            0.
        8970.   1.004505E-4            0.
        8980.   1.059547E-4            0.
        8990.   1.045787E-4            0.
        9000.   1.018266E-4            0.
        9010.   1.018266E-4            0.
        9020.   9.907452E-5            0.
        9030.   1.073307E-4            0.
        9040.   9.907452E-5            0.
        9050.   1.004505E-4            0.
        9060.   9.769849E-5            0.
        9070.   9.769849E-5            0.
        9080.   9.494642E-5            0.
        9090.   9.632245E-5            0.
        9100.   9.632245E-5            0.
        9110.   9.907452E-5            0.
        9120.   9.907452E-5            0.
        9130.   9.357038E-5            0.
        9140.   9.081831E-5            0.
        9150.   9.494642E-5            0.
        9160.   9.907452E-5            0.
        9170.   9.769849E-5            0.
        9180.   9.632245E-5            0.
        9190.   9.494642E-5            0.
        9200.   9.632245E-5            0.
        9210.   9.219434E-5            0.
        9220.   9.357038E-5            0.
        9230.   9.494642E-5            0.
        9240.   9.219434E-5            0.
        9250.   9.219434E-5            0.
        9260.   9.494642E-5            0.
        9270.   9.357038E-5            0.
        9280.   9.907452E-5            0.
        9290.   1.018266E-4            0.
        9300.   9.357038E-5            0.
        9310.   9.357038E-5            0.
        9320.   9.494642E-5            0.
        9330.   8.944227E-5            0.
        9340.   8.531417E-5            0.
        9350.   8.118607E-5            0.
        9360.   8.531417E-5            0.
        9370.   8.669020E-5            0.
        9380.   9.081831E-5            0.
        9390.   8.944227E-5            0.
        9400.   9.632245E-5            0.
        9410.   8.531417E-5            0.
        9420.   8.806624E-5            0.
        9430.   8.531417E-5            0.
        9440.   8.806624E-5            0.
        9450.   8.669020E-5            0.
        9460.   8.669020E-5            0.
        9470.   8.531417E-5            0.
        9480.   8.944227E-5            0.
        9490.   8.669020E-5            0.
        9500.   8.944227E-5            0.
        9510.   8.944227E-5            0.
        9520.   8.944227E-5            0.
        9530.   8.669020E-5            0.
        9540.   8.806624E-5            0.
        9550.   8.393813E-5            0.
        9560.   8.531417E-5            0.
        9570.   9.081831E-5            0.
        9580.   8.531417E-5            0.
        9590.   8.118607E-5            0.
        9600.   8.393813E-5            0.
        9610.   8.531417E-5            0.
        9620.   8.531417E-5            0.
        9630.   8.669020E-5            0.
        9640.   9.081831E-5            0.
        9650.   8.256210E-5            0.
        9660.   7.981003E-5            0.
        9670.   8.256210E-5            0.
        9680.   7.843399E-5            0.
        9690.   7.430589E-5            0.
        9700.   8.118607E-5            0.
        9710.   8.256210E-5            0.
        9720.   7.843399E-5            0.
        9730.   7.705796E-5            0.
        9740.   7.843399E-5            0.
        9750.   7.705796E-5            0.
        9760.   7.568192E-5            0.
        9770.   7.981003E-5            0.
        9780.   7.568192E-5            0.
        9790.   7.568192E-5            0.
        9800.   7.568192E-5            0.
        9810.   7.430589E-5            0.
        9820.   7.981003E-5            0.
        9830.   7.155382E-5            0.
        9840.   7.843399E-5            0.
        9850.   7.568192E-5            0.
        9860.   8.256210E-5            0.
        9870.   7.981003E-5            0.
        9880.   7.568192E-5            0.
        9890.   7.430589E-5            0.
        9900.   7.430589E-5            0.
        9910.   8.118607E-5            0.
        9920.   7.705796E-5            0.
        9930.   7.705796E-5            0.
        9940.   7.568192E-5            0.
        9950.   7.705796E-5            0.
        9960.   8.256210E-5            0.
        9970.   8.393813E-5            0.
        9980.   7.705796E-5            0.
        9990.   7.568192E-5            0.
       10000.   7.430589E-5            0.
       10010.   7.292986E-5            0.
       10020.   6.880175E-5            0.
       10030.   7.292986E-5            0.
       10040.   7.568192E-5            0.
       10050.   7.155382E-5            0.
       10060.   6.742571E-5            0.
       10070.   7.568192E-5            0.
       10080.   7.155382E-5            0.
       10090.   7.155382E-5            0.
       10100.   7.017778E-5            0.
       10110.   6.467364E-5            0.
       10120.   6.604968E-5            0.
       10130.   6.054554E-5            0.
       10140.   6.329761E-5            0.
       10150.   6.604968E-5            0.
       10160.   6.742571E-5            0.
       10170.   7.017778E-5            0.
       10180.   7.017778E-5            0.
       10190.   6.192157E-5            0.
       10200.   6.192157E-5            0.
       10210.   6.604968E-5            0.
       10220.   6.742571E-5            0.
       10230.   7.017778E-5            0.
       10240.   7.981003E-5            0.
       10250.   6.880175E-5            0.
       10260.   6.742571E-5            0.
       10270.   6.604968E-5            0.
       10280.   6.467364E-5            0.
       10290.   6.742571E-5            0.
       10300.   6.467364E-5            0.
       10310.   6.742571E-5            0.
       10320.   6.329761E-5            0.
       10330.   6.604968E-5            0.
       10340.   5.916950E-5            0.
       10350.   6.604968E-5            0.
       10360.   7.155382E-5            0.
       10370.   6.880175E-5            0.
       10380.   5.916950E-5            0.
       10390.   6.604968E-5            0.
       10400.   6.329761E-5            0.
       10410.   6.742571E-5            0.
       10420.   6.742571E-5            0.
       10430.   6.329761E-5            0.
       10440.   6.467364E-5            0.
       10450.   6.054554E-5            0.
       10460.   6.604968E-5            0.
       10470.   6.467364E-5            0.
       10480.   6.467364E-5            0.
       10490.   6.054554E-5            0.
       10500.   6.054554E-5            0.
       10510.   5.641743E-5            0.
       10520.   6.192157E-5            0.
       10530.   6.054554E-5            0.
       10540.   6.192157E-5            0.
       10550.   5.779347E-5            0.
       10560.   5.916950E-5            0.
       10570.   5.779347E-5            0.
       10580.   6.054554E-5            0.
       10590.   6.329761E-5            0.
       10600.   6.192157E-5            0.
       10610.   6.054554E-5            0.
       10620.   6.054554E-5            0.
       10630.   6.054554E-5            0.
       10640.   6.329761E-5            0.
       10650.   5.916950E-5            0.
       10660.   5.641743E-5            0.
       10670.   6.054554E-5            0.
       10680.   6.192157E-5            0.
       10690.   5.916950E-5            0.
       10700.   6.604968E-5            0.
       10710.   5.641743E-5            0.
       10720.   5.366536E-5            0.
       10730.   5.641743E-5            0.
       10740.   5.916950E-5            0.
       10750.   5.916950E-5            0.
       10760.   5.916950E-5            0.
       10770.   5.641743E-5            0.
       10780.   5.641743E-5            0.
       10790.   6.329761E-5            0.
       10800.   6.192157E-5            0.
       10810.   5.779347E-5            0.
       10820.   5.641743E-5            0.
       10830.   6.054554E-5            0.
       10840.   6.329761E-5            0.
       10850.   6.329761E-5            0.
       10860.   5.504140E-5            0.
       10870.   4.953726E-5            0.
       10880.   5.916950E-5            0.
       10890.   6.054554E-5            0.
       10900.   6.192157E-5            0.
       10910.   5.366536E-5            0.
       10920.   5.641743E-5            0.
       10930.   5.366536E-5            0.
       10940.   5.228933E-5            0.
       10950.   5.504140E-5            0.
       10960.   5.916950E-5            0.
       10970.   5.504140E-5            0.
       10980.   5.641743E-5            0.
       10990.   5.228933E-5            0.
       11000.   5.366536E-5            0.
