        1850.   3.334152E-7         1860.
        1870.   7.036305E-7         1880.
        1890.   1.101894E-5         1900.
        1910.   3.334152E-7         1920.
        1930.   1.637552E-5         1940.
        1950.   8.788791E-5         1960.
        1970.   1.327545E-5         1980.
        1990.   4.569960E-7         2000.
        2010.   2.747881E-6         2020.
        2030.   7.834519E-7         2040.
        2050.   2.549646E-5         2060.
        2070.   8.890018E-6         2080.
        2090.   4.100732E-6         2100.
        2110.   3.334152E-7         2120.
        2130.   3.622015E-7         2140.
        2150.   1.051281E-5         2160.
        2170.   3.334152E-7         2180.
        2190.   3.725351E-7         2200.
        2210.   3.334152E-7         2220.
        2230.   3.860319E-6         2240.
        2250.   1.044954E-6         2260.
        2270.   7.939963E-6         2280.
        2290.   3.334152E-7         2300.
        2310.   3.334152E-7         2320.
        2330.   6.162171E-7         2340.
        2350.   1.207338E-6         2360.
        2370.   4.821972E-7         2380.
        2390.   2.096235E-6         2400.
        2410.   5.166775E-6         2420.
        2430.   4.702820E-6         2440.
        2450.   9.339210E-7         2460.
        2470.   3.334152E-7         2480.
        2490.   3.232925E-6         2500.
        2510.   3.905660E-7         2520.
        2530.   2.433657E-6         2540.
        2550.   3.334152E-7         2560.
        2570.   4.474006E-6         2580.
        2590.   1.180977E-6         2600.
        2610.   1.974973E-6         2620.
        2630.   1.229482E-6         2640.
        2650.   1.207338E-6         2660.
        2670.   1.991845E-6         2680.
        2690.   1.668130E-6         2700.
        2710.   4.513020E-6         2720.
        2730.   3.334152E-7         2740.
        2750.   1.480439E-6         2760.
        2770.   1.580611E-6         2780.
        2790.   9.042911E-7         2800.
        2810.   3.604089E-7         2820.
        2830.   4.708093E-6         2840.
        2850.   5.096128E-7         2860.
        2870.   4.483496E-7         2880.
        2890.   5.921758E-7         2900.
        2910.   3.334152E-7         2920.
        2930.   6.336154E-7         2940.
        2950.   9.091415E-6         2960.
        2970.   2.369336E-6         2980.
        2990.   3.334152E-7         3000.
        3010.   4.748161E-6         3020.
        3030.   3.334152E-7         3040.
        3050.   2.025587E-6         3060.
        3070.   3.824468E-6         3080.
        3090.   9.415130E-6         3100.
        3110.   3.334152E-7         3120.
        3130.   6.448979E-7         3140.
        3150.   3.334152E-7         3160.
        3170.   1.042845E-5         3180.
        3190.   3.997397E-6         3200.
        3210.   6.070434E-7         3220.
        3230.   3.295137E-6         3240.
        3250.   3.418507E-7         3260.
        3270.   5.959718E-7         3280.
        3290.   3.454358E-7         3300.
        3310.   3.334152E-7         3320.
        3330.   5.754101E-6         3340.
        3350.   3.575620E-6         3360.
        3370.   9.867487E-7         3380.
        3390.   3.539768E-7         3400.
        3410.   5.273274E-6         3420.
        3430.   4.174543E-6         3440.
        3450.   2.593932E-6         3460.
        3470.   2.631892E-6         3480.
        3490.   4.311621E-7         3500.
        3510.   1.838950E-6         3520.
        3530.   3.334152E-7         3540.
        3550.   1.971810E-6         3560.
        3570.   1.145126E-6         3580.
        3590.   9.662924E-7         3600.
        3610.   3.695826E-6         3620.
        3630.   2.006607E-6         3640.
        3650.   3.734841E-7         3660.
        3670.   6.406801E-6         3680.
        3690.   9.345537E-6         3700.
        3710.   1.066043E-5         3720.
        3730.   1.423499E-5         3740.
        3750.   1.346525E-5         3760.
        3770.   1.587993E-5         3780.
        3790.   1.902217E-5         3800.
        3810.   2.921864E-5         3820.
        3830.   3.024145E-5         3840.
        3850.   2.514849E-5         3860.
        3870.   2.393588E-5         3880.
        3890.   2.584442E-5         3900.
        3910.   3.857156E-5         3920.
        3930.   5.101400E-5         3940.
        3950.   3.218163E-5         3960.
        3970.   2.356682E-5         3980.
        3990.   3.032581E-5         4000.
        4010.   3.769637E-5         4020.
        4030.   4.292641E-6         4040.
        4050.   1.281149E-6         4060.
        4070.   1.178868E-6         4080.
        4090.   1.837896E-6         4100.
        4110.   1.595374E-6         4120.
        4130.   6.558641E-7         4140.
        4150.   4.621628E-7         4160.
        4170.   1.795718E-6         4180.
        4190.   3.334152E-7         4200.
        4210.   9.863269E-7         4220.
        4230.   3.334152E-7         4240.
        4250.   4.016377E-7         4260.
        4270.   3.334152E-7         4280.
        4290.   3.334152E-7         4300.
        4310.   3.334152E-7         4320.
        4330.   3.334152E-7         4340.
        4350.   3.334152E-7         4360.
        4370.   3.334152E-7         4380.
        4390.   6.694665E-7         4400.
        4410.   1.354960E-5         4420.
        4430.   2.594987E-5         4440.
        4450.   1.577448E-5         4460.
        4470.   3.230816E-6         4480.
        4490.   9.324448E-7         4500.
        4510.   4.103896E-7         4520.
        4530.   3.334152E-7         4540.
        4550.   3.334152E-7         4560.
        4570.   3.334152E-7         4580.
        4590.   5.899614E-7         4600.
        4610.   3.644158E-7         4620.
        4630.   1.873747E-6         4640.
        4650.   3.334152E-7         4660.
        4670.   9.881195E-7         4680.
        4690.   8.070714E-7         4700.
        4710.   4.824081E-7         4720.
        4730.   6.106285E-7         4740.
        4750.   7.839791E-7         4760.
        4770.   7.789178E-7         4780.
        4790.   2.636110E-6         4800.
        4810.   4.074372E-6         4820.
        4830.   1.227373E-5         4840.
        4850.   3.090575E-5         4860.
        4870.   6.619799E-5         4880.
        4890.   8.720251E-5         4900.
        4910.   9.415130E-5         4920.
        4930.   1.566904E-4         4950.
        4952.   3.760147E-4         4954.
        4956.   4.612138E-4         4958.
        4960.   6.525954E-4         4962.
        4964.   8.815152E-4         4966.
        4968.   0.001260061         4970.
        4972.   0.001703981         4974.
        4976.   0.002251238         4978.
        4980.   0.003073704         4982.
        4984.   0.004021649         4986.
        4988.   0.005330214         4990.
        4992.    0.00699729         4994.
        4996.    0.00893114         4998.
        5000.    0.01131418         5002.
        5004.    0.01447752         5006.
        5008.    0.01789391         5010.
        5012.    0.02216441         5014.
        5016.    0.02732064         5018.
        5020.    0.03310954         5022.
        5024.    0.03990016         5026.
        5028.    0.04767141         5030.
        5032.    0.05636003         5034.
        5036.    0.06620853         5038.
        5040.    0.07713258         5042.
        5044.    0.08878418         5046.
        5048.     0.1016168         5050.
        5052.     0.1152507         5054.
        5056.      0.129802         5058.
        5060.     0.1446697         5062.
        5064.     0.1614354         5066.
        5068.     0.1788337         5070.
        5072.     0.1967592         5074.
        5076.     0.2156338         5078.
        5080.     0.2346138         5082.
        5084.     0.2544373         5086.
        5088.     0.2741554         5090.
        5092.     0.2948225         5094.
        5096.     0.3148569         5098.
        5100.     0.3352077         5102.
        5104.     0.3560857         5106.
        5108.     0.3759093         5110.
        5112.     0.3954165         5114.
        5116.     0.4155564         5118.
        5120.     0.4354853         5122.
        5124.     0.4554143         5126.
        5128.     0.4739726         5130.
        5132.     0.4922144         5134.
        5136.     0.5105618         5138.
        5140.     0.5284873         5142.
        5144.     0.5456747         5146.
        5148.     0.5622296         5150.
        5152.     0.5785733         5154.
        5156.     0.5948119         5158.
        5160.     0.6092577         5162.
        5164.     0.6244417         5166.
        5168.     0.6378332         5170.
        5172.     0.6518573         5174.
        5176.     0.6650378         5178.
        5180.     0.6770585         5182.
        5184.     0.6893955         5186.
        5188.     0.7017325         5190.
        5192.      0.713015         5194.
        5196.     0.7240866         5198.
        5200.     0.7349474         5202.
        5204.     0.7450701         5206.
        5208.      0.754771         5210.
        5212.     0.7638392         5214.
        5216.      0.772802         5218.
        5220.     0.7811321         5222.
        5224.     0.7895676         5226.
        5228.     0.7981086         5230.
        5232.     0.8057007         5234.
        5236.     0.8128709         5238.
        5240.     0.8206737         5242.
        5244.     0.8275276         5246.
        5248.     0.8331162         5250.
        5252.     0.8397592         5254.
        5256.     0.8455586         5258.
        5260.     0.8513581         5262.
        5264.     0.8563139         5266.
        5268.     0.8620079         5270.
        5272.     0.8660148         5274.
        5276.     0.8701272         5278.
        5280.     0.8753994         5282.
        5284.       0.87909         5286.
        5288.      0.881726         5290.
        5292.     0.8863656         5294.
        5296.     0.8897398         5298.
        5300.     0.8922704         5302.
        5304.     0.8957502         5306.
        5308.     0.8977536         5310.
        5312.     0.8996516         5314.
        5316.     0.9015496         5318.
        5320.     0.9041857         5322.
        5324.     0.9062946         5326.
        5328.     0.9072436         5330.
        5332.     0.9081926         5334.
        5336.     0.9094579         5338.
        5340.     0.9100906         5342.
        5344.     0.9106178         5346.
        5348.     0.9119886         5350.
        5352.     0.9117777         5354.
        5356.     0.9116722         5358.
        5360.     0.9133593         5362.
        5364.     0.9127267         5366.
        5368.     0.9126212         5370.
        5372.     0.9116722         5374.
        5376.     0.9124104         5378.
        5380.     0.9128321         5382.
        5384.     0.9123049         5386.
        5388.     0.9114614         5390.
        5392.     0.9116722         5394.
        5396.     0.9113559         5398.
        5400.     0.9120941         5402.
        5404.     0.9106178         5406.
        5408.     0.9117777         5410.
        5412.     0.9103015         5414.
        5416.     0.9098797         5418.
        5420.     0.9103015         5422.
        5424.     0.9097742         5426.
        5428.     0.9089307         5430.
        5432.     0.9086143         5434.
        5436.     0.9084035         5438.
        5440.     0.9076654         5442.
        5444.     0.9076654         5446.
        5448.     0.9069272         5450.
        5452.     0.9066109         5454.
        5456.     0.9061891         5458.
        5460.      0.905451         5462.
        5464.     0.9057674         5466.
        5468.     0.9047129         5470.
        5472.     0.9059783         5474.
        5476.     0.9047129         5478.
        5480.     0.9031313         5482.
        5484.     0.9037639         5486.
        5488.     0.9019714         5490.
        5492.     0.9021822         5494.
        5496.     0.9017605         5498.
        5500.     0.9008115         5502.
        5504.     0.9007061         5506.
        5508.     0.8981754         5510.
        5512.     0.8981754         5514.
        5516.     0.8974373         5518.
        5520.       0.89691         5522.
        5524.      0.895012         5526.
        5528.     0.8935358         5530.
        5532.     0.8930086         5534.
        5536.     0.8920596         5538.
        5540.     0.8896344         5542.
        5544.     0.8897398         5546.
        5548.      0.886471         5550.
        5552.     0.8848894         5554.
        5556.     0.8842567         5558.
        5560.     0.8830968         5562.
        5564.     0.8810934         5566.
        5568.     0.8783518         5570.
        5572.     0.8756102         5574.
        5576.     0.8744504         5578.
        5580.      0.872236         5582.
        5584.      0.870549         5586.
        5588.       0.86844         5590.
        5592.      0.866542         5594.
        5596.     0.8648549         5598.
        5600.     0.8622189         5602.
        5604.     0.8603209         5606.
        5608.     0.8580011         5610.
        5612.     0.8552595         5614.
        5616.     0.8535724         5618.
        5620.     0.8507254         5622.
        5624.      0.848511         5626.
        5628.     0.8459803         5630.
        5632.     0.8422898         5634.
        5636.     0.8404973         5638.
        5640.     0.8370176         5642.
        5644.     0.8354359         5646.
        5648.     0.8319563         5650.
        5652.     0.8301637         5654.
        5656.     0.8275276         5658.
        5660.     0.8242589         5662.
        5664.     0.8216227         5666.
        5668.     0.8182485         5670.
        5672.     0.8156124         5674.
        5676.     0.8130817         5678.
        5680.     0.8093912         5682.
        5684.     0.8055952         5686.
        5688.     0.8022209         5690.
        5692.     0.7987413         5694.
        5696.     0.7957889         5698.
        5700.     0.7949453         5702.
        5704.     0.7912548         5706.
        5708.     0.7871425         5710.
        5712.     0.7830301         5714.
        5716.     0.7786014         5718.
        5720.     0.7720639         5722.
        5724.     0.7670025         5726.
        5728.     0.7619412         5730.
        5732.     0.7550873         5734.
        5736.     0.7483389         5738.
        5740.      0.740536         5742.
        5744.     0.7326277         5746.
        5748.     0.7233486         5750.
        5752.     0.7134368         5754.
        5756.     0.7008889         5758.
        5760.     0.6901336         5762.
        5764.      0.676953         5766.
        5768.     0.6620854         5770.
        5772.     0.6455306         5774.
        5776.     0.6287649         5778.
        5780.     0.6099958         5782.
        5784.     0.5892233         5786.
        5788.     0.5688725         5790.
        5792.     0.5474674         5794.
        5796.     0.5232151         5798.
        5800.      0.499701         5802.
        5804.     0.4744998         5806.
        5808.     0.4487713         5810.
        5812.      0.423781         5814.
        5816.     0.3980526         5818.
        5820.     0.3722187         5822.
        5824.     0.3471229         5826.
        5828.     0.3226599         5830.
        5832.      0.298724         5834.
        5836.     0.2755262         5838.
        5840.     0.2539101         5842.
        5844.     0.2330321         5846.
        5848.     0.2137358         5850.
        5852.     0.1958102         5854.
        5856.     0.1784119         5858.
        5860.     0.1631225         5862.
        5864.     0.1484657         5866.
        5868.     0.1350743         5870.
        5872.     0.1228427         5874.
        5876.     0.1115602         5878.
        5880.     0.1012793         5882.
        5884.    0.09194751         5886.
        5888.    0.08356468         5890.
        5892.     0.0757618         5894.
        5896.    0.06854939         5898.
        5900.    0.06240199         5902.
        5904.    0.05653929         5906.
        5908.     0.0512987         5910.
        5912.    0.04665915         5914.
        5916.    0.04257845         5918.
        5920.    0.03872972         5922.
        5924.    0.03532387         5926.
        5928.    0.03230816         5930.
        5932.    0.02923973         5934.
        5936.    0.02666689         5938.
        5940.    0.02634001         5950.
        5960.    0.01698709         5970.
        5980.    0.01115602         5990.
        6000.   0.007447538         6010.
        6020.   0.005076093         6030.
        6040.   0.003516571         6050.
        6060.   0.002470562         6070.
        6080.   0.001765139         6090.
        6100.   0.001276932         6110.
        6120.   9.388769E-4         6130.
        6140.   6.978310E-4         6150.
        6160.   5.256403E-4         6170.
        6180.   4.003724E-4         6190.
        6200.   3.073704E-4         6210.
        6220.   2.390424E-4         6230.
        6240.   1.871638E-4         6250.
        6260.   1.485712E-4         6270.
        6280.   1.185195E-4         6290.
        6300.   9.517411E-5         6310.
        6320.   7.721694E-5         6330.
        6340.   6.314011E-5         6350.
        6360.   5.188919E-5         6370.
        6380.   4.315839E-5         6390.
        6400.   3.578783E-5         6410.
        6420.   2.968260E-5         6430.
        6440.   2.476889E-5         6450.
        6460.   2.074091E-5         6470.
        6480.   1.718744E-5         6490.
        6500.   1.436153E-5         6510.
        6520.   1.208393E-5         6530.
        6540.   1.028505E-5         6550.
        6560.   8.691781E-6         6570.
        6580.   7.504478E-6         6590.
        6600.   6.231764E-6         6610.
        6620.   5.298581E-6         6630.
        6640.   4.494040E-6         6650.
        6660.   3.835013E-6         6670.
        6680.   3.190748E-6         6690.
        6700.   2.718356E-6         6710.
        6720.   2.314504E-6         6730.
        6740.   2.101507E-6         6750.
        6760.   1.771466E-6         6770.
        6780.   1.584829E-6         6790.
        6800.   1.343362E-6         6810.
        6820.   1.269550E-6         6830.
        6840.   1.014902E-6         6850.
        6860.   1.007943E-6         6870.
        6880.   8.890017E-7         6890.
        6900.   7.711149E-7         6910.
        6920.   4.707038E-7         6930.
        6940.   5.715086E-7         6950.
        6960.   5.176265E-7         6970.
        6980.   5.772026E-7         6990.
        7000.   5.501034E-7         7010.
        7020.   5.606478E-7         7030.
        7040.   4.018486E-7         7050.
        7060.   4.879967E-7         7070.
        7080.   3.334152E-7         7090.
        7100.   4.670132E-7         7110.
        7120.   3.334152E-7         7130.
        7140.   3.334152E-7         7150.
        7160.   4.138693E-7         7170.
        7180.   3.334152E-7         7190.
        7200.   3.334152E-7         7210.
        7220.   3.334152E-7         7230.
        7240.   3.334152E-7         7250.
        7260.   3.334152E-7         7270.
        7280.   3.334152E-7         7290.
        7300.   3.334152E-7         7310.
        7320.   3.334152E-7         7330.
        7340.   3.334152E-7         7350.
        7360.   3.334152E-7         7370.
        7380.   3.334152E-7         7390.
        7400.   3.334152E-7         7410.
        7420.   3.334152E-7         7430.
        7440.   3.334152E-7         7450.
        7460.   3.334152E-7         7470.
        7480.   3.334152E-7         7490.
        7500.   3.334152E-7         7510.
        7520.   3.968927E-7         7530.
        7540.   3.334152E-7         7550.
        7560.   3.334152E-7         7570.
        7580.   3.334152E-7         7590.
        7600.   4.138693E-7         7610.
        7620.   3.539768E-7         7630.
        7640.   6.353025E-7         7650.
        7660.   7.257738E-7         7670.
        7680.   5.682398E-7         7690.
        7700.   4.440263E-7         7710.
        7720.   3.334152E-7         7730.
        7740.   3.334152E-7         7750.
        7760.   4.426556E-7         7770.
        7780.   3.507081E-7         7790.
        7800.   1.328599E-6         7810.
        7820.   1.722961E-6         7830.
        7840.   2.725738E-6         7850.
        7860.   1.449860E-6         7870.
        7880.   1.971810E-6         7890.
        7900.   1.850549E-6         7910.
        7920.   8.184594E-7         7930.
        7940.   7.544546E-7         7950.
        7960.   9.716700E-7         7970.
        7980.   6.297140E-7         7990.
        8000.   8.780355E-7         8010.
        8020.   6.921370E-7         8030.
        8040.   9.748334E-6         8050.
        8060.   3.712697E-6         8070.
        8080.   2.254401E-6         8090.
        8100.   3.787563E-6         8110.
        8120.   5.600152E-6         8130.
        8140.   4.146073E-6         8150.
        8160.   2.271272E-6         8170.
        8180.   4.405467E-6         8190.
        8200.   3.520788E-6         8210.
        8220.   4.068045E-6         8230.
        8240.   1.063934E-5         8250.
        8260.   2.106779E-6         8270.
        8280.   3.910933E-6         8290.
        8300.   2.367227E-6         8310.
        8320.   5.979752E-6         8330.
        8340.   1.132473E-5         8350.
        8360.   4.076480E-6         8370.
        8380.   6.211729E-6         8390.
        8400.   3.672628E-6         8410.
        8420.   1.731397E-5         8430.
        8440.   1.476222E-6         8450.
        8460.   1.251625E-6         8470.
        8480.   4.911600E-6         8490.
        8500.   1.147235E-5         8510.
        8520.   7.695332E-6         8530.
        8540.   8.194084E-6         8550.
        8560.   2.179536E-6         8570.
        8580.   8.501981E-6         8590.
        8600.   1.661804E-6         8610.
        8620.   8.164560E-6         8630.
        8640.   9.220058E-7         8650.
        8660.   8.078096E-6         8670.
        8680.   5.716141E-6         8690.
        8700.   3.911987E-6         8710.
        8720.   1.057607E-5         8730.
        8740.   5.826857E-6         8750.
        8760.   7.144913E-6         8770.
        8780.   2.443147E-6         8790.
        8800.   1.659695E-5         8810.
        8820.   4.630063E-6         8830.
        8840.   5.777298E-6         8850.
        8860.   7.985304E-6         8870.
        8880.   3.797053E-6         8890.
        8900.   1.746159E-6         8910.
        8920.   1.334926E-5         8930.
        8940.   1.076587E-5         8950.
        8960.   9.140975E-6         8970.
        8980.   1.339144E-5         8990.
        9000.   7.593051E-6         9010.
        9020.   3.322553E-6         9030.
        9040.   5.966044E-6         9050.
        9060.   7.718530E-6         9070.
        9080.   2.985131E-6         9090.
        9100.   2.103616E-5         9110.
        9120.   1.317000E-5         9130.
        9140.   1.158834E-6         9150.
        9160.   2.991457E-6         9170.
        9180.   1.641769E-6         9190.
        9200.   6.231764E-6         9210.
        9220.   6.905553E-6         9230.
        9240.   1.215774E-5         9250.
        9260.   5.096128E-6         9270.
        9280.   1.633334E-6         9290.
        9300.   7.962107E-6         9310.
        9320.   4.571014E-6         9330.
        9340.   5.069767E-6         9350.
        9360.   1.627007E-6         9370.
        9380.   2.510631E-6         9390.
        9400.   1.546869E-6         9410.
        9420.   1.143017E-5         9430.
        9440.   5.425115E-6         9450.
        9460.   6.998344E-6         9470.
        9480.   9.206350E-6         9490.
        9500.   8.845731E-7         9510.
        9520.   9.057674E-6         9530.
        9540.   4.433937E-6         9550.
        9560.   5.855327E-6         9570.
        9580.   1.725070E-6         9590.
        9600.   1.608027E-6         9610.
        9620.   1.160943E-6         9630.
        9640.   1.002565E-5         9650.
        9660.   2.171100E-6         9670.
        9680.   7.777579E-6         9690.
        9700.   1.420336E-5         9710.
        9720.   5.843729E-6         9730.
        9740.   8.239425E-6         9750.
        9760.   3.531333E-7         9770.
        9780.   7.577235E-7         9790.
        9800.   6.525954E-6         9810.
        9820.   9.066109E-7         9830.
        9840.   3.502863E-6         9850.
        9860.   3.300410E-6         9870.
        9880.   1.040209E-5         9890.
        9900.   6.924533E-6         9910.
        9920.   2.757371E-6         9930.
        9940.   6.293976E-6         9950.
        9960.   1.699764E-6         9970.
        9980.   3.554531E-6         9990.
       10000.   1.309619E-6        10010.
       10020.   9.951842E-7        10030.
       10040.   1.483603E-6        10050.
       10060.   9.947625E-6        10070.
       10080.   1.170433E-5        10090.
       10100.   5.509470E-6        10110.
       10120.   9.770478E-7        10130.
       10140.   4.914763E-6        10150.
       10160.   1.608027E-5        10170.
       10180.   1.263224E-5        10190.
       10200.   7.150185E-6        10210.
       10220.   1.889563E-5        10230.
       10240.   1.108221E-6        10250.
       10260.   1.158834E-5        10270.
       10280.   6.444761E-6        10290.
       10300.   8.771919E-6        10310.
       10320.   1.759867E-6        10330.
       10340.   1.912761E-6        10350.
       10360.   5.120380E-6        10370.
       10380.   2.293416E-5        10390.
       10400.   1.303293E-5        10410.
       10420.   4.987520E-6        10430.
       10440.   1.366559E-5        10450.
       10460.   1.963375E-5        10470.
       10480.   1.795718E-5        10490.
       10500.   3.103229E-5        10510.
       10520.   3.018873E-5        10530.
       10540.   2.086745E-5        10550.
       10560.   1.945449E-5        10570.
       10580.   2.641382E-5        10590.
       10600.   2.578116E-5        10610.
       10620.   2.821692E-5        10630.
       10640.   2.935572E-5        10650.
       10660.   3.105338E-5        10670.
       10680.   3.319390E-5        10690.
       10700.   3.061051E-5        10710.
       10720.   3.066323E-5        10730.
       10740.   4.032193E-5        10750.
       10760.   3.731677E-5        10770.
       10780.   2.758425E-5        10790.
       10800.   3.960491E-5        10810.
       10820.   4.685949E-5        10830.
       10840.   4.160836E-5        10850.
       10860.   3.901443E-5        10870.
       10880.   3.897225E-5        10890.
       10900.   3.583001E-5        10910.
       10920.   4.180870E-5        10930.
       10940.   3.988962E-5        10950.
       10960.   4.327438E-5        10970.
       10980.   4.199850E-5        10990.
       11000.   4.580505E-5         INDEF
