        1850.   3.438266E-5         1860.
        1870.   2.159310E-5         1880.
        1890.   2.290369E-6         1900.
        1910.   6.034138E-7         1920.
        1930.   5.132994E-6         1940.
        1950.   2.560622E-6         1960.
        1970.   1.443457E-6         1980.
        1990.   3.100224E-6         2000.
        2010.   2.329235E-6         2020.
        2030.   1.704671E-6         2040.
        2050.   1.611574E-6         2060.
        2070.   1.927923E-6         2080.
        2090.   1.787826E-6         2100.
        2110.   1.459726E-6         2120.
        2130.   1.580843E-6         2140.
        2150.   1.425380E-6         2160.
        2170.   1.483227E-6         2180.
        2190.   1.682075E-6         2200.
        2210.   1.325052E-6         2220.
        2230.   1.325956E-6         2240.
        2250.   1.381995E-6         2260.
        2270.   1.052088E-6         2280.
        2290.   9.300671E-7         2300.
        2310.   6.851224E-7         2320.
        2330.   7.890657E-7         2340.
        2350.   1.568189E-6         2360.
        2370.   1.815845E-6         2380.
        2390.   2.024636E-6         2400.
        2410.   1.556439E-6         2420.
        2430.   1.522996E-6         2440.
        2450.   1.253647E-6         2460.
        2470.   1.306071E-6         2480.
        2490.   1.304263E-6         2500.
        2510.   1.378379E-6         2520.
        2530.   1.292513E-6         2540.
        2550.   1.043953E-6         2560.
        2570.   1.197608E-6         2580.
        2590.   1.291609E-6         2600.
        2610.   1.383802E-6         2620.
        2630.   1.475092E-6         2640.
        2650.   1.474188E-6         2660.
        2670.   1.334090E-6         2680.
        2690.   1.309686E-6         2700.
        2710.   1.291609E-6         2720.
        2730.   1.299744E-6         2740.
        2750.   1.222012E-6         2760.
        2770.   1.133435E-6         2780.
        2790.   1.023164E-6         2800.
        2810.   1.213878E-6         2820.
        2830.   9.824907E-7         2840.
        2850.   1.306975E-6         2860.
        2870.   1.218397E-6         2880.
        2890.   1.222012E-6         2900.
        2910.   1.099992E-6         2920.
        2930.   1.083723E-6         2940.
        2950.   1.135242E-6         2960.
        2970.   1.126204E-6         2980.
        2990.   1.099088E-6         3000.
        3010.   1.165973E-6         3020.
        3030.   1.068357E-6         3040.
        3050.   1.092761E-6         3060.
        3070.   1.069261E-6         3080.
        3090.   9.436250E-7         3100.
        3110.   9.662213E-7         3120.
        3130.   1.017741E-6         3140.
        3150.   1.138858E-6         3160.
        3170.   1.251840E-6         3180.
        3190.   1.312398E-6         3200.
        3210.   1.251840E-6         3220.
        3230.   1.068357E-6         3240.
        3250.   9.032227E-7         3260.
        3270.   8.376931E-7         3280.
        3290.   9.879139E-7         3300.
        3310.   1.102703E-6         3320.
        3330.   9.345864E-7         3340.
        3350.   7.392633E-7         3360.
        3370.   1.038530E-6         3380.
        3390.   1.393745E-6         3400.
        3410.   1.078299E-6         3420.
        3430.   1.165070E-6         3440.
        3450.   1.205743E-6         3460.
        3470.   1.155127E-6         3480.
        3490.   1.193089E-6         3500.
        3510.   1.162358E-6         3520.
        3530.   1.185858E-6         3540.
        3550.   1.072876E-6         3560.
        3570.   1.068357E-6         3580.
        3590.   1.165070E-6         3600.
        3610.   1.140665E-6         3620.
        3630.   1.150608E-6         3640.
        3650.   1.159646E-6         3660.
        3670.   1.220205E-6         3680.
        3690.   1.194897E-6         3700.
        3710.   1.142473E-6         3720.
        3730.   1.143377E-6         3740.
        3750.   1.144281E-6         3760.
        3770.   1.151512E-6         3780.
        3790.   1.165973E-6         3800.
        3810.   1.116261E-6         3820.
        3830.   1.132531E-6         3840.
        3850.   1.106319E-6         3860.
        3870.   1.128915E-6         3880.
        3890.   1.125300E-6         3900.
        3910.   1.189474E-6         3920.
        3930.   1.161454E-6         3940.
        3950.   1.178627E-6         3960.
        3970.   1.191281E-6         3980.
        3990.   1.243705E-6         4000.
        4010.   1.280763E-6         4020.
        4030.   1.274436E-6         4040.
        4050.   1.189474E-6         4060.
        4070.   1.161454E-6         4080.
        4090.   1.196704E-6         4100.
        4110.   1.217493E-6         4120.
        4130.   1.250936E-6         4140.
        4150.   1.273532E-6         4160.
        4170.   1.293417E-6         4180.
        4190.   1.415438E-6         4200.
        4210.   1.429899E-6         4220.
        4230.   1.316013E-6         4240.
        4250.   1.362110E-6         4260.
        4270.   1.246416E-6         4280.
        4290.   7.126899E-7         4300.
        4310.   2.857990E-7         4320.
        4330.   2.857990E-7         4340.
        4350.   2.857990E-7         4360.
        4370.   4.529219E-7         4380.
        4390.   2.580507E-6         4400.
        4410.   4.406294E-6         4420.
        4430.   3.991425E-6         4440.
        4450.   2.557007E-6         4460.
        4470.   1.766133E-6         4480.
        4490.   1.659478E-6         4500.
        4510.   1.708287E-6         4520.
        4530.   1.682979E-6         4540.
        4550.   1.849288E-6         4560.
        4570.   1.961366E-6         4580.
        4590.   1.896289E-6         4600.
        4610.   1.915269E-6         4620.
        4630.   2.098752E-6         4640.
        4650.   2.053559E-6         4660.
        4670.   1.840250E-6         4680.
        4690.   1.793249E-6         4700.
        4710.   1.898096E-6         4720.
        4730.   1.983059E-6         4740.
        4750.   2.021924E-6         4760.
        4770.   2.155695E-6         4780.
        4790.   2.353639E-6         4800.
        4810.   2.487410E-6         4820.
        4830.   2.379851E-6         4840.
        4850.   2.073444E-6         4860.
        4870.   1.871884E-6         4880.
        4890.   1.847480E-6         4900.
        4910.   2.043617E-6         4920.
        4930.   2.337370E-6         4940.
        4950.   2.447640E-6         4960.
        4970.   2.434986E-6         4980.
        4990.   2.461198E-6         5000.
        5010.   2.459390E-6         5020.
        5030.   2.292177E-6         5040.
        5050.   1.824884E-6         5060.
        5070.   1.415438E-6         5080.
        5090.   1.269917E-6         5100.
        5110.   1.192185E-6         5120.
        5130.   1.225628E-6         5140.
        5150.   1.331379E-6         5160.
        5170.   1.367533E-6         5180.
        5190.   1.313302E-6         5200.
        5210.   1.257263E-6         5220.
        5230.   1.201224E-6         5240.
        5250.   1.185858E-6         5260.
        5270.   1.177723E-6         5280.
        5290.   1.231955E-6         5300.
        5310.   1.277147E-6         5320.
        5330.   1.229243E-6         5340.
        5350.   1.176820E-6         5360.
        5370.   1.287994E-6         5380.
        5390.   1.478707E-6         5400.
        5410.   1.386514E-6         5420.
        5430.   1.190377E-6         5440.
        5450.   1.194897E-6         5460.
        5470.   1.251840E-6         5480.
        5490.   1.210262E-6         5500.
        5510.   1.214782E-6         5520.
        5530.   1.192185E-6         5540.
        5550.   1.137954E-6         5560.
        5570.   1.109934E-6         5580.
        5590.   1.144281E-6         5600.
        5610.   1.137050E-6         5620.
        5630.   1.149704E-6         5640.
        5650.   1.123492E-6         5660.
        5670.   1.208454E-6         5680.
        5690.   1.328667E-6         5700.
        5710.   1.138858E-6         5720.
        5730.   1.121684E-6         5740.
        5750.   1.136146E-6         5760.
        5770.   1.149704E-6         5780.
        5790.   1.128011E-6         5800.
        5810.   1.119877E-6         5820.
        5830.   1.115357E-6         5840.
        5850.   1.120781E-6         5860.
        5870.   1.128915E-6         5880.
        5890.   1.130723E-6         5900.
        5910.   1.107223E-6         5920.
        5930.   1.107223E-6         5940.
        5950.   1.117165E-6         5960.
        5970.   1.110838E-6         5980.
        5990.   1.146089E-6         6000.
        6010.   1.138858E-6         6020.
        6030.   1.137050E-6         6040.
        6050.   1.103607E-6         6060.
        6070.   1.151512E-6         6080.
        6090.   1.184954E-6         6100.
        6110.   1.183147E-6         6120.
        6130.   1.160550E-6         6140.
        6150.   1.193993E-6         6160.
        6170.   1.211166E-6         6180.
        6190.   1.196704E-6         6200.
        6210.   1.207551E-6         6220.
        6230.   1.219301E-6         6240.
        6250.   1.265397E-6         6260.
        6270.   1.277147E-6         6280.
        6290.   1.280763E-6         6300.
        6310.   1.345841E-6         6320.
        6330.   1.473284E-6         6340.
        6350.   1.580843E-6         6360.
        6370.   1.607055E-6         6380.
        6390.   1.814941E-6         6400.
        6410.   2.007463E-6         6420.
        6430.   2.612142E-6         6524.
        6526.   1.193089E-4         6528.
        6530.   4.446968E-4         6532.
        6534.   0.001649536         6536.
        6538.   0.006486066         6540.
        6542.    0.02727835         6544.
        6546.     0.1130723         6548.
        6550.     0.4009502         6552.
        6554.     0.7049168         6556.
        6558.     0.7674636         6560.
        6562.     0.7784002         6564.
        6566.     0.7550807         6568.
        6570.     0.7181131         6572.
        6574.     0.7098879         6576.
        6578.     0.4390025         6580.
        6582.    0.07610462         6584.
        6586.    0.01250936         6588.
        6590.    0.00283901         6592.
        6594.   7.925907E-4         6596.
        6598.   2.126772E-4         6600.
        6602.   6.711126E-6         6640.
        6650.   1.832115E-6         6660.
        6670.   1.433515E-6         6680.
        6690.   1.208454E-6         6700.
        6710.   1.044857E-6         6720.
        6730.   1.146992E-6         6740.
        6750.   1.188570E-6         6760.
        6770.   1.078299E-6         6780.
        6790.   1.175916E-6         6800.
        6810.   1.335898E-6         6820.
        6830.   1.520285E-6         6840.
        6850.   1.353975E-6         6860.
        6870.   1.348552E-6         6880.
        6890.   1.535650E-6         6900.
        6910.   1.592593E-6         6920.
        6930.   1.434418E-6         6940.
        6950.   1.441649E-6         6960.
        6970.   1.402783E-6         6980.
        6990.   1.388322E-6         7000.
        7010.   1.307879E-6         7020.
        7030.   1.275340E-6         7040.
        7050.   1.321436E-6         7060.
        7070.   1.297032E-6         7080.
        7090.   1.325052E-6         7100.
        7110.   1.316013E-6         7120.
        7130.   1.289802E-6         7140.
        7150.   1.199416E-6         7160.
        7170.   1.210262E-6         7180.
        7190.   1.363014E-6         7200.
        7210.   1.288898E-6         7220.
        7230.   1.277147E-6         7240.
        7250.   1.269013E-6         7260.
        7270.   1.296129E-6         7280.
        7290.   1.241897E-6         7300.
        7310.   1.170493E-6         7320.
        7330.   1.197608E-6         7340.
        7350.   1.143377E-6         7360.
        7370.   1.133435E-6         7380.
        7390.   1.164166E-6         7400.
        7410.   1.172300E-6         7420.
        7430.   1.175012E-6         7440.
        7450.   1.153319E-6         7460.
        7470.   1.104511E-6         7480.
        7490.   1.097280E-6         7500.
        7510.   1.017741E-6         7520.
        7530.   1.082819E-6         7540.
        7550.   1.118973E-6         7560.
        7570.   1.095473E-6         7580.
        7590.   1.052991E-6         7600.
        7610.   1.097280E-6         7620.
        7630.   9.842984E-7         7640.
        7650.   9.409134E-7         7660.
        7670.   9.327787E-7         7680.
        7690.   1.010510E-6         7700.
        7710.   1.047568E-6         7720.
        7730.   1.126204E-6         7740.
        7750.   1.127108E-6         7760.
        7770.   1.125300E-6         7780.
        7790.   1.157839E-6         7800.
        7810.   1.125300E-6         7820.
        7830.   1.069261E-6         7840.
        7850.   1.076492E-6         7860.
        7870.   1.076492E-6         7880.
        7890.   1.083723E-6         7900.
        7910.   1.154223E-6         7920.
        7930.   1.215685E-6         7940.
        7950.   1.368437E-6         7960.
        7970.   1.550112E-6         7980.
        7990.   1.767037E-6         8000.
        8010.   7.311286E-6         8020.
        8030.   7.272420E-6         8040.
        8050.   1.001472E-5         8060.
        8070.   3.971540E-6         8080.
        8090.   2.056271E-6         8100.
        8110.   4.683778E-7         8120.
        8130.   3.552151E-6         8140.
        8150.   9.942408E-7         8160.
        8170.   2.734162E-6         8180.
        8190.   9.246440E-7         8200.
        8210.   2.049944E-6         8220.
        8230.   4.202927E-6         8240.
        8250.   8.984321E-7         8260.
        8270.   2.754047E-6         8280.
        8290.   3.279187E-6         8300.
        8310.   1.068357E-6         8320.
        8330.   5.923868E-6         8340.
        8350.   3.065877E-6         8360.
        8370.   1.259974E-6         8380.
        8390.   2.181907E-6         8400.
        8410.   9.201248E-7         8420.
        8430.   2.368101E-6         8440.
        8450.   3.106551E-6         8460.
        8470.   6.091985E-6         8480.
        8490.   3.414765E-6         8500.
        8510.   3.412054E-6         8520.
        8530.   1.403687E-6         8540.
        8550.   7.128707E-7         8560.
        8570.   8.005446E-7         8580.
        8590.   4.411718E-7         8600.
        8610.   1.043953E-6         8620.
        8630.   1.757998E-6         8640.
        8650.   9.806830E-7         8660.
        8670.   1.937866E-6         8680.
        8690.   1.014126E-6         8700.
        8710.   3.469901E-6         8720.
        8730.   2.453967E-6         8740.
        8750.   2.331043E-6         8760.
        8770.   5.570460E-6         8780.
        8790.   4.926916E-6         8800.
        8810.   2.191849E-6         8820.
        8830.   2.058983E-6         8840.
        8850.   2.889625E-6         8860.
        8870.   3.660614E-6         8880.
        8890.   5.125763E-6         8900.
        8910.   4.954031E-6         8920.
        8930.   1.072876E-6         8940.
        8950.   1.600728E-6         8960.
        8970.   1.240993E-6         8980.
        8990.   1.903519E-6         9000.
        9010.   1.208454E-6         9020.
        9030.   1.278052E-6         9040.
        9050.   2.340985E-6         9060.
        9070.   1.786018E-6         9080.
        9090.   3.608191E-6         9100.
        9110.   1.372052E-6         9120.
        9130.   1.052991E-6         9140.
        9150.   4.805799E-6         9160.
        9170.   8.540529E-7         9180.
        9190.   5.092321E-6         9200.
        9210.   2.146656E-6         9220.
        9230.   2.617565E-6         9240.
        9250.   6.547528E-6         9260.
        9270.   4.291505E-6         9280.
        9290.   5.942849E-6         9300.
        9310.   2.400640E-6         9320.
        9330.   1.515765E-6         9340.
        9350.   6.402911E-7         9360.
        9370.   3.602767E-6         9380.
        9390.   1.423572E-6         9400.
        9410.   5.705135E-7         9420.
        9430.   6.127235E-7         9440.
        9450.   2.895049E-6         9460.
        9470.   1.105415E-6         9480.
        9490.   7.377267E-7         9500.
        9510.   1.717325E-6         9520.
        9530.   2.857990E-7         9540.
        9550.   1.137954E-6         9560.
        9570.   2.616661E-6         9580.
        9590.   7.762310E-6         9600.
        9610.   3.800712E-6         9620.
        9630.   5.946464E-6         9640.
        9650.   2.617565E-6         9660.
        9670.   2.589545E-6         9680.
        9690.   8.035274E-6         9700.
        9710.   7.552615E-6         9720.
        9730.   3.862174E-6         9740.
        9750.   6.495104E-6         9760.
        9770.   3.430131E-6         9780.
        9790.   2.096944E-6         9800.
        9810.   4.840145E-6         9820.
        9830.   4.466853E-6         9840.
        9850.   7.826483E-6         9860.
        9870.   4.142369E-6         9880.
        9890.   1.338610E-6         9900.
        9910.   7.923196E-7         9920.
        9930.   2.758567E-6         9940.
        9950.   5.025435E-6         9960.
        9970.   1.114454E-6         9980.
        9990.   8.893937E-7        10000.
       10010.   1.800480E-6        10020.
       10030.   1.718229E-6        10040.
       10050.   6.678587E-6        10060.
       10070.   2.345505E-6        10080.
       10090.   2.236138E-6        10100.
       10110.   5.793713E-6        10120.
       10130.   1.470573E-6        10140.
       10150.   5.819925E-7        10160.
       10170.   1.712806E-6        10180.
       10190.   1.485938E-6        10200.
       10210.   4.662086E-6        10220.
       10230.   3.935386E-6        10240.
       10250.   7.682770E-6        10260.
       10270.   7.058206E-7        10280.
       10290.   1.083723E-6        10300.
       10310.   7.135034E-6        10320.
       10330.   7.980138E-6        10340.
       10350.   3.162590E-6        10360.
       10370.   3.584690E-7        10380.
       10390.   4.152311E-6        10400.
       10410.   2.119541E-6        10420.
       10430.   6.876531E-6        10440.
       10450.   6.862974E-6        10460.
       10470.   8.434778E-7        10480.
       10490.   3.877539E-6        10500.
       10510.   6.205871E-6        10520.
       10530.   6.966013E-6        10540.
       10550.   1.129819E-5        10560.
       10570.   5.275804E-6        10580.
       10590.   3.022492E-6        10600.
       10610.   4.484026E-6        10620.
       10630.   5.755751E-6        10640.
       10650.   6.141697E-6        10660.
       10670.   5.775636E-6        10680.
       10690.   6.345968E-6        10700.
       10710.   4.794048E-6        10720.
       10730.   6.926244E-6        10740.
       10750.   5.961830E-6        10760.
       10770.   8.038889E-6        10780.
       10790.   9.598944E-6        10800.
       10810.   8.394104E-6        10820.
       10830.   6.499623E-6        10840.
       10850.   2.686258E-6        10860.
       10870.   9.092784E-6        10880.
       10890.   1.104511E-5        10900.
       10910.   1.265397E-5        10920.
       10930.   8.745705E-6        10940.
       10950.   1.154223E-5        10960.
       10970.   8.610126E-6        10980.
       10990.   1.176820E-5        11000.
