        2220.   1.080908E-9         2230.
        2240.   6.485448E-6         2250.
        2260.   4.647904E-5         2270.
        2280.   3.037351E-4         2290.
        2300.   0.001338164         2310.
        2320.   0.004411186         2330.
        2340.    0.01122307         2350.
        2360.    0.02302874         2370.
        2380.    0.04291313         2390.
        2400.    0.07082325         2410.
        2420.     0.1057171         2430.
        2440.     0.1466381         2450.
        2460.      0.190804         2470.
        2480.     0.2359654         2490.
        2500.     0.2806502         2510.
        2520.     0.3229591         2530.
        2540.     0.3612265         2550.
        2560.     0.3951508         2570.
        2580.     0.4236067         2590.
        2600.     0.4461599         2610.
        2620.     0.4648877         2630.
        2640.     0.4802831         2650.
        2660.      0.490556         2670.
        2680.     0.4977343         2690.
        2700.     0.5066637         2710.
        2720.     0.5144246         2730.
        2740.     0.5172133         2750.
        2760.     0.5180349         2770.
        2780.     0.5170609         2790.
        2800.     0.5146819         2810.
        2820.     0.5113322         2830.
        2840.      0.507829         2850.
        2860.     0.5047797         2870.
        2880.     0.5016894         2890.
        2900.     0.4975149         2910.
        2920.     0.4927384         2930.
        2940.     0.4871176         2950.
        2960.     0.4820806         2970.
        2980.     0.4762005         2990.
        3000.     0.4703841         3010.
        3020.     0.4641148         3030.
        3040.     0.4577148         3050.
        3060.     0.4504922         3070.
        3080.     0.4428404         3090.
        3100.     0.4344731         3110.
        3120.     0.4255426         3130.
        3140.     0.4150784         3150.
        3160.     0.4042217         3170.
        3180.     0.3927382         3190.
        3200.     0.3802385         3210.
        3220.     0.3673087         3230.
        3240.     0.3537087         3250.
        3260.     0.3395208         3270.
        3280.     0.3243837         3290.
        3300.     0.3096607         3310.
        3320.     0.2941096         3330.
        3340.     0.2784083         3350.
        3360.     0.2634011         3370.
        3380.     0.2480078         3390.
        3400.     0.2314516         3410.
        3420.      0.217523         3430.
        3440.     0.2036647         3450.
        3460.     0.1902819         3470.
        3480.     0.1776364         3490.
        3500.     0.1654881         3510.
        3520.     0.1539213         3530.
        3540.      0.142855         3550.
        3560.     0.1324145         3570.
        3580.     0.1224734         3590.
        3600.     0.1130284         3610.
        3620.     0.1039725         3630.
        3640.    0.09541499         3650.
        3660.    0.08726818         3670.
        3680.    0.07948889         3690.
        3700.    0.07220682         3710.
        3720.    0.06522631         3730.
        3740.    0.05846307         3750.
        3760.    0.05193871         3770.
        3780.    0.04554298         3790.
        3800.    0.03936343         3810.
        3830.    0.02646603         3840.
        3850.    0.02168193         3860.
        3870.    0.01730642         3880.
        3890.    0.01336867         3900.
        3910.    0.01000164         3920.
        3930.   0.007197766         3940.
        3950.   0.005010008         3960.
        3970.   0.003361624         3980.
        3990.   0.002186677         4000.
        4010.   0.001378158         4020.
        4030.   8.474318E-4         4040.
        4050.   5.112694E-4         4060.
        4070.   3.058969E-4         4080.
        4090.   1.837544E-4         4100.
        4110.   1.113335E-4         4120.
        4130.   6.701629E-5         4140.
        4150.   4.215541E-5         4160.
        4170.   2.810361E-5         4180.
        4190.   1.837543E-5         4200.
        4210.   1.188999E-5         4220.
        4230.   7.566356E-6         4240.
        4250.   5.404539E-6         4260.
        4270.   4.323632E-6         4280.
        4290.   3.242724E-6         4300.
        4310.   2.161816E-6         4320.
        4330.   2.161816E-6         4340.
        4350.   2.161816E-6         4360.
        4370.   2.161816E-6         4380.
        4390.   2.161816E-6         4400.
        4410.   2.161816E-6         4420.
        4430.   2.161816E-6         4440.
        4450.   2.161816E-6         4460.
        4470.   2.161816E-6         4480.
        4490.   2.161816E-6         4500.
        4510.   2.161816E-6         4520.
        4530.   2.161816E-6         4540.
        4550.   2.161816E-6         4560.
        4570.   2.161816E-6         4580.
        4590.   2.161816E-6         4600.
        4610.   2.161816E-6         4620.
        4630.   2.161816E-6         4640.
        4650.   1.080908E-6         4660.
        4670.   1.080908E-6         4680.
        4690.   1.080908E-6         4700.
        4710.   1.080908E-6         4720.
        4730.   1.080908E-6         4740.
        4750.   1.080908E-6         4760.
        4770.   1.080908E-6         4780.
        4790.   1.080908E-6         4800.
        4810.   1.080908E-6         4820.
        4830.   1.080908E-6         4840.
        4850.            0.         4860.
        4870.            0.         4880.
        4890.            0.         4900.
        4910.            0.         4920.
        4930.            0.         4940.
        4950.            0.         4960.
        4970.            0.         4980.
        4990.            0.         5000.
        5010.            0.         5020.
        5030.            0.         5040.
        5050.            0.         5060.
        5070.            0.         5080.
        5090.            0.         5100.
        5110.   3.430510E-7         5120.
        5130.   3.341346E-7         5140.
        5150.   3.252182E-7         5160.
        5170.   3.163018E-7         5180.
        5190.   3.073854E-7         5200.
        5210.   3.022402E-7         5220.
        5230.   3.008664E-7         5240.
        5250.   2.994926E-7         5260.
        5270.   2.981187E-7         5280.
        5290.   2.967449E-7         5300.
        5310.   2.924353E-7         5320.
        5330.   2.851889E-7         5340.
        5350.   2.779425E-7         5360.
        5370.   2.706961E-7         5380.
        5390.   2.634497E-7         5400.
        5410.   2.568648E-7         5420.
        5430.   2.509425E-7         5440.
        5450.   2.450192E-7         5460.
        5470.   2.390958E-7         5480.
        5490.   2.331735E-7         5500.
        5510.   2.274219E-7         5520.
        5530.   2.218412E-7         5540.
        5550.   2.162616E-7         5560.
        5570.   2.106808E-7         5580.
        5590.   2.051012E-7         5600.
        5610.   1.995205E-7         5620.
        5630.   1.939408E-7         5640.
        5650.   1.883601E-7         5660.
        5670.   1.827794E-7         5680.
        5690.   1.771997E-7         5700.
        5710.   1.716190E-7         5720.
        5730.   1.660393E-7         5740.
        5750.   1.604586E-7         5760.
        5770.   1.548790E-7         5780.
        5790.   1.492982E-7         5800.
        5810.   1.459647E-7         5820.
        5830.   1.448773E-7         5840.
        5850.   1.437910E-7         5860.
        5870.   1.427036E-7         5880.
        5890.   1.416162E-7         5900.
        5910.   1.409093E-7         5920.
        5930.   1.405829E-7         5940.
        5950.   1.402565E-7         5960.
        5970.   1.399300E-7         5980.
        5990.   1.396047E-7         6000.
        6010.   1.384567E-7         6020.
        6030.   1.364873E-7         6040.
        6050.   1.345179E-7         6060.
        6070.   1.325474E-7         6080.
        6090.   1.305780E-7         6100.
        6110.   1.291361E-7         6120.
        6130.   1.282205E-7         6140.
        6150.   1.273050E-7         6160.
        6170.   1.263895E-7         6180.
        6190.   1.254740E-7         6200.
        6210.   1.250664E-7         6220.
        6230.   1.251670E-7         6240.
        6250.   1.252675E-7         6260.
        6270.   1.253680E-7         6280.
        6290.   1.254685E-7         6300.
        6310.   1.250956E-7         6320.
        6330.   1.242493E-7         6340.
        6350.   1.234029E-7         6360.
        6370.   1.225566E-7         6380.
        6390.   1.217102E-7         6400.
        6410.   1.248027E-7         6420.
        6430.   1.318329E-7         6440.
        6450.   1.388643E-7         6460.
        6470.   1.458945E-7         6480.
        6490.   1.529258E-7         6500.
        6510.   2.198761E-7         6520.
        6530.   3.467445E-7         6540.
        6550.   4.736139E-7         6560.
        6570.   6.004843E-7         6580.
        6590.   1.080908E-6         6600.
        6610.   1.080908E-6         6620.
        6630.   2.161816E-6         6640.
        6650.   3.242724E-6         6660.
        6670.   5.404539E-6         6680.
        6690.   9.728172E-6         6700.
        6710.   1.513271E-5         6720.
        6730.   2.161816E-5         6740.
        6750.   3.134633E-5         6760.
        6770.   4.323632E-5         6780.
        6790.   5.728812E-5         6800.
        6810.   7.350174E-5         6820.
        6830.   9.187718E-5         6840.
        6850.   1.124144E-4         6860.
        6870.   1.329517E-4         6880.
        6890.   1.556507E-4         6900.
        6910.   1.761880E-4         6920.
        6930.   1.978061E-4         6940.
        6950.   2.172625E-4         6960.
        6970.   2.356379E-4         6980.
        6990.   2.496897E-4         7000.
        7010.   2.637415E-4         7020.
        7030.   2.745506E-4         7040.
        7050.   2.853597E-4         7060.
        7070.   2.940070E-4         7080.
        7090.   3.015733E-4         7100.
        7110.   3.080587E-4         7120.
        7130.   3.123824E-4         7140.
        7150.   3.145442E-4         7160.
        7170.   3.145442E-4         7180.
        7190.   3.134633E-4         7200.
        7210.   3.113015E-4         7220.
        7230.   3.080587E-4         7240.
        7250.   3.048160E-4         7260.
        7270.   2.994115E-4         7280.
        7290.   2.940070E-4         7300.
        7310.   2.875215E-4         7320.
        7330.   2.842788E-4         7340.
        7350.   2.767124E-4         7360.
        7370.   2.691461E-4         7380.
        7390.   2.626606E-4         7400.
        7410.   2.572561E-4         7420.
        7430.   2.507707E-4         7440.
        7450.   2.442852E-4         7460.
        7470.   2.388806E-4         7480.
        7490.   2.323952E-4         7500.
        7510.   2.259098E-4         7520.
        7530.   2.205052E-4         7540.
        7550.   2.161816E-4         7560.
        7570.   2.086152E-4         7580.
        7590.   2.053725E-4         7600.
        7610.   1.999680E-4         7620.
        7630.   1.945634E-4         7640.
        7650.   1.902398E-4         7660.
        7670.   1.859162E-4         7680.
        7690.   1.815925E-4         7700.
        7710.   1.772689E-4         7720.
        7730.   1.740262E-4         7740.
        7750.   1.697025E-4         7760.
        7770.   1.664598E-4         7780.
        7790.   1.642980E-4         7800.
        7810.   1.599744E-4         7820.
        7830.   1.567317E-4         7840.
        7850.   1.545698E-4         7860.
        7870.   1.524080E-4         7880.
        7890.   1.502462E-4         7900.
        7910.   1.470035E-4         7920.
        7930.   1.459226E-4         7940.
        7950.   1.437607E-4         7960.
        7970.   1.426799E-4         7980.
        7990.   1.405180E-4         8000.
        8010.   1.292928E-4         8020.
        8030.   1.286864E-4         8040.
        8050.   1.280811E-4         8060.
        8070.   1.274747E-4         8080.
        8090.   1.268694E-4         8100.
        8110.   1.265905E-4         8120.
        8130.   1.266392E-4         8140.
        8150.   1.266889E-4         8160.
        8170.   1.267375E-4         8180.
        8190.   1.267862E-4         8200.
        8210.   1.269634E-4         8220.
        8230.   1.272693E-4         8240.
        8250.   1.275752E-4         8260.
        8270.   1.278811E-4         8280.
        8290.   1.281870E-4         8300.
        8310.   1.284929E-4         8320.
        8330.   1.287988E-4         8340.
        8350.   1.291047E-4         8360.
        8370.   1.294106E-4         8380.
        8390.   1.297165E-4         8400.
        8410.   1.299403E-4         8420.
        8430.   1.300819E-4         8440.
        8450.   1.302224E-4         8460.
        8470.   1.303640E-4         8480.
        8490.   1.305056E-4         8500.
        8510.   1.305153E-4         8520.
        8530.   1.303953E-4         8540.
        8550.   1.302754E-4         8560.
        8570.   1.301554E-4         8580.
        8590.   1.300354E-4         8600.
        8610.   1.300700E-4         8620.
        8630.   1.302613E-4         8640.
        8650.   1.304526E-4         8660.
        8670.   1.306439E-4         8680.
        8690.   1.308353E-4         8700.
        8710.   1.308688E-4         8720.
        8730.   1.307466E-4         8740.
        8750.   1.306256E-4         8760.
        8770.   1.305034E-4         8780.
        8790.   1.303813E-4         8800.
        8810.   1.304256E-4         8820.
        8830.   1.306374E-4         8840.
        8850.   1.308493E-4         8860.
        8870.   1.310622E-4         8880.
        8890.   1.312741E-4         8900.
        8910.   1.312482E-4         8920.
        8930.   1.309844E-4         8940.
        8950.   1.307218E-4         8960.
        8970.   1.304580E-4         8980.
        8990.   1.301943E-4         9000.
        9010.   1.301954E-4         9020.
        9030.   1.304623E-4         9040.
        9050.   1.307293E-4         9060.
        9070.   1.309963E-4         9080.
        9090.   1.312633E-4         9100.
        9110.   1.312882E-4         9120.
        9130.   1.310720E-4         9140.
        9150.   1.308569E-4         9160.
        9170.   1.306407E-4         9180.
        9190.   1.304245E-4         9200.
        9210.   1.304667E-4         9220.
        9230.   1.307672E-4         9240.
        9250.   1.310666E-4         9260.
        9270.   1.313671E-4         9280.
        9290.   1.316676E-4         9300.
        9310.   1.318762E-4         9320.
        9330.   1.319929E-4         9340.
        9350.   1.321107E-4         9360.
        9370.   1.322275E-4         9380.
        9390.   1.323442E-4         9400.
        9410.   1.324674E-4         9420.
        9430.   1.325971E-4         9440.
        9450.   1.327269E-4         9460.
        9470.   1.328576E-4         9480.
        9490.   1.329873E-4         9500.
        9510.   1.332868E-4         9520.
        9530.   1.337559E-4         9540.
        9550.   1.342250E-4         9560.
        9570.   1.346930E-4         9580.
        9590.   1.351621E-4         9600.
        9610.   1.353491E-4         9620.
        9630.   1.352529E-4         9640.
        9650.   1.351578E-4         9660.
        9670.   1.350627E-4         9680.
        9690.   1.349665E-4         9700.
        9710.   1.351816E-4         9720.
        9730.   1.357080E-4         9740.
        9750.   1.362333E-4         9760.
        9770.   1.367586E-4         9780.
        9790.   1.372850E-4         9800.
        9810.   1.376688E-4         9820.
        9830.   1.379120E-4         9840.
        9850.   1.381552E-4         9860.
        9870.   1.383984E-4         9880.
        9890.   1.386416E-4         9900.
        9910.   1.387735E-4         9920.
        9930.   1.387929E-4         9940.
        9950.   1.388145E-4         9960.
        9970.   1.388340E-4         9980.
        9990.   1.388545E-4        10000.
       10010.   1.391215E-4        10020.
       10030.   1.396338E-4        10040.
       10050.   1.401462E-4        10060.
       10070.   1.406586E-4        10080.
       10090.   1.411709E-4        10100.
       10110.   1.686216E-4        10120.
       10130.   1.459226E-4        10140.
       10150.   1.740262E-4        10160.
       10170.   1.188999E-4        10180.
       10190.   1.286280E-4        10200.
       10210.   1.524080E-4        10220.
       10230.   1.491653E-4        10240.
       10250.   1.707834E-4        10260.
       10270.   1.729453E-4        10280.
       10290.   1.556507E-4        10300.
       10310.   1.405180E-4        10320.
       10330.   1.383562E-4        10340.
       10350.   1.491653E-4        10360.
       10370.   1.534889E-4        10380.
       10390.   1.718644E-4        10400.
       10410.   1.426799E-4        10420.
       10430.   1.502462E-4        10440.
       10450.   1.437607E-4        10460.
       10470.   1.610553E-4        10480.
       10490.   1.632171E-4        10500.
       10510.   1.448417E-4        10520.
       10530.   1.578126E-4        10540.
       10550.   1.372753E-4        10560.
       10570.   1.307899E-4        10580.
       10590.   1.383562E-4        10600.
       10610.   1.124144E-4        10620.
       10630.   1.059290E-4        10640.
       10650.   1.372753E-4        10660.
       10670.   1.253853E-4        10680.
       10690.   1.318708E-4        10700.
       10710.   1.426799E-4        10720.
       10730.   1.372753E-4        10740.
       10750.   1.134953E-4        10760.
       10770.   1.145762E-4        10780.
       10790.   9.295809E-5        10800.
       10810.   1.275471E-4        10820.
       10830.   1.491653E-4        10840.
       10850.   1.351135E-4        10860.
       10870.   1.329517E-4        10880.
       10890.   1.340326E-4        10900.
       10910.   1.048481E-4        10920.
       10930.   1.037672E-4        10940.
       10950.   1.134953E-4        10960.
       10970.   1.080908E-4        10980.
       10990.   9.511990E-5        11000.
