         100.            0.            0.
        1860.   5.000000E-5            0.
        1870.   2.000000E-5            0.
        1880.   5.000000E-5            0.
        1890.   4.000000E-5            0.
        1900.   3.000000E-5            0.
        1910.   1.000000E-5            0.
        1920.            0.            0.
        1930.   1.000000E-5            0.
        1940.            0.            0.
        1950.            0.            0.
        1960.            0.            0.
        1970.            0.            0.
        1980.   1.000000E-5            0.
        1990.   1.000000E-5            0.
        2000.            0.            0.
        2010.            0.            0.
        2020.            0.            0.
        2030.            0.            0.
        2040.   1.000000E-5            0.
        2050.            0.            0.
        2060.            0.            0.
        2070.            0.            0.
        2080.            0.            0.
        2090.            0.            0.
        2100.            0.            0.
        2110.            0.            0.
        2120.            0.            0.
        2130.            0.            0.
        2140.            0.            0.
        2150.            0.            0.
        2160.            0.            0.
        2170.            0.            0.
        2180.            0.            0.
        2190.            0.            0.
        2200.            0.            0.
        2210.            0.            0.
        2220.            0.            0.
        2230.            0.            0.
        2240.            0.            0.
        2250.            0.            0.
        2260.            0.            0.
        2270.            0.            0.
        2280.            0.            0.
        2290.            0.            0.
        2300.            0.            0.
        2310.            0.            0.
        2320.            0.            0.
        2330.            0.            0.
        2340.            0.            0.
        2350.            0.            0.
        2360.            0.            0.
        2370.            0.            0.
        2380.            0.            0.
        2390.            0.            0.
        2400.            0.            0.
        2410.            0.            0.
        2420.            0.            0.
        2430.            0.            0.
        2440.            0.            0.
        2450.            0.            0.
        2460.            0.            0.
        2470.            0.            0.
        2480.            0.            0.
        2490.            0.            0.
        2500.            0.            0.
        2510.            0.            0.
        2520.            0.            0.
        2530.            0.            0.
        2540.            0.            0.
        2550.            0.            0.
        2560.            0.            0.
        2570.            0.            0.
        2580.            0.            0.
        2590.            0.            0.
        2600.            0.            0.
        2610.            0.            0.
        2620.            0.            0.
        2630.            0.            0.
        2640.            0.            0.
        2650.            0.            0.
        2660.            0.            0.
        2670.            0.            0.
        2680.            0.            0.
        2690.            0.            0.
        2700.            0.            0.
        2710.            0.            0.
        2720.            0.            0.
        2730.            0.            0.
        2740.            0.            0.
        2750.            0.            0.
        2760.            0.            0.
        2770.            0.            0.
        2780.            0.            0.
        2790.            0.            0.
        2800.            0.            0.
        2810.            0.            0.
        2820.            0.            0.
        2830.            0.            0.
        2840.            0.            0.
        2850.            0.            0.
        2860.            0.            0.
        2870.            0.            0.
        2880.            0.            0.
        2890.            0.            0.
        2900.            0.            0.
        2910.            0.            0.
        2920.            0.            0.
        2930.            0.            0.
        2940.            0.            0.
        2950.            0.            0.
        2960.            0.            0.
        2970.            0.            0.
        2980.            0.            0.
        2990.            0.            0.
        3000.            0.            0.
        3010.            0.            0.
        3020.            0.            0.
        3030.            0.            0.
        3040.            0.            0.
        3050.            0.            0.
        3060.            0.            0.
        3070.            0.            0.
        3080.            0.            0.
        3090.            0.            0.
        3100.            0.            0.
        3110.            0.            0.
        3120.            0.            0.
        3130.            0.            0.
        3140.            0.            0.
        3150.            0.            0.
        3160.            0.            0.
        3170.            0.            0.
        3180.            0.            0.
        3190.            0.            0.
        3200.            0.            0.
        3210.            0.            0.
        3220.            0.            0.
        3230.            0.            0.
        3240.            0.            0.
        3250.            0.            0.
        3260.            0.            0.
        3270.            0.            0.
        3280.            0.            0.
        3290.            0.            0.
        3300.            0.            0.
        3310.            0.            0.
        3320.            0.            0.
        3330.            0.            0.
        3340.            0.            0.
        3350.            0.            0.
        3360.            0.            0.
        3370.            0.            0.
        3380.            0.            0.
        3390.            0.            0.
        3400.            0.            0.
        3410.            0.            0.
        3420.            0.            0.
        3430.            0.            0.
        3440.            0.            0.
        3450.            0.            0.
        3460.            0.            0.
        3470.            0.            0.
        3480.            0.            0.
        3490.            0.            0.
        3500.            0.            0.
        3510.            0.            0.
        3520.            0.            0.
        3530.            0.            0.
        3540.            0.            0.
        3550.            0.            0.
        3560.            0.            0.
        3570.   1.000000E-5            0.
        3580.            0.            0.
        3590.            0.            0.
        3600.            0.            0.
        3610.            0.            0.
        3620.            0.            0.
        3630.            0.            0.
        3640.            0.            0.
        3650.            0.            0.
        3660.            0.            0.
        3670.            0.            0.
        3680.            0.            0.
        3690.            0.            0.
        3700.            0.            0.
        3710.            0.            0.
        3720.            0.            0.
        3730.            0.            0.
        3740.            0.            0.
        3750.            0.            0.
        3760.            0.            0.
        3770.            0.            0.
        3780.            0.            0.
        3790.            0.            0.
        3800.            0.            0.
        3810.            0.            0.
        3820.            0.            0.
        3830.            0.            0.
        3840.            0.            0.
        3850.            0.            0.
        3860.            0.            0.
        3870.            0.            0.
        3880.            0.            0.
        3890.            0.            0.
        3900.            0.            0.
        3910.            0.            0.
        3920.            0.            0.
        3930.            0.            0.
        3940.            0.            0.
        3950.            0.            0.
        3960.            0.            0.
        3970.            0.            0.
        3980.            0.            0.
        3990.            0.            0.
        4000.            0.            0.
        4010.            0.            0.
        4020.            0.            0.
        4030.            0.            0.
        4040.            0.            0.
        4050.            0.            0.
        4060.            0.            0.
        4070.            0.            0.
        4080.            0.            0.
        4090.            0.            0.
        4100.            0.            0.
        4110.            0.            0.
        4120.            0.            0.
        4130.            0.            0.
        4140.            0.            0.
        4150.            0.            0.
        4160.            0.            0.
        4170.            0.            0.
        4180.            0.            0.
        4190.            0.            0.
        4200.            0.            0.
        4210.            0.            0.
        4220.            0.            0.
        4230.            0.            0.
        4240.            0.            0.
        4250.            0.            0.
        4260.            0.            0.
        4270.            0.            0.
        4280.            0.            0.
        4290.            0.            0.
        4300.            0.            0.
        4310.            0.            0.
        4320.            0.            0.
        4330.            0.            0.
        4340.            0.            0.
        4350.            0.            0.
        4360.            0.            0.
        4370.            0.            0.
        4380.            0.            0.
        4390.            0.            0.
        4400.   2.000000E-5            0.
        4410.   6.000000E-5            0.
        4420.   8.000000E-5            0.
        4430.   9.000000E-5            0.
        4440.   8.000000E-5            0.
        4450.   5.000000E-5            0.
        4460.   3.000000E-5            0.
        4470.   1.000000E-5            0.
        4480.            0.            0.
        4490.            0.            0.
        4500.            0.            0.
        4510.            0.            0.
        4520.            0.            0.
        4530.            0.            0.
        4540.            0.            0.
        4550.            0.            0.
        4560.            0.            0.
        4570.            0.            0.
        4580.            0.            0.
        4590.            0.            0.
        4600.            0.            0.
        4610.            0.            0.
        4620.            0.            0.
        4630.            0.            0.
        4640.            0.            0.
        4650.            0.            0.
        4660.            0.            0.
        4670.            0.            0.
        4680.            0.            0.
        4690.            0.            0.
        4700.            0.            0.
        4710.            0.            0.
        4720.            0.            0.
        4730.            0.            0.
        4740.            0.            0.
        4750.            0.            0.
        4760.            0.            0.
        4770.            0.            0.
        4780.            0.            0.
        4790.            0.            0.
        4800.            0.            0.
        4810.            0.            0.
        4820.            0.            0.
        4830.            0.            0.
        4840.            0.            0.
        4850.            0.            0.
        4860.            0.            0.
        4870.            0.            0.
        4880.            0.            0.
        4890.            0.            0.
        4900.            0.            0.
        4910.            0.            0.
        4920.            0.            0.
        4930.            0.            0.
        4940.            0.            0.
        4950.            0.            0.
        4960.            0.            0.
        4970.            0.            0.
        4980.            0.            0.
        4990.            0.            0.
        5000.            0.            0.
        5010.            0.            0.
        5020.            0.            0.
        5030.            0.            0.
        5040.            0.            0.
        5050.            0.            0.
        5060.            0.            0.
        5070.            0.            0.
        5080.            0.            0.
        5090.            0.            0.
        5100.            0.            0.
        5110.            0.            0.
        5120.            0.            0.
        5130.            0.            0.
        5140.            0.            0.
        5150.            0.            0.
        5160.            0.            0.
        5170.            0.            0.
        5180.            0.            0.
        5190.            0.            0.
        5200.            0.            0.
        5210.            0.            0.
        5220.            0.            0.
        5230.            0.            0.
        5240.            0.            0.
        5250.            0.            0.
        5260.            0.            0.
        5270.            0.            0.
        5280.            0.            0.
        5290.            0.            0.
        5300.            0.            0.
        5310.            0.            0.
        5320.            0.            0.
        5330.            0.            0.
        5340.            0.            0.
        5350.            0.            0.
        5360.            0.            0.
        5370.            0.            0.
        5380.            0.            0.
        5390.            0.            0.
        5400.            0.            0.
        5410.            0.            0.
        5420.            0.            0.
        5430.            0.            0.
        5440.            0.            0.
        5450.            0.            0.
        5460.            0.            0.
        5470.            0.            0.
        5480.            0.            0.
        5490.            0.            0.
        5500.            0.            0.
        5510.            0.            0.
        5520.            0.            0.
        5530.            0.            0.
        5540.            0.            0.
        5550.            0.            0.
        5560.            0.            0.
        5570.            0.            0.
        5580.            0.            0.
        5590.            0.            0.
        5600.            0.            0.
        5610.            0.            0.
        5620.            0.            0.
        5630.            0.            0.
        5640.            0.            0.
        5650.            0.            0.
        5660.            0.            0.
        5670.            0.            0.
        5680.            0.            0.
        5690.            0.            0.
        5700.            0.            0.
        5710.            0.            0.
        5720.            0.            0.
        5730.            0.            0.
        5740.            0.            0.
        5750.   1.000000E-5            0.
        5760.   2.000000E-5            0.
        5770.   5.000000E-5            0.
        5780.   1.100000E-4            0.
        5790.   2.300000E-4            0.
        5800.   4.200000E-4            0.
        5810.   7.900000E-4            0.
        5820.       0.00131            0.
        5830.       0.00222            0.
        5840.       0.00335            0.
        5850.       0.00515            0.
        5852.       0.00563            0.
        5854.        0.0062            0.
        5856.       0.00676            0.
        5858.       0.00735            0.
        5860.       0.00805            0.
        5862.       0.00878            0.
        5864.       0.00957            0.
        5866.       0.01039            0.
        5868.       0.01129            0.
        5870.       0.01225            0.
        5872.       0.01328            0.
        5874.       0.01444            0.
        5876.       0.01563            0.
        5878.       0.01695            0.
        5880.        0.0184            0.
        5882.       0.01993            0.
        5884.       0.02162            0.
        5886.       0.02345            0.
        5888.       0.02542            0.
        5890.       0.02755            0.
        5892.        0.0299            0.
        5894.       0.03241            0.
        5896.       0.03514            0.
        5898.       0.03816            0.
        5900.       0.04145            0.
        5902.       0.04507            0.
        5904.       0.04901            0.
        5906.       0.05331            0.
        5908.       0.05798            0.
        5910.        0.0631            0.
        5912.       0.06857            0.
        5914.       0.07446            0.
        5916.       0.08082            0.
        5918.       0.08763            0.
        5920.       0.09496            0.
        5922.       0.10279            0.
        5924.       0.11112            0.
        5926.       0.11994            0.
        5928.       0.12924            0.
        5930.       0.13906            0.
        5932.        0.1495            0.
        5934.       0.16068            0.
        5936.        0.1725            0.
        5938.       0.18506            0.
        5940.       0.19844            0.
        5942.       0.21257            0.
        5944.       0.22732            0.
        5946.       0.24281            0.
        5948.       0.25896            0.
        5950.       0.27582            0.
        5952.       0.29368            0.
        5954.       0.31228            0.
        5956.       0.33171            0.
        5958.       0.35165            0.
        5960.       0.37222            0.
        5962.       0.39334            0.
        5964.       0.41472            0.
        5966.       0.43663            0.
        5968.       0.45889            0.
        5970.       0.48102            0.
        5972.       0.50306            0.
        5974.       0.52474            0.
        5976.       0.54593            0.
        5978.        0.5665            0.
        5980.       0.58607            0.
        5982.       0.60466            0.
        5984.        0.6222            0.
        5986.       0.63872            0.
        5988.       0.65387            0.
        5990.        0.6675            0.
        5992.       0.67985            0.
        5994.       0.69083            0.
        5996.       0.70035            0.
        5998.       0.70849            0.
        6000.       0.71535            0.
        6002.       0.72109            0.
        6004.       0.72559            0.
        6006.       0.72899            0.
        6008.        0.7313            0.
        6010.       0.73268            0.
        6012.       0.73333            0.
        6014.       0.73327            0.
        6016.       0.73249            0.
        6018.       0.73114            0.
        6020.        0.7293            0.
        6022.       0.72715            0.
        6024.       0.72466            0.
        6026.       0.72191            0.
        6028.        0.7191            0.
        6030.       0.71615            0.
        6032.       0.71328            0.
        6034.       0.71035            0.
        6036.        0.7076            0.
        6038.       0.70504            0.
        6040.       0.70263            0.
        6042.        0.7004            0.
        6044.       0.69836            0.
        6046.       0.69674            0.
        6048.       0.69539            0.
        6050.       0.69425            0.
        6052.       0.69351            0.
        6054.       0.69317            0.
        6056.       0.69312            0.
        6058.       0.69333            0.
        6060.       0.69384            0.
        6062.       0.69465            0.
        6064.       0.69557            0.
        6066.       0.69659            0.
        6068.        0.6976            0.
        6070.       0.69843            0.
        6072.       0.69928            0.
        6074.       0.70016            0.
        6076.       0.70098            0.
        6078.       0.70167            0.
        6080.       0.70228            0.
        6082.       0.70287            0.
        6084.       0.70331            0.
        6086.       0.70367            0.
        6088.       0.70404            0.
        6090.       0.70451            0.
        6092.       0.70513            0.
        6094.       0.70599            0.
        6096.       0.70704            0.
        6098.       0.70834            0.
        6100.       0.70973            0.
        6102.        0.7113            0.
        6104.        0.7131            0.
        6106.       0.71516            0.
        6108.       0.71737            0.
        6110.       0.72002            0.
        6112.       0.72295            0.
        6114.       0.72617            0.
        6116.        0.7296            0.
        6118.       0.73333            0.
        6120.       0.73733            0.
        6122.       0.74159            0.
        6124.       0.74605            0.
        6126.       0.75073            0.
        6128.       0.75562            0.
        6130.        0.7608            0.
        6132.       0.76615            0.
        6134.        0.7718            0.
        6136.       0.77756            0.
        6138.       0.78337            0.
        6140.       0.78918            0.
        6142.       0.79504            0.
        6144.       0.80078            0.
        6146.       0.80633            0.
        6148.        0.8117            0.
        6150.       0.81678            0.
        6152.       0.82169            0.
        6154.       0.82655            0.
        6156.       0.83136            0.
        6158.       0.83602            0.
        6160.       0.84036            0.
        6162.       0.84449            0.
        6164.       0.84844            0.
        6166.       0.85227            0.
        6168.       0.85606            0.
        6170.       0.85979            0.
        6172.        0.8634            0.
        6174.       0.86709            0.
        6176.       0.87063            0.
        6178.       0.87424            0.
        6180.       0.87776            0.
        6182.       0.88126            0.
        6184.       0.88482            0.
        6186.       0.88832            0.
        6188.       0.89179            0.
        6190.       0.89527            0.
        6192.       0.89871            0.
        6194.       0.90225            0.
        6196.       0.90569            0.
        6198.       0.90891            0.
        6200.       0.91201            0.
        6202.       0.91523            0.
        6204.       0.91853            0.
        6206.       0.92181            0.
        6208.       0.92483            0.
        6210.       0.92769            0.
        6212.        0.9305            0.
        6214.       0.93306            0.
        6216.       0.93542            0.
        6218.       0.93766            0.
        6220.       0.93972            0.
        6222.       0.94162            0.
        6224.       0.94332            0.
        6226.       0.94473            0.
        6228.       0.94618            0.
        6230.       0.94758            0.
        6232.       0.94894            0.
        6234.       0.95004            0.
        6236.       0.95086            0.
        6238.       0.95148            0.
        6240.       0.95216            0.
        6242.        0.9526            0.
        6244.       0.95292            0.
        6246.       0.95318            0.
        6248.       0.95348            0.
        6250.       0.95364            0.
        6252.       0.95354            0.
        6254.       0.95334            0.
        6256.       0.95314            0.
        6258.       0.95292            0.
        6260.       0.95282            0.
        6262.        0.9526            0.
        6264.        0.9522            0.
        6266.       0.95182            0.
        6268.       0.95148            0.
        6270.       0.95098            0.
        6272.       0.95025            0.
        6274.       0.94949            0.
        6276.       0.94872            0.
        6278.       0.94803            0.
        6280.       0.94737            0.
        6282.       0.94673            0.
        6284.       0.94615            0.
        6286.       0.94549            0.
        6288.       0.94479            0.
        6290.       0.94399            0.
        6292.        0.9432            0.
        6294.       0.94256            0.
        6296.       0.94198            0.
        6298.       0.94124            0.
        6300.       0.94036            0.
        6302.        0.9397            0.
        6304.       0.93916            0.
        6306.        0.9386            0.
        6308.        0.9379            0.
        6310.       0.93728            0.
        6312.        0.9366            0.
        6314.       0.93587            0.
        6316.       0.93527            0.
        6318.       0.93459            0.
        6320.       0.93375            0.
        6322.       0.93309            0.
        6324.       0.93251            0.
        6326.       0.93178            0.
        6328.       0.93096            0.
        6330.       0.93016            0.
        6332.       0.92928            0.
        6334.       0.92842            0.
        6336.       0.92769            0.
        6338.       0.92699            0.
        6340.       0.92629            0.
        6342.       0.92541            0.
        6344.       0.92462            0.
        6346.       0.92382            0.
        6348.       0.92308            0.
        6350.       0.92252            0.
        6352.        0.9221            0.
        6354.        0.9216            0.
        6356.        0.9212            0.
        6358.       0.92084            0.
        6360.       0.92053            0.
        6362.       0.92043            0.
        6364.       0.92043            0.
        6366.       0.92046            0.
        6368.       0.92066            0.
        6370.       0.92098            0.
        6372.       0.92136            0.
        6374.       0.92166            0.
        6376.       0.92204            0.
        6378.       0.92248            0.
        6380.       0.92306            0.
        6382.        0.9237            0.
        6384.       0.92446            0.
        6386.       0.92521            0.
        6388.       0.92583            0.
        6390.       0.92645            0.
        6392.       0.92713            0.
        6394.       0.92788            0.
        6396.       0.92856            0.
        6398.       0.92938            0.
        6400.       0.93022            0.
        6402.       0.93112            0.
        6404.       0.93198            0.
        6406.       0.93282            0.
        6408.       0.93362            0.
        6410.       0.93449            0.
        6412.       0.93533            0.
        6414.       0.93599            0.
        6416.       0.93675            0.
        6418.       0.93763            0.
        6420.       0.93855            0.
        6422.       0.93945            0.
        6424.       0.94033            0.
        6426.       0.94127            0.
        6428.       0.94217            0.
        6430.       0.94307            0.
        6432.       0.94391            0.
        6434.       0.94487            0.
        6436.       0.94602            0.
        6438.        0.9472            0.
        6440.       0.94832            0.
        6442.       0.94948            0.
        6444.       0.95064            0.
        6446.       0.95156            0.
        6448.       0.95254            0.
        6450.       0.95368            0.
        6452.       0.95486            0.
        6454.       0.95596            0.
        6456.       0.95704            0.
        6458.       0.95814            0.
        6460.       0.95924            0.
        6462.       0.96042            0.
        6464.       0.96178            0.
        6466.       0.96306            0.
        6468.       0.96422            0.
        6470.       0.96522            0.
        6472.       0.96626            0.
        6474.       0.96742            0.
        6476.       0.96868            0.
        6478.          0.97            0.
        6480.       0.97114            0.
        6482.       0.97216            0.
        6484.       0.97316            0.
        6486.       0.97408            0.
        6488.         0.975            0.
        6490.       0.97588            0.
        6492.       0.97678            0.
        6494.       0.97764            0.
        6496.       0.97852            0.
        6498.       0.97946            0.
        6500.       0.98042            0.
        6502.       0.98122            0.
        6504.       0.98188            0.
        6506.        0.9825            0.
        6508.       0.98318            0.
        6510.       0.98388            0.
        6512.       0.98452            0.
        6514.       0.98502            0.
        6516.       0.98528            0.
        6518.       0.98526            0.
        6520.       0.98496            0.
        6522.       0.98436            0.
        6524.       0.98348            0.
        6526.       0.98294            0.
        6528.       0.98314            0.
        6530.       0.98404            0.
        6532.       0.98546            0.
        6534.         0.987            0.
        6536.        0.9885            0.
        6538.       0.98938            0.
        6540.       0.98946            0.
        6542.       0.98918            0.
        6544.       0.98894            0.
        6546.       0.98884            0.
        6548.        0.9888            0.
        6550.       0.98858            0.
        6552.       0.98838            0.
        6554.        0.9882            0.
        6556.       0.98802            0.
        6558.       0.98788            0.
        6560.       0.98764            0.
        6562.       0.98736            0.
        6564.       0.98714            0.
        6566.       0.98684            0.
        6568.       0.98656            0.
        6570.       0.98618            0.
        6572.       0.98584            0.
        6574.       0.98548            0.
        6576.        0.9851            0.
        6578.       0.98462            0.
        6580.       0.98406            0.
        6582.       0.98352            0.
        6584.       0.98304            0.
        6586.       0.98248            0.
        6588.       0.98188            0.
        6590.       0.98126            0.
        6592.       0.98078            0.
        6594.       0.98018            0.
        6596.       0.97942            0.
        6598.       0.97876            0.
        6600.       0.97814            0.
        6602.       0.97734            0.
        6604.       0.97652            0.
        6606.       0.97574            0.
        6608.       0.97496            0.
        6610.       0.97424            0.
        6612.        0.9737            0.
        6614.       0.97302            0.
        6616.       0.97218            0.
        6618.       0.97134            0.
        6620.       0.97054            0.
        6622.       0.96966            0.
        6624.       0.96888            0.
        6626.       0.96822            0.
        6628.       0.96746            0.
        6630.       0.96662            0.
        6632.       0.96594            0.
        6634.       0.96516            0.
        6636.       0.96436            0.
        6638.       0.96362            0.
        6640.       0.96296            0.
        6642.       0.96236            0.
        6644.       0.96178            0.
        6646.       0.96126            0.
        6648.        0.9607            0.
        6650.       0.96012            0.
        6652.       0.95944            0.
        6654.        0.9588            0.
        6656.       0.95826            0.
        6658.       0.95776            0.
        6660.       0.95736            0.
        6662.       0.95696            0.
        6664.       0.95654            0.
        6666.       0.95604            0.
        6668.       0.95558            0.
        6670.       0.95504            0.
        6672.        0.9547            0.
        6674.       0.95456            0.
        6676.       0.95438            0.
        6678.       0.95406            0.
        6680.       0.95378            0.
        6682.       0.95356            0.
        6684.       0.95344            0.
        6686.        0.9532            0.
        6688.       0.95296            0.
        6690.       0.95278            0.
        6692.       0.95266            0.
        6694.       0.95256            0.
        6696.       0.95246            0.
        6698.       0.95238            0.
        6700.       0.95242            0.
        6702.       0.95232            0.
        6704.       0.95236            0.
        6706.       0.95238            0.
        6708.       0.95244            0.
        6710.       0.95246            0.
        6712.       0.95262            0.
        6714.       0.95282            0.
        6716.       0.95306            0.
        6718.       0.95332            0.
        6720.       0.95352            0.
        6722.       0.95366            0.
        6724.         0.954            0.
        6726.        0.9544            0.
        6728.       0.95486            0.
        6730.       0.95534            0.
        6732.        0.9558            0.
        6734.       0.95626            0.
        6736.       0.95668            0.
        6738.       0.95716            0.
        6740.       0.95766            0.
        6742.       0.95798            0.
        6744.       0.95842            0.
        6746.         0.959            0.
        6748.       0.95966            0.
        6750.        0.9602            0.
        6752.       0.96076            0.
        6754.       0.96138            0.
        6756.       0.96196            0.
        6758.        0.9626            0.
        6760.        0.9633            0.
        6762.       0.96394            0.
        6764.       0.96468            0.
        6766.       0.96532            0.
        6768.       0.96604            0.
        6770.       0.96674            0.
        6772.       0.96742            0.
        6774.       0.96778            0.
        6776.       0.96834            0.
        6778.       0.96908            0.
        6780.       0.96988            0.
        6782.        0.9706            0.
        6784.       0.97134            0.
        6786.       0.97196            0.
        6788.        0.9726            0.
        6790.       0.97318            0.
        6792.       0.97374            0.
        6794.        0.9744            0.
        6796.       0.97494            0.
        6798.        0.9755            0.
        6800.       0.97622            0.
        6802.       0.97688            0.
        6804.       0.97756            0.
        6806.       0.97824            0.
        6808.        0.9788            0.
        6810.       0.97924            0.
        6812.        0.9796            0.
        6814.       0.98006            0.
        6816.       0.98056            0.
        6818.       0.98104            0.
        6820.       0.98152            0.
        6822.       0.98208            0.
        6824.       0.98256            0.
        6826.       0.98314            0.
        6828.        0.9837            0.
        6830.       0.98416            0.
        6832.        0.9844            0.
        6834.        0.9846            0.
        6836.       0.98478            0.
        6838.       0.98518            0.
        6840.       0.98554            0.
        6842.       0.98586            0.
        6844.       0.98614            0.
        6846.       0.98642            0.
        6848.       0.98668            0.
        6850.       0.98692            0.
        6852.       0.98692            0.
        6854.        0.9869            0.
        6856.        0.9871            0.
        6858.       0.98726            0.
        6860.       0.98726            0.
        6862.        0.9872            0.
        6864.       0.98688            0.
        6866.       0.98658            0.
        6868.       0.98634            0.
        6870.       0.98608            0.
        6872.        0.9857            0.
        6874.       0.98544            0.
        6876.        0.9852            0.
        6878.       0.98484            0.
        6880.       0.98446            0.
        6882.       0.98416            0.
        6884.        0.9839            0.
        6886.       0.98366            0.
        6888.       0.98328            0.
        6890.       0.98304            0.
        6892.       0.98278            0.
        6894.        0.9824            0.
        6896.       0.98198            0.
        6898.        0.9815            0.
        6900.       0.98098            0.
        6902.       0.98046            0.
        6904.       0.97998            0.
        6906.       0.97934            0.
        6908.       0.97864            0.
        6910.       0.97786            0.
        6912.       0.97714            0.
        6914.       0.97638            0.
        6916.       0.97562            0.
        6918.       0.97492            0.
        6920.       0.97418            0.
        6922.       0.97344            0.
        6924.       0.97264            0.
        6926.       0.97186            0.
        6928.       0.97114            0.
        6930.       0.97048            0.
        6932.       0.96964            0.
        6934.       0.96886            0.
        6936.       0.96806            0.
        6938.       0.96724            0.
        6940.       0.96648            0.
        6942.       0.96561            0.
        6944.       0.96473            0.
        6946.       0.96382            0.
        6948.       0.96274            0.
        6950.       0.96164            0.
        6952.       0.96062            0.
        6954.        0.9599            0.
        6956.        0.9592            0.
        6958.       0.95846            0.
        6960.       0.95772            0.
        6962.       0.95676            0.
        6964.       0.95558            0.
        6966.       0.95436            0.
        6968.       0.95308            0.
        6970.       0.95184            0.
        6972.       0.95086            0.
        6974.       0.94998            0.
        6976.       0.94916            0.
        6978.       0.94846            0.
        6980.        0.9477            0.
        6982.       0.94697            0.
        6984.       0.94621            0.
        6986.       0.94551            0.
        6988.       0.94485            0.
        6990.       0.94421            0.
        6992.       0.94365            0.
        6994.       0.94301            0.
        6996.       0.94239            0.
        6998.       0.94171            0.
        7000.       0.94115            0.
        7002.       0.94059            0.
        7004.       0.94015            0.
        7006.       0.93967            0.
        7008.       0.93937            0.
        7010.       0.93899            0.
        7012.       0.93867            0.
        7014.       0.93841            0.
        7016.       0.93808            0.
        7018.       0.93784            0.
        7020.       0.93774            0.
        7022.        0.9374            0.
        7024.         0.937            0.
        7026.        0.9367            0.
        7028.       0.93652            0.
        7030.       0.93634            0.
        7032.       0.93609            0.
        7034.       0.93581            0.
        7036.       0.93565            0.
        7038.       0.93557            0.
        7040.       0.93547            0.
        7042.       0.93545            0.
        7044.       0.93541            0.
        7046.       0.93529            0.
        7048.       0.93529            0.
        7050.       0.93543            0.
        7052.       0.93551            0.
        7054.       0.93571            0.
        7056.       0.93607            0.
        7058.       0.93611            0.
        7060.       0.93609            0.
        7062.       0.93631            0.
        7064.       0.93633            0.
        7066.       0.93643            0.
        7068.       0.93677            0.
        7070.        0.9372            0.
        7072.       0.93746            0.
        7074.       0.93794            0.
        7076.       0.93828            0.
        7078.        0.9385            0.
        7080.       0.93884            0.
        7082.       0.93928            0.
        7084.       0.93968            0.
        7086.       0.94022            0.
        7088.        0.9409            0.
        7090.        0.9414            0.
        7092.       0.94184            0.
        7094.       0.94234            0.
        7096.       0.94278            0.
        7098.       0.94322            0.
        7100.       0.94378            0.
        7102.       0.94458            0.
        7104.       0.94549            0.
        7106.       0.94646            0.
        7108.       0.94715            0.
        7110.       0.94774            0.
        7112.       0.94846            0.
        7114.       0.94924            0.
        7116.       0.94982            0.
        7118.       0.95046            0.
        7120.       0.95128            0.
        7122.       0.95234            0.
        7124.        0.9535            0.
        7126.       0.95464            0.
        7128.       0.95562            0.
        7130.       0.95642            0.
        7132.       0.95716            0.
        7134.       0.95792            0.
        7136.       0.95874            0.
        7138.       0.95978            0.
        7140.        0.9608            0.
        7142.       0.96172            0.
        7144.       0.96266            0.
        7146.       0.96366            0.
        7148.       0.96474            0.
        7150.       0.96584            0.
        7152.        0.9668            0.
        7154.       0.96758            0.
        7156.       0.96824            0.
        7158.       0.96908            0.
        7160.       0.96998            0.
        7162.       0.97082            0.
        7164.       0.97164            0.
        7166.       0.97254            0.
        7168.       0.97336            0.
        7170.       0.97414            0.
        7172.       0.97474            0.
        7174.       0.97532            0.
        7176.       0.97604            0.
        7178.       0.97678            0.
        7180.       0.97748            0.
        7182.       0.97804            0.
        7184.        0.9785            0.
        7186.       0.97912            0.
        7188.        0.9798            0.
        7190.        0.9804            0.
        7192.       0.98096            0.
        7194.        0.9815            0.
        7196.       0.98194            0.
        7198.       0.98232            0.
        7200.       0.98286            0.
        7202.       0.98332            0.
        7204.       0.98368            0.
        7206.         0.984            0.
        7208.       0.98432            0.
        7210.        0.9846            0.
        7212.        0.9847            0.
        7214.       0.98486            0.
        7216.       0.98518            0.
        7218.       0.98546            0.
        7220.       0.98572            0.
        7222.        0.9859            0.
        7224.       0.98596            0.
        7226.       0.98598            0.
        7228.       0.98606            0.
        7230.       0.98598            0.
        7232.       0.98582            0.
        7234.        0.9855            0.
        7236.       0.98526            0.
        7238.       0.98516            0.
        7240.       0.98496            0.
        7242.       0.98466            0.
        7244.       0.98446            0.
        7246.       0.98412            0.
        7248.       0.98376            0.
        7250.        0.9833            0.
        7252.       0.98278            0.
        7254.       0.98212            0.
        7256.        0.9815            0.
        7258.       0.98108            0.
        7260.       0.98076            0.
        7262.       0.98028            0.
        7264.       0.97974            0.
        7266.       0.97902            0.
        7268.       0.97824            0.
        7270.        0.9773            0.
        7272.       0.97642            0.
        7274.        0.9755            0.
        7276.       0.97458            0.
        7278.       0.97362            0.
        7280.       0.97288            0.
        7282.        0.9722            0.
        7284.        0.9713            0.
        7286.       0.97026            0.
        7288.        0.9692            0.
        7290.       0.96822            0.
        7292.        0.9672            0.
        7294.       0.96616            0.
        7296.       0.96516            0.
        7298.       0.96422            0.
        7300.       0.96324            0.
        7302.       0.96198            0.
        7304.       0.96068            0.
        7306.       0.95952            0.
        7308.       0.95832            0.
        7310.        0.9571            0.
        7312.       0.95588            0.
        7314.       0.95468            0.
        7316.       0.95354            0.
        7318.       0.95238            0.
        7320.       0.95114            0.
        7322.       0.94978            0.
        7324.       0.94832            0.
        7326.       0.94674            0.
        7328.       0.94534            0.
        7330.        0.9441            0.
        7332.       0.94282            0.
        7334.       0.94172            0.
        7336.        0.9406            0.
        7338.       0.93939            0.
        7340.       0.93801            0.
        7342.       0.93658            0.
        7344.       0.93521            0.
        7346.       0.93414            0.
        7348.       0.93276            0.
        7350.       0.93124            0.
        7352.       0.92988            0.
        7354.        0.9287            0.
        7356.       0.92756            0.
        7358.       0.92644            0.
        7360.       0.92536            0.
        7362.       0.92432            0.
        7364.       0.92326            0.
        7366.       0.92224            0.
        7368.       0.92118            0.
        7370.       0.92002            0.
        7372.       0.91884            0.
        7374.       0.91774            0.
        7376.       0.91676            0.
        7378.       0.91592            0.
        7380.       0.91536            0.
        7382.       0.91482            0.
        7384.       0.91398            0.
        7386.       0.91307            0.
        7388.       0.91221            0.
        7390.       0.91145            0.
        7392.       0.91075            0.
        7394.       0.91015            0.
        7396.       0.90953            0.
        7398.       0.90889            0.
        7400.        0.9082            0.
        7402.       0.90759            0.
        7404.       0.90715            0.
        7406.       0.90661            0.
        7408.       0.90605            0.
        7410.       0.90547            0.
        7412.       0.90505            0.
        7414.       0.90481            0.
        7416.       0.90447            0.
        7418.       0.90411            0.
        7420.       0.90387            0.
        7422.       0.90349            0.
        7424.        0.9028            0.
        7426.        0.9024            0.
        7428.       0.90222            0.
        7430.       0.90186            0.
        7432.       0.90154            0.
        7434.        0.9012            0.
        7436.       0.90072            0.
        7438.        0.9006            0.
        7440.       0.90046            0.
        7442.        0.9002            0.
        7444.       0.89995            0.
        7446.       0.89979            0.
        7448.       0.89957            0.
        7450.       0.89937            0.
        7452.       0.89923            0.
        7454.       0.89927            0.
        7456.       0.89927            0.
        7458.        0.8992            0.
        7460.        0.8991            0.
        7462.       0.89912            0.
        7464.       0.89912            0.
        7466.       0.89926            0.
        7468.       0.89956            0.
        7470.       0.89996            0.
        7472.       0.90036            0.
        7474.       0.90083            0.
        7476.       0.90117            0.
        7478.       0.90143            0.
        7480.       0.90175            0.
        7482.       0.90225            0.
        7484.       0.90277            0.
        7486.       0.90349            0.
        7488.       0.90422            0.
        7490.       0.90498            0.
        7492.       0.90584            0.
        7494.        0.9068            0.
        7496.        0.9076            0.
        7498.       0.90852            0.
        7500.       0.90946            0.
        7502.       0.91044            0.
        7504.       0.91137            0.
        7506.       0.91241            0.
        7508.       0.91343            0.
        7510.       0.91463            0.
        7512.       0.91575            0.
        7514.       0.91683            0.
        7516.       0.91807            0.
        7518.       0.91938            0.
        7520.        0.9207            0.
        7522.        0.9222            0.
        7524.       0.92364            0.
        7526.       0.92486            0.
        7528.       0.92608            0.
        7530.        0.9275            0.
        7532.       0.92876            0.
        7534.        0.9301            0.
        7536.        0.9314            0.
        7538.        0.9326            0.
        7540.       0.93373            0.
        7542.       0.93493            0.
        7544.       0.93615            0.
        7546.       0.93741            0.
        7548.       0.93857            0.
        7550.       0.93977            0.
        7552.       0.94115            0.
        7554.       0.94235            0.
        7556.       0.94327            0.
        7558.       0.94425            0.
        7560.       0.94532            0.
        7562.       0.94656            0.
        7564.       0.94784            0.
        7566.       0.94906            0.
        7568.       0.95024            0.
        7570.       0.95134            0.
        7572.       0.95256            0.
        7574.       0.95376            0.
        7576.       0.95486            0.
        7578.       0.95574            0.
        7580.       0.95676            0.
        7582.        0.9578            0.
        7584.       0.95898            0.
        7586.        0.9602            0.
        7588.        0.9614            0.
        7590.       0.96244            0.
        7592.       0.96334            0.
        7594.       0.96426            0.
        7596.       0.96516            0.
        7598.       0.96604            0.
        7600.       0.96702            0.
        7602.       0.96796            0.
        7604.       0.96896            0.
        7606.        0.9699            0.
        7608.       0.97076            0.
        7610.       0.97154            0.
        7612.       0.97232            0.
        7614.       0.97322            0.
        7616.       0.97416            0.
        7618.        0.9749            0.
        7620.       0.97542            0.
        7622.       0.97582            0.
        7624.       0.97628            0.
        7626.       0.97684            0.
        7628.       0.97756            0.
        7630.       0.97814            0.
        7632.        0.9785            0.
        7634.       0.97888            0.
        7636.        0.9794            0.
        7638.       0.97994            0.
        7640.       0.98062            0.
        7642.       0.98124            0.
        7644.       0.98162            0.
        7646.       0.98174            0.
        7648.        0.9819            0.
        7650.       0.98218            0.
        7652.        0.9824            0.
        7654.        0.9824            0.
        7656.       0.98218            0.
        7658.       0.98194            0.
        7660.        0.9818            0.
        7662.       0.98186            0.
        7664.       0.98212            0.
        7666.        0.9822            0.
        7668.         0.982            0.
        7670.       0.98164            0.
        7672.       0.98108            0.
        7674.        0.9806            0.
        7676.       0.98026            0.
        7678.        0.9801            0.
        7680.       0.97974            0.
        7682.       0.97922            0.
        7684.       0.97874            0.
        7686.       0.97806            0.
        7688.       0.97716            0.
        7690.        0.9763            0.
        7692.       0.97548            0.
        7694.       0.97458            0.
        7696.        0.9739            0.
        7698.        0.9733            0.
        7700.       0.97246            0.
        7702.        0.9716            0.
        7704.        0.9708            0.
        7706.       0.96968            0.
        7708.        0.9683            0.
        7710.        0.9672            0.
        7712.         0.966            0.
        7714.       0.96454            0.
        7716.        0.9633            0.
        7718.       0.96196            0.
        7720.       0.96066            0.
        7722.       0.95942            0.
        7724.        0.9583            0.
        7726.       0.95692            0.
        7728.       0.95552            0.
        7730.       0.95418            0.
        7732.        0.9527            0.
        7734.       0.95118            0.
        7736.       0.94968            0.
        7738.        0.9481            0.
        7740.       0.94654            0.
        7742.       0.94518            0.
        7744.       0.94402            0.
        7746.       0.94268            0.
        7748.       0.94116            0.
        7750.       0.93956            0.
        7752.       0.93778            0.
        7754.       0.93616            0.
        7756.       0.93473            0.
        7758.       0.93329            0.
        7760.       0.93187            0.
        7762.       0.93049            0.
        7764.       0.92899            0.
        7766.       0.92752            0.
        7768.       0.92606            0.
        7770.       0.92454            0.
        7772.       0.92294            0.
        7774.       0.92134            0.
        7776.       0.91976            0.
        7778.       0.91826            0.
        7780.        0.9167            0.
        7782.       0.91528            0.
        7784.       0.91386            0.
        7786.       0.91238            0.
        7788.       0.91084            0.
        7790.       0.90918            0.
        7792.       0.90748            0.
        7794.       0.90566            0.
        7796.       0.90381            0.
        7798.       0.90188            0.
        7800.       0.89997            0.
        7802.       0.89835            0.
        7804.       0.89677            0.
        7806.       0.89511            0.
        7808.       0.89335            0.
        7810.       0.89147            0.
        7812.       0.88943            0.
        7814.       0.88741            0.
        7816.       0.88535            0.
        7818.       0.88327            0.
        7820.       0.88137            0.
        7822.       0.87957            0.
        7824.       0.87755            0.
        7826.       0.87545            0.
        7828.       0.87341            0.
        7830.        0.8713            0.
        7832.       0.86923            0.
        7834.       0.86708            0.
        7836.       0.86478            0.
        7838.       0.86262            0.
        7840.       0.86094            0.
        7842.        0.8594            0.
        7844.       0.85784            0.
        7846.       0.85614            0.
        7848.        0.8542            0.
        7850.       0.85234            0.
        7852.       0.85047            0.
        7854.       0.84861            0.
        7856.       0.84693            0.
        7858.       0.84537            0.
        7860.       0.84373            0.
        7862.       0.84201            0.
        7864.       0.84049            0.
        7866.       0.83915            0.
        7868.       0.83798            0.
        7870.       0.83664            0.
        7872.       0.83538            0.
        7874.        0.8341            0.
        7876.       0.83274            0.
        7878.       0.83142            0.
        7880.       0.83038            0.
        7882.       0.82928            0.
        7884.       0.82822            0.
        7886.       0.82728            0.
        7888.       0.82634            0.
        7890.       0.82542            0.
        7892.       0.82456            0.
        7894.        0.8235            0.
        7896.       0.82248            0.
        7898.       0.82162            0.
        7900.       0.82088            0.
        7902.       0.82028            0.
        7904.       0.81956            0.
        7906.       0.81842            0.
        7908.       0.81736            0.
        7910.       0.81658            0.
        7912.       0.81588            0.
        7914.        0.8153            0.
        7916.       0.81474            0.
        7918.       0.81408            0.
        7920.       0.81338            0.
        7922.        0.8125            0.
        7924.        0.8117            0.
        7926.       0.81116            0.
        7928.       0.81086            0.
        7930.       0.81052            0.
        7932.       0.81014            0.
        7934.       0.80984            0.
        7936.       0.80956            0.
        7938.       0.80924            0.
        7940.       0.80904            0.
        7942.       0.80888            0.
        7944.        0.8088            0.
        7946.       0.80897            0.
        7948.       0.80909            0.
        7950.       0.80921            0.
        7952.       0.80948            0.
        7954.       0.80962            0.
        7956.       0.80973            0.
        7958.       0.81013            0.
        7960.        0.8108            0.
        7962.       0.81127            0.
        7964.       0.81182            0.
        7966.       0.81254            0.
        7968.       0.81347            0.
        7970.       0.81422            0.
        7972.       0.81504            0.
        7974.       0.81584            0.
        7976.       0.81648            0.
        7978.        0.8173            0.
        7980.       0.81818            0.
        7982.       0.81898            0.
        7984.       0.81977            0.
        7986.       0.82066            0.
        7988.       0.82154            0.
        7990.       0.82247            0.
        7992.       0.82342            0.
        7994.       0.82421            0.
        7996.       0.82465            0.
        7998.       0.82476            0.
        8000.       0.82073            0.
        8002.       0.82069            0.
        8004.       0.82051            0.
        8006.       0.82019            0.
        8008.       0.81996            0.
        8010.       0.82004            0.
        8012.       0.82005            0.
        8014.       0.81958            0.
        8016.       0.81861            0.
        8018.       0.81744            0.
        8020.       0.81626            0.
        8022.       0.81535            0.
        8024.       0.81479            0.
        8026.       0.81444            0.
        8028.       0.81391            0.
        8030.       0.81344            0.
        8032.       0.81301            0.
        8034.       0.81208            0.
        8036.       0.81094            0.
        8038.        0.8099            0.
        8040.       0.80897            0.
        8042.       0.80811            0.
        8044.       0.80701            0.
        8046.       0.80623            0.
        8048.       0.80598            0.
        8050.       0.80584            0.
        8052.       0.80565            0.
        8054.       0.80555            0.
        8056.       0.80531            0.
        8058.       0.80496            0.
        8060.        0.8045            0.
        8062.       0.80404            0.
        8064.       0.80341            0.
        8066.       0.80217            0.
        8068.       0.80092            0.
        8070.        0.8005            0.
        8072.       0.80055            0.
        8074.       0.80036            0.
        8076.       0.79974            0.
        8078.       0.79883            0.
        8080.        0.7976            0.
        8082.       0.79622            0.
        8084.       0.79416            0.
        8086.       0.79134            0.
        8088.         0.788            0.
        8090.       0.78462            0.
        8092.       0.78119            0.
        8094.       0.77766            0.
        8096.       0.77384            0.
        8098.       0.76932            0.
        8100.       0.76458            0.
        8102.       0.75927            0.
        8104.       0.75311            0.
        8106.       0.74656            0.
        8108.       0.73966            0.
        8110.       0.73272            0.
        8112.       0.72534            0.
        8114.       0.71701            0.
        8116.       0.70864            0.
        8118.       0.70059            0.
        8120.        0.6927            0.
        8122.       0.68479            0.
        8124.       0.67647            0.
        8126.       0.66753            0.
        8128.        0.6579            0.
        8130.       0.64824            0.
        8132.       0.63853            0.
        8134.       0.62857            0.
        8136.       0.61846            0.
        8138.       0.60842            0.
        8140.       0.59874            0.
        8142.       0.58897            0.
        8144.       0.57918            0.
        8146.       0.56968            0.
        8148.       0.56067            0.
        8150.        0.5517            0.
        8152.       0.54263            0.
        8154.       0.53335            0.
        8156.       0.52405            0.
        8158.       0.51526            0.
        8160.       0.50687            0.
        8162.       0.49857            0.
        8164.       0.49083            0.
        8166.       0.48362            0.
        8168.       0.47665            0.
        8170.        0.4696            0.
        8172.       0.46289            0.
        8174.       0.45649            0.
        8176.       0.45033            0.
        8178.       0.44404            0.
        8180.       0.43771            0.
        8182.       0.43133            0.
        8184.       0.42476            0.
        8186.       0.41821            0.
        8188.       0.41183            0.
        8190.       0.40519            0.
        8192.        0.3983            0.
        8194.       0.39114            0.
        8196.       0.38364            0.
        8198.       0.37631            0.
        8200.       0.36913            0.
        8202.        0.3616            0.
        8204.       0.35392            0.
        8206.       0.34639            0.
        8208.       0.33884            0.
        8210.       0.33089            0.
        8212.       0.32274            0.
        8214.       0.31497            0.
        8216.       0.30708            0.
        8218.       0.29939            0.
        8220.       0.29204            0.
        8222.        0.2849            0.
        8224.       0.27789            0.
        8226.       0.27071            0.
        8228.       0.26362            0.
        8230.       0.25679            0.
        8232.       0.25017            0.
        8234.       0.24386            0.
        8236.       0.23751            0.
        8238.        0.2312            0.
        8240.       0.22498            0.
        8242.       0.21879            0.
        8244.       0.21278            0.
        8246.       0.20711            0.
        8248.       0.20176            0.
        8250.       0.19644            0.
        8252.       0.19108            0.
        8254.        0.1855            0.
        8256.       0.18006            0.
        8258.       0.17486            0.
        8260.       0.17008            0.
        8262.       0.16567            0.
        8264.       0.16122            0.
        8266.       0.15653            0.
        8268.       0.15219            0.
        8270.       0.14813            0.
        8272.        0.1441            0.
        8274.       0.13986            0.
        8276.       0.13561            0.
        8278.        0.1318            0.
        8280.       0.12836            0.
        8282.        0.1249            0.
        8284.       0.12156            0.
        8286.       0.11837            0.
        8288.       0.11526            0.
        8290.        0.1123            0.
        8292.       0.10959            0.
        8294.       0.10691            0.
        8296.       0.10398            0.
        8298.       0.10127            0.
        8300.       0.09887            0.
        8302.       0.09664            0.
        8304.       0.09443            0.
        8306.       0.09238            0.
        8308.       0.09048            0.
        8310.       0.08874            0.
        8312.         0.087            0.
        8314.       0.08488            0.
        8316.       0.08288            0.
        8318.       0.08131            0.
        8320.       0.07993            0.
        8322.       0.07845            0.
        8324.       0.07696            0.
        8326.       0.07551            0.
        8328.       0.07411            0.
        8330.       0.07249            0.
        8332.       0.07095            0.
        8334.       0.06966            0.
        8336.        0.0683            0.
        8338.       0.06653            0.
        8340.       0.06503            0.
        8342.       0.06398            0.
        8344.       0.06285            0.
        8346.       0.06152            0.
        8348.        0.0601            0.
        8350.        0.0589            0.
        8352.       0.05776            0.
        8354.       0.05655            0.
        8356.       0.05536            0.
        8358.        0.0541            0.
        8360.         0.053            0.
        8362.         0.052            0.
        8364.       0.05097            0.
        8366.       0.04957            0.
        8368.       0.04838            0.
        8370.       0.04742            0.
        8372.       0.04641            0.
        8374.       0.04528            0.
        8376.       0.04416            0.
        8378.       0.04326            0.
        8380.       0.04234            0.
        8382.       0.04146            0.
        8384.        0.0406            0.
        8386.       0.03972            0.
        8388.        0.0388            0.
        8390.       0.03808            0.
        8392.       0.03747            0.
        8394.       0.03676            0.
        8396.       0.03608            0.
        8398.       0.03522            0.
        8400.       0.03444            0.
        8402.        0.0338            0.
        8404.       0.03321            0.
        8406.       0.03264            0.
        8408.       0.03216            0.
        8410.       0.03157            0.
        8412.       0.03093            0.
        8414.       0.03028            0.
        8416.       0.02971            0.
        8418.       0.02921            0.
        8420.       0.02881            0.
        8422.        0.0284            0.
        8424.        0.0278            0.
        8426.       0.02725            0.
        8428.       0.02686            0.
        8440.       0.02362            0.
        8450.       0.02136            0.
        8460.       0.01962            0.
        8470.       0.01785            0.
        8480.       0.01648            0.
        8490.       0.01511            0.
        8500.       0.01403            0.
        8510.       0.01291            0.
        8520.       0.01203            0.
        8530.       0.01115            0.
        8540.       0.01041            0.
        8550.       0.00968            0.
        8560.        0.0091            0.
        8570.       0.00846            0.
        8580.       0.00795            0.
        8590.       0.00739            0.
        8600.       0.00695            0.
        8610.       0.00648            0.
        8620.       0.00613            0.
        8630.       0.00574            0.
        8640.       0.00544            0.
        8650.       0.00514            0.
        8660.        0.0049            0.
        8670.       0.00467            0.
        8680.       0.00442            0.
        8690.       0.00424            0.
        8700.       0.00402            0.
        8710.       0.00383            0.
        8720.       0.00365            0.
        8730.       0.00348            0.
        8740.       0.00332            0.
        8750.       0.00318            0.
        8760.       0.00305            0.
        8770.       0.00294            0.
        8780.       0.00283            0.
        8790.       0.00275            0.
        8800.       0.00264            0.
        8810.       0.00255            0.
        8820.       0.00243            0.
        8830.       0.00233            0.
        8840.       0.00221            0.
        8850.       0.00211            0.
        8860.         0.002            0.
        8870.        0.0019            0.
        8880.        0.0018            0.
        8890.       0.00171            0.
        8900.       0.00162            0.
        8910.       0.00155            0.
        8920.       0.00146            0.
        8930.       0.00138            0.
        8940.       0.00131            0.
        8950.       0.00126            0.
        8960.        0.0012            0.
        8970.       0.00118            0.
        8980.       0.00113            0.
        8990.        0.0011            0.
        9000.       0.00105            0.
        9010.         0.001            0.
        9020.   9.400000E-4            0.
        9030.   9.000000E-4            0.
        9040.   8.400000E-4            0.
        9050.   7.800000E-4            0.
        9060.   7.400000E-4            0.
        9070.   7.000000E-4            0.
        9080.   6.500000E-4            0.
        9090.   6.000000E-4            0.
        9100.   5.500000E-4            0.
        9110.   5.300000E-4            0.
        9120.   4.800000E-4            0.
        9130.   4.600000E-4            0.
        9140.   4.100000E-4            0.
        9150.   3.900000E-4            0.
        9160.   3.700000E-4            0.
        9170.   3.400000E-4            0.
        9180.   3.300000E-4            0.
        9190.   3.200000E-4            0.
        9200.   3.000000E-4            0.
        9210.   2.900000E-4            0.
        9220.   2.700000E-4            0.
        9230.   2.700000E-4            0.
        9240.   2.600000E-4            0.
        9250.   2.500000E-4            0.
        9260.   2.400000E-4            0.
        9270.   2.300000E-4            0.
        9280.   2.200000E-4            0.
        9290.   2.100000E-4            0.
        9300.   2.000000E-4            0.
        9310.   2.000000E-4            0.
        9320.   1.700000E-4            0.
        9330.   1.700000E-4            0.
        9340.   1.600000E-4            0.
        9350.   1.500000E-4            0.
        9360.   1.500000E-4            0.
        9370.   1.300000E-4            0.
        9380.   1.300000E-4            0.
        9390.   1.300000E-4            0.
        9400.   1.100000E-4            0.
        9410.   1.100000E-4            0.
        9420.   1.100000E-4            0.
        9430.   1.000000E-4            0.
        9440.   1.000000E-4            0.
        9450.   1.000000E-4            0.
        9460.   1.000000E-4            0.
        9470.   9.000000E-5            0.
        9480.   1.000000E-4            0.
        9490.   1.000000E-4            0.
        9500.   9.000000E-5            0.
        9510.   9.000000E-5            0.
        9520.   9.000000E-5            0.
        9530.   9.000000E-5            0.
        9540.   8.000000E-5            0.
        9550.   9.000000E-5            0.
        9560.   9.000000E-5            0.
        9570.   8.000000E-5            0.
        9580.   9.000000E-5            0.
        9590.   9.000000E-5            0.
        9600.   7.000000E-5            0.
        9610.   8.000000E-5            0.
        9620.   8.000000E-5            0.
        9630.   6.000000E-5            0.
        9640.   7.000000E-5            0.
        9650.   6.000000E-5            0.
        9660.   7.000000E-5            0.
        9670.   7.000000E-5            0.
        9680.   6.000000E-5            0.
        9690.   5.000000E-5            0.
        9700.   6.000000E-5            0.
        9710.   6.000000E-5            0.
        9720.   6.000000E-5            0.
        9730.   6.000000E-5            0.
        9740.   6.000000E-5            0.
        9750.   6.000000E-5            0.
        9760.   6.000000E-5            0.
        9770.   7.000000E-5            0.
        9780.   7.000000E-5            0.
        9790.   5.000000E-5            0.
        9800.   7.000000E-5            0.
        9810.   7.000000E-5            0.
        9820.   7.000000E-5            0.
        9830.   7.000000E-5            0.
        9840.   7.000000E-5            0.
        9850.   7.000000E-5            0.
        9860.   7.000000E-5            0.
        9870.   6.000000E-5            0.
        9880.   7.000000E-5            0.
        9890.   6.000000E-5            0.
        9900.   7.000000E-5            0.
        9910.   5.000000E-5            0.
        9920.   6.000000E-5            0.
        9930.   6.000000E-5            0.
        9940.   4.000000E-5            0.
        9950.   5.000000E-5            0.
        9960.   5.000000E-5            0.
        9970.   5.000000E-5            0.
        9980.   5.000000E-5            0.
        9990.   5.000000E-5            0.
       10000.   5.000000E-5            0.
       10010.   5.000000E-5            0.
       10020.   5.000000E-5            0.
       10030.   5.000000E-5            0.
       10040.   6.000000E-5            0.
       10050.   5.000000E-5            0.
       10060.   5.000000E-5            0.
       10070.   7.000000E-5            0.
       10080.   5.000000E-5            0.
       10090.   5.000000E-5            0.
       10100.   6.000000E-5            0.
       10110.   7.000000E-5            0.
       10120.   7.000000E-5            0.
       10130.   7.000000E-5            0.
       10140.   6.000000E-5            0.
       10150.   7.000000E-5            0.
       10160.   7.000000E-5            0.
       10170.   7.000000E-5            0.
       10180.   7.000000E-5            0.
       10190.   7.000000E-5            0.
       10200.   6.000000E-5            0.
       10210.   6.000000E-5            0.
       10220.   6.000000E-5            0.
       10230.   6.000000E-5            0.
       10240.   5.000000E-5            0.
       10250.   7.000000E-5            0.
       10260.   6.000000E-5            0.
       10270.   5.000000E-5            0.
       10280.   5.000000E-5            0.
       10290.   6.000000E-5            0.
       10300.   6.000000E-5            0.
       10310.   7.000000E-5            0.
       10320.   7.000000E-5            0.
       10330.   6.000000E-5            0.
       10340.   6.000000E-5            0.
       10350.   7.000000E-5            0.
       10360.   7.000000E-5            0.
       10370.   6.000000E-5            0.
       10380.   7.000000E-5            0.
       10390.   7.000000E-5            0.
       10400.   6.000000E-5            0.
       10410.   7.000000E-5            0.
       10420.   8.000000E-5            0.
       10430.   8.000000E-5            0.
       10440.   8.000000E-5            0.
       10450.   8.000000E-5            0.
       10460.   8.000000E-5            0.
       10470.   8.000000E-5            0.
       10480.   8.000000E-5            0.
       10490.   9.000000E-5            0.
       10500.   9.000000E-5            0.
       10510.   1.000000E-4            0.
       10520.   1.000000E-4            0.
       10530.   1.000000E-4            0.
       10540.   1.000000E-4            0.
       10550.   1.000000E-4            0.
       10560.   9.000000E-5            0.
       10570.   9.000000E-5            0.
       10580.   9.000000E-5            0.
       10590.   9.000000E-5            0.
       10600.   1.000000E-4            0.
       10610.   1.000000E-4            0.
       10620.   8.000000E-5            0.
       10630.   9.000000E-5            0.
       10640.   1.000000E-4            0.
       10650.   9.000000E-5            0.
       10660.   9.000000E-5            0.
       10670.   1.000000E-4            0.
       10680.   1.000000E-4            0.
       10690.   1.000000E-4            0.
       10700.   1.000000E-4            0.
       10710.   1.200000E-4            0.
       10720.   1.200000E-4            0.
       10730.   1.200000E-4            0.
       10740.   1.200000E-4            0.
       10750.   1.300000E-4            0.
       10760.   1.400000E-4            0.
       10770.   1.600000E-4            0.
       10780.   1.600000E-4            0.
       10790.   1.700000E-4            0.
       10800.   1.800000E-4            0.
       10810.   1.900000E-4            0.
       10820.   1.900000E-4            0.
       10830.   2.000000E-4            0.
       10840.   2.000000E-4            0.
       10850.   2.100000E-4            0.
       10860.   2.100000E-4            0.
       10870.   2.000000E-4            0.
       10880.   2.100000E-4            0.
       10890.   2.200000E-4            0.
       10900.   2.200000E-4            0.
       10910.   2.200000E-4            0.
       10920.   2.200000E-4            0.
       10930.   2.300000E-4            0.
       10940.   2.300000E-4            0.
       10950.   2.300000E-4            0.
       10960.   2.400000E-4            0.
       10970.   2.500000E-4            0.
       10980.   2.600000E-4            0.
       10990.   2.800000E-4            0.
       11000.   2.700000E-4            0.
       13000.            0.            0.
