         100.            0.            0.
        1860.   1.700000E-4            0.
        1870.   1.300000E-4            0.
        1880.   3.000000E-5            0.
        1890.   1.000000E-5            0.
        1900.            0.            0.
        1910.            0.            0.
        1920.   4.000000E-5            0.
        1930.   2.000000E-5            0.
        1940.            0.            0.
        1950.            0.            0.
        1960.            0.            0.
        1970.            0.            0.
        1980.            0.            0.
        1990.            0.            0.
        2000.            0.            0.
        2010.            0.            0.
        2020.            0.            0.
        2030.            0.            0.
        2040.   1.000000E-5            0.
        2050.            0.            0.
        2060.            0.            0.
        2070.            0.            0.
        2080.   1.000000E-5            0.
        2090.            0.            0.
        2100.            0.            0.
        2110.            0.            0.
        2120.            0.            0.
        2130.            0.            0.
        2140.            0.            0.
        2150.            0.            0.
        2160.            0.            0.
        2170.            0.            0.
        2180.            0.            0.
        2190.            0.            0.
        2200.            0.            0.
        2210.            0.            0.
        2220.            0.            0.
        2230.            0.            0.
        2240.   1.000000E-5            0.
        2250.   1.000000E-5            0.
        2260.   4.000000E-5            0.
        2270.   1.100000E-4            0.
        2280.   2.800000E-4            0.
        2290.   5.900000E-4            0.
        2300.       0.00124            0.
        2310.       0.00224            0.
        2320.       0.00408            0.
        2330.       0.00649            0.
        2340.       0.00973            0.
        2350.       0.01466            0.
        2360.       0.02131            0.
        2370.       0.02947            0.
        2380.        0.0397            0.
        2390.       0.05142            0.
        2400.       0.06552            0.
        2410.       0.08068            0.
        2420.        0.0978            0.
        2430.        0.1158            0.
        2440.       0.13566            0.
        2450.       0.15548            0.
        2460.       0.17652            0.
        2470.       0.19651            0.
        2480.        0.2183            0.
        2490.       0.23829            0.
        2500.       0.25964            0.
        2510.       0.27843            0.
        2520.       0.29879            0.
        2530.       0.31585            0.
        2540.       0.33419            0.
        2550.       0.34917            0.
        2560.       0.36557            0.
        2570.       0.37825            0.
        2580.        0.3919            0.
        2590.       0.40228            0.
        2600.       0.41276            0.
        2610.       0.42149            0.
        2620.       0.43009            0.
        2630.       0.43757            0.
        2640.       0.44433            0.
        2650.       0.44971            0.
        2660.       0.45384            0.
        2670.       0.45724            0.
        2680.       0.46048            0.
        2690.       0.46372            0.
        2700.       0.46874            0.
        2710.       0.47256            0.
        2720.       0.47592            0.
        2730.       0.47752            0.
        2740.        0.4785            0.
        2750.       0.47892            0.
        2760.       0.47926            0.
        2770.       0.47892            0.
        2780.       0.47836            0.
        2790.        0.4771            0.
        2800.       0.47616            0.
        2810.       0.47476            0.
        2820.       0.47306            0.
        2830.        0.4713            0.
        2840.       0.46982            0.
        2850.       0.46884            0.
        2860.         0.467            0.
        2870.       0.46598            0.
        2880.       0.46414            0.
        2890.       0.46272            0.
        2900.       0.46027            0.
        2910.       0.45762            0.
        2920.       0.45586            0.
        2930.       0.45338            0.
        2940.       0.45066            0.
        2950.       0.44848            0.
        2960.         0.446            0.
        2970.       0.44372            0.
        2980.       0.44056            0.
        2990.       0.43815            0.
        3000.       0.43518            0.
        3010.       0.43223            0.
        3020.       0.42937            0.
        3030.       0.42669            0.
        3040.       0.42345            0.
        3050.       0.42031            0.
        3060.       0.41677            0.
        3070.       0.41343            0.
        3080.       0.40969            0.
        3090.       0.40593            0.
        3100.       0.40195            0.
        3110.       0.39809            0.
        3120.       0.39369            0.
        3130.       0.38891            0.
        3140.       0.38401            0.
        3150.       0.37951            0.
        3160.       0.37396            0.
        3170.       0.36898            0.
        3180.       0.36334            0.
        3190.         0.358            0.
        3200.       0.35178            0.
        3210.        0.3463            0.
        3220.       0.33981            0.
        3230.       0.33395            0.
        3240.       0.32723            0.
        3250.       0.32121            0.
        3260.       0.31411            0.
        3270.       0.30751            0.
        3280.        0.3001            0.
        3290.        0.2937            0.
        3300.       0.28648            0.
        3310.       0.27976            0.
        3320.       0.27209            0.
        3330.       0.26529            0.
        3340.       0.25757            0.
        3350.       0.25109            0.
        3360.       0.24369            0.
        3370.       0.23687            0.
        3380.       0.22944            0.
        3390.       0.22344            0.
        3400.       0.21413            0.
        3410.       0.20749            0.
        3420.       0.20124            0.
        3430.       0.19459            0.
        3440.       0.18842            0.
        3450.       0.18192            0.
        3460.       0.17604            0.
        3470.       0.16988            0.
        3480.       0.16434            0.
        3490.        0.1584            0.
        3500.        0.1531            0.
        3510.       0.14742            0.
        3520.        0.1424            0.
        3530.       0.13697            0.
        3540.       0.13216            0.
        3550.       0.12699            0.
        3560.        0.1225            0.
        3570.       0.11769            0.
        3580.       0.11331            0.
        3590.       0.10873            0.
        3600.       0.10457            0.
        3610.       0.10013            0.
        3620.       0.09619            0.
        3630.       0.09202            0.
        3640.       0.08827            0.
        3650.       0.08432            0.
        3660.       0.08074            0.
        3670.       0.07696            0.
        3680.       0.07354            0.
        3690.       0.06998            0.
        3700.        0.0668            0.
        3710.       0.06348            0.
        3720.       0.06034            0.
        3730.       0.05712            0.
        3740.       0.05409            0.
        3750.       0.05099            0.
        3760.       0.04805            0.
        3770.       0.04501            0.
        3780.       0.04213            0.
        3790.       0.03921            0.
        3800.       0.03642            0.
        3810.       0.03358            0.
        3830.       0.02448            0.
        3840.       0.02237            0.
        3850.       0.02006            0.
        3860.       0.01812            0.
        3870.       0.01601            0.
        3880.       0.01426            0.
        3890.       0.01237            0.
        3900.       0.01085            0.
        3910.       0.00925            0.
        3920.       0.00798            0.
        3930.       0.00666            0.
        3940.       0.00565            0.
        3950.       0.00464            0.
        3960.       0.00387            0.
        3970.       0.00311            0.
        3980.       0.00256            0.
        3990.       0.00202            0.
        4000.       0.00164            0.
        4010.       0.00128            0.
        4020.       0.00102            0.
        4030.   7.800000E-4            0.
        4040.   6.200000E-4            0.
        4050.   4.700000E-4            0.
        4060.   3.700000E-4            0.
        4070.   2.800000E-4            0.
        4080.   2.200000E-4            0.
        4090.   1.700000E-4            0.
        4100.   1.300000E-4            0.
        4110.   1.000000E-4            0.
        4120.   8.000000E-5            0.
        4130.   6.000000E-5            0.
        4140.   5.000000E-5            0.
        4150.   4.000000E-5            0.
        4160.   3.000000E-5            0.
        4170.   3.000000E-5            0.
        4180.   2.000000E-5            0.
        4190.   2.000000E-5            0.
        4200.   1.000000E-5            0.
        4210.   1.000000E-5            0.
        4220.   1.000000E-5            0.
        4230.   1.000000E-5            0.
        4240.   1.000000E-5            0.
        4250.            0.            0.
        4260.            0.            0.
        4270.            0.            0.
        4280.            0.            0.
        4290.            0.            0.
        4300.            0.            0.
        4310.            0.            0.
        4320.            0.            0.
        4330.            0.            0.
        4340.            0.            0.
        4350.            0.            0.
        4360.            0.            0.
        4370.            0.            0.
        4380.            0.            0.
        4390.            0.            0.
        4400.            0.            0.
        4410.            0.            0.
        4420.            0.            0.
        4430.            0.            0.
        4440.            0.            0.
        4450.            0.            0.
        4460.            0.            0.
        4470.            0.            0.
        4480.            0.            0.
        4490.            0.            0.
        4500.            0.            0.
        4510.            0.            0.
        4520.            0.            0.
        4530.            0.            0.
        4540.            0.            0.
        4550.            0.            0.
        4560.            0.            0.
        4570.            0.            0.
        4580.            0.            0.
        4590.            0.            0.
        4600.            0.            0.
        4610.            0.            0.
        4620.            0.            0.
        4630.            0.            0.
        4640.            0.            0.
        4650.            0.            0.
        4660.            0.            0.
        4670.            0.            0.
        4680.            0.            0.
        4690.            0.            0.
        4700.            0.            0.
        4710.            0.            0.
        4720.            0.            0.
        4730.            0.            0.
        4740.            0.            0.
        4750.            0.            0.
        4760.            0.            0.
        4770.            0.            0.
        4780.            0.            0.
        4790.            0.            0.
        4800.            0.            0.
        4810.            0.            0.
        4820.            0.            0.
        4830.            0.            0.
        4840.            0.            0.
        4850.            0.            0.
        4860.            0.            0.
        4870.            0.            0.
        4880.            0.            0.
        4890.            0.            0.
        4900.            0.            0.
        4910.            0.            0.
        4920.            0.            0.
        4930.            0.            0.
        4940.            0.            0.
        4950.            0.            0.
        4960.            0.            0.
        4970.            0.            0.
        4980.            0.            0.
        4990.            0.            0.
        5000.            0.            0.
        5010.            0.            0.
        5020.            0.            0.
        5030.            0.            0.
        5040.            0.            0.
        5050.            0.            0.
        5060.            0.            0.
        5070.            0.            0.
        5080.            0.            0.
        5090.            0.            0.
        5100.            0.            0.
        5110.            0.            0.
        5120.            0.            0.
        5130.            0.            0.
        5140.            0.            0.
        5150.            0.            0.
        5160.            0.            0.
        5170.            0.            0.
        5180.            0.            0.
        5190.            0.            0.
        5200.            0.            0.
        5210.            0.            0.
        5220.            0.            0.
        5230.            0.            0.
        5240.            0.            0.
        5250.            0.            0.
        5260.            0.            0.
        5270.            0.            0.
        5280.            0.            0.
        5290.            0.            0.
        5300.            0.            0.
        5310.            0.            0.
        5320.            0.            0.
        5330.            0.            0.
        5340.            0.            0.
        5350.            0.            0.
        5360.            0.            0.
        5370.            0.            0.
        5380.            0.            0.
        5390.            0.            0.
        5400.            0.            0.
        5410.            0.            0.
        5420.            0.            0.
        5430.            0.            0.
        5440.            0.            0.
        5450.            0.            0.
        5460.            0.            0.
        5470.            0.            0.
        5480.            0.            0.
        5490.            0.            0.
        5500.            0.            0.
        5510.            0.            0.
        5520.            0.            0.
        5530.            0.            0.
        5540.            0.            0.
        5550.            0.            0.
        5560.            0.            0.
        5570.            0.            0.
        5580.            0.            0.
        5590.            0.            0.
        5600.            0.            0.
        5610.            0.            0.
        5620.            0.            0.
        5630.            0.            0.
        5640.            0.            0.
        5650.            0.            0.
        5660.            0.            0.
        5670.            0.            0.
        5680.            0.            0.
        5690.            0.            0.
        5700.            0.            0.
        5710.            0.            0.
        5720.            0.            0.
        5730.            0.            0.
        5740.            0.            0.
        5750.            0.            0.
        5760.            0.            0.
        5770.            0.            0.
        5780.            0.            0.
        5790.            0.            0.
        5800.            0.            0.
        5810.            0.            0.
        5820.            0.            0.
        5830.            0.            0.
        5840.            0.            0.
        5850.            0.            0.
        5860.            0.            0.
        5870.            0.            0.
        5880.            0.            0.
        5890.            0.            0.
        5900.            0.            0.
        5910.            0.            0.
        5920.            0.            0.
        5930.            0.            0.
        5940.            0.            0.
        5950.            0.            0.
        5960.            0.            0.
        5970.            0.            0.
        5980.            0.            0.
        5990.            0.            0.
        6000.            0.            0.
        6010.            0.            0.
        6020.            0.            0.
        6030.            0.            0.
        6040.            0.            0.
        6050.            0.            0.
        6060.            0.            0.
        6070.            0.            0.
        6080.            0.            0.
        6090.            0.            0.
        6100.            0.            0.
        6110.            0.            0.
        6120.            0.            0.
        6130.            0.            0.
        6140.            0.            0.
        6150.            0.            0.
        6160.            0.            0.
        6170.            0.            0.
        6180.            0.            0.
        6190.            0.            0.
        6200.            0.            0.
        6210.            0.            0.
        6220.            0.            0.
        6230.            0.            0.
        6240.            0.            0.
        6250.            0.            0.
        6260.            0.            0.
        6270.            0.            0.
        6280.            0.            0.
        6290.            0.            0.
        6300.            0.            0.
        6310.            0.            0.
        6320.            0.            0.
        6330.            0.            0.
        6340.            0.            0.
        6350.            0.            0.
        6360.            0.            0.
        6370.            0.            0.
        6380.            0.            0.
        6390.            0.            0.
        6400.            0.            0.
        6410.            0.            0.
        6420.            0.            0.
        6430.            0.            0.
        6440.            0.            0.
        6450.            0.            0.
        6460.            0.            0.
        6470.            0.            0.
        6480.            0.            0.
        6490.            0.            0.
        6500.            0.            0.
        6510.            0.            0.
        6520.            0.            0.
        6530.            0.            0.
        6540.            0.            0.
        6550.            0.            0.
        6560.            0.            0.
        6570.            0.            0.
        6580.            0.            0.
        6590.            0.            0.
        6600.            0.            0.
        6610.            0.            0.
        6620.            0.            0.
        6630.            0.            0.
        6640.            0.            0.
        6650.            0.            0.
        6660.            0.            0.
        6670.            0.            0.
        6680.   1.000000E-5            0.
        6690.   1.000000E-5            0.
        6700.   1.000000E-5            0.
        6710.   1.000000E-5            0.
        6720.   2.000000E-5            0.
        6730.   2.000000E-5            0.
        6740.   2.000000E-5            0.
        6750.   3.000000E-5            0.
        6760.   4.000000E-5            0.
        6770.   4.000000E-5            0.
        6780.   5.000000E-5            0.
        6790.   5.000000E-5            0.
        6800.   6.000000E-5            0.
        6810.   7.000000E-5            0.
        6820.   8.000000E-5            0.
        6830.   8.000000E-5            0.
        6840.   1.000000E-4            0.
        6850.   1.000000E-4            0.
        6860.   1.100000E-4            0.
        6870.   1.200000E-4            0.
        6880.   1.300000E-4            0.
        6890.   1.400000E-4            0.
        6900.   1.600000E-4            0.
        6910.   1.600000E-4            0.
        6920.   1.700000E-4            0.
        6930.   1.800000E-4            0.
        6940.   1.900000E-4            0.
        6950.   2.000000E-4            0.
        6960.   2.100000E-4            0.
        6970.   2.200000E-4            0.
        6980.   2.200000E-4            0.
        6990.   2.300000E-4            0.
        7000.   2.400000E-4            0.
        7010.   2.400000E-4            0.
        7020.   2.500000E-4            0.
        7030.   2.500000E-4            0.
        7040.   2.600000E-4            0.
        7050.   2.600000E-4            0.
        7060.   2.700000E-4            0.
        7070.   2.700000E-4            0.
        7080.   2.800000E-4            0.
        7090.   2.800000E-4            0.
        7100.   2.800000E-4            0.
        7110.   2.800000E-4            0.
        7120.   2.900000E-4            0.
        7130.   2.900000E-4            0.
        7140.   2.900000E-4            0.
        7150.   2.900000E-4            0.
        7160.   2.900000E-4            0.
        7170.   2.900000E-4            0.
        7180.   2.900000E-4            0.
        7190.   2.900000E-4            0.
        7200.   2.900000E-4            0.
        7210.   2.900000E-4            0.
        7220.   2.900000E-4            0.
        7230.   2.800000E-4            0.
        7240.   2.800000E-4            0.
        7250.   2.800000E-4            0.
        7260.   2.800000E-4            0.
        7270.   2.800000E-4            0.
        7280.   2.700000E-4            0.
        7290.   2.700000E-4            0.
        7300.   2.700000E-4            0.
        7310.   2.700000E-4            0.
        7320.   2.600000E-4            0.
        7330.   2.600000E-4            0.
        7340.   2.600000E-4            0.
        7350.   2.600000E-4            0.
        7360.   2.500000E-4            0.
        7370.   2.500000E-4            0.
        7380.   2.500000E-4            0.
        7390.   2.400000E-4            0.
        7400.   2.400000E-4            0.
        7410.   2.400000E-4            0.
        7420.   2.400000E-4            0.
        7430.   2.300000E-4            0.
        7440.   2.300000E-4            0.
        7450.   2.300000E-4            0.
        7460.   2.200000E-4            0.
        7470.   2.200000E-4            0.
        7480.   2.200000E-4            0.
        7490.   2.100000E-4            0.
        7500.   2.100000E-4            0.
        7510.   2.100000E-4            0.
        7520.   2.100000E-4            0.
        7530.   2.000000E-4            0.
        7540.   2.000000E-4            0.
        7550.   2.000000E-4            0.
        7560.   2.000000E-4            0.
        7570.   1.900000E-4            0.
        7580.   1.900000E-4            0.
        7590.   1.900000E-4            0.
        7600.   1.900000E-4            0.
        7610.   1.800000E-4            0.
        7620.   1.800000E-4            0.
        7630.   1.800000E-4            0.
        7640.   1.800000E-4            0.
        7650.   1.800000E-4            0.
        7660.   1.700000E-4            0.
        7670.   1.700000E-4            0.
        7680.   1.700000E-4            0.
        7690.   1.700000E-4            0.
        7700.   1.700000E-4            0.
        7710.   1.600000E-4            0.
        7720.   1.600000E-4            0.
        7730.   1.600000E-4            0.
        7740.   1.600000E-4            0.
        7750.   1.600000E-4            0.
        7760.   1.600000E-4            0.
        7770.   1.500000E-4            0.
        7780.   1.500000E-4            0.
        7790.   1.500000E-4            0.
        7800.   1.500000E-4            0.
        7810.   1.500000E-4            0.
        7820.   1.500000E-4            0.
        7830.   1.400000E-4            0.
        7840.   1.400000E-4            0.
        7850.   1.400000E-4            0.
        7860.   1.400000E-4            0.
        7870.   1.400000E-4            0.
        7880.   1.400000E-4            0.
        7890.   1.400000E-4            0.
        7900.   1.400000E-4            0.
        7910.   1.400000E-4            0.
        7920.   1.300000E-4            0.
        7930.   1.300000E-4            0.
        7940.   1.300000E-4            0.
        7950.   1.300000E-4            0.
        7960.   1.300000E-4            0.
        7970.   1.300000E-4            0.
        7980.   1.300000E-4            0.
        7990.   1.300000E-4            0.
        8000.   9.000000E-5            0.
        8010.   1.300000E-4            0.
        8020.   1.100000E-4            0.
        8030.   1.200000E-4            0.
        8040.   1.200000E-4            0.
        8050.   1.100000E-4            0.
        8060.   1.400000E-4            0.
        8070.   1.300000E-4            0.
        8080.   9.000000E-5            0.
        8090.   1.300000E-4            0.
        8100.   1.100000E-4            0.
        8110.   1.100000E-4            0.
        8120.   1.200000E-4            0.
        8130.   1.300000E-4            0.
        8140.   1.100000E-4            0.
        8150.   1.400000E-4            0.
        8160.   1.200000E-4            0.
        8170.   1.100000E-4            0.
        8180.   1.300000E-4            0.
        8190.   1.000000E-4            0.
        8200.   1.300000E-4            0.
        8210.   1.400000E-4            0.
        8220.   1.200000E-4            0.
        8230.   1.200000E-4            0.
        8240.   1.100000E-4            0.
        8250.   1.200000E-4            0.
        8260.   1.100000E-4            0.
        8270.   1.100000E-4            0.
        8280.   1.100000E-4            0.
        8290.   1.100000E-4            0.
        8300.   1.100000E-4            0.
        8310.   9.000000E-5            0.
        8320.   1.000000E-4            0.
        8330.   1.300000E-4            0.
        8340.   1.200000E-4            0.
        8350.   1.100000E-4            0.
        8360.   1.100000E-4            0.
        8370.   1.100000E-4            0.
        8380.   8.000000E-5            0.
        8390.   1.100000E-4            0.
        8400.   1.200000E-4            0.
        8410.   1.000000E-4            0.
        8420.   1.300000E-4            0.
        8430.   1.400000E-4            0.
        8440.   1.200000E-4            0.
        8450.   1.200000E-4            0.
        8460.   1.200000E-4            0.
        8470.   1.100000E-4            0.
        8480.   1.000000E-4            0.
        8490.   1.200000E-4            0.
        8500.   9.000000E-5            0.
        8510.   1.200000E-4            0.
        8520.   1.000000E-4            0.
        8530.   1.200000E-4            0.
        8540.   1.300000E-4            0.
        8550.   1.200000E-4            0.
        8560.   1.400000E-4            0.
        8570.   1.200000E-4            0.
        8580.   1.300000E-4            0.
        8590.   1.300000E-4            0.
        8600.   1.300000E-4            0.
        8610.   9.000000E-5            0.
        8620.   1.100000E-4            0.
        8630.   1.100000E-4            0.
        8640.   1.200000E-4            0.
        8650.   1.000000E-4            0.
        8660.   1.100000E-4            0.
        8670.   8.000000E-5            0.
        8680.   1.000000E-4            0.
        8690.   1.300000E-4            0.
        8700.   1.200000E-4            0.
        8710.   1.000000E-4            0.
        8720.   1.100000E-4            0.
        8730.   1.200000E-4            0.
        8740.   1.200000E-4            0.
        8750.   1.200000E-4            0.
        8760.   1.400000E-4            0.
        8770.   1.100000E-4            0.
        8780.   1.200000E-4            0.
        8790.   1.100000E-4            0.
        8800.   1.200000E-4            0.
        8810.   1.100000E-4            0.
        8820.   1.100000E-4            0.
        8830.   1.000000E-4            0.
        8840.   1.200000E-4            0.
        8850.   1.000000E-4            0.
        8860.   1.200000E-4            0.
        8870.   1.200000E-4            0.
        8880.   1.300000E-4            0.
        8890.   1.400000E-4            0.
        8900.   1.300000E-4            0.
        8910.   1.000000E-4            0.
        8920.   1.200000E-4            0.
        8930.   1.100000E-4            0.
        8940.   1.200000E-4            0.
        8950.   1.200000E-4            0.
        8960.   1.300000E-4            0.
        8970.   1.300000E-4            0.
        8980.   1.200000E-4            0.
        8990.   1.200000E-4            0.
        9000.   1.200000E-4            0.
        9010.   1.000000E-4            0.
        9020.   1.400000E-4            0.
        9030.   1.100000E-4            0.
        9040.   1.200000E-4            0.
        9050.   1.100000E-4            0.
        9060.   1.100000E-4            0.
        9070.   1.200000E-4            0.
        9080.   1.500000E-4            0.
        9090.   1.300000E-4            0.
        9100.   9.000000E-5            0.
        9110.   1.000000E-4            0.
        9120.   1.200000E-4            0.
        9130.   1.400000E-4            0.
        9140.   1.100000E-4            0.
        9150.   1.100000E-4            0.
        9160.   1.100000E-4            0.
        9170.   1.000000E-4            0.
        9180.   1.100000E-4            0.
        9190.   1.100000E-4            0.
        9200.   1.300000E-4            0.
        9210.   1.200000E-4            0.
        9220.   1.100000E-4            0.
        9230.   1.300000E-4            0.
        9240.   1.300000E-4            0.
        9250.   1.200000E-4            0.
        9260.   1.300000E-4            0.
        9270.   1.200000E-4            0.
        9280.   1.100000E-4            0.
        9290.   1.000000E-4            0.
        9300.   1.300000E-4            0.
        9310.   1.300000E-4            0.
        9320.   1.200000E-4            0.
        9330.   1.200000E-4            0.
        9340.   1.400000E-4            0.
        9350.   1.400000E-4            0.
        9360.   1.500000E-4            0.
        9370.   1.000000E-4            0.
        9380.   1.300000E-4            0.
        9390.   1.200000E-4            0.
        9400.   1.300000E-4            0.
        9410.   1.300000E-4            0.
        9420.   1.400000E-4            0.
        9430.   1.600000E-4            0.
        9440.   1.400000E-4            0.
        9450.   1.400000E-4            0.
        9460.   1.200000E-4            0.
        9470.   1.300000E-4            0.
        9480.   1.100000E-4            0.
        9490.   1.500000E-4            0.
        9500.   1.400000E-4            0.
        9510.   1.200000E-4            0.
        9520.   1.300000E-4            0.
        9530.   1.300000E-4            0.
        9540.   1.000000E-4            0.
        9550.   1.400000E-4            0.
        9560.   1.100000E-4            0.
        9570.   1.500000E-4            0.
        9580.   1.300000E-4            0.
        9590.   1.200000E-4            0.
        9600.   1.100000E-4            0.
        9610.   1.200000E-4            0.
        9620.   1.200000E-4            0.
        9630.   1.400000E-4            0.
        9640.   1.400000E-4            0.
        9650.   1.300000E-4            0.
        9660.   1.200000E-4            0.
        9670.   1.100000E-4            0.
        9680.   1.400000E-4            0.
        9690.   1.400000E-4            0.
        9700.   1.500000E-4            0.
        9710.   1.300000E-4            0.
        9720.   1.600000E-4            0.
        9730.   1.300000E-4            0.
        9740.   1.400000E-4            0.
        9750.   1.500000E-4            0.
        9760.   1.100000E-4            0.
        9770.   1.200000E-4            0.
        9780.   1.300000E-4            0.
        9790.   1.100000E-4            0.
        9800.   1.300000E-4            0.
        9810.   1.200000E-4            0.
        9820.   1.400000E-4            0.
        9830.   1.300000E-4            0.
        9840.   1.200000E-4            0.
        9850.   1.300000E-4            0.
        9860.   1.400000E-4            0.
        9870.   1.300000E-4            0.
        9880.   1.400000E-4            0.
        9890.   1.300000E-4            0.
        9900.   1.400000E-4            0.
        9910.   1.200000E-4            0.
        9920.   1.200000E-4            0.
        9930.   1.300000E-4            0.
        9940.   1.500000E-4            0.
        9950.   1.100000E-4            0.
        9960.   1.400000E-4            0.
        9970.   1.400000E-4            0.
        9980.   1.300000E-4            0.
        9990.   1.600000E-4            0.
       10000.   1.600000E-4            0.
       10010.   1.300000E-4            0.
       10020.   1.300000E-4            0.
       10030.   1.400000E-4            0.
       10040.   1.200000E-4            0.
       10050.   1.300000E-4            0.
       10060.   1.400000E-4            0.
       10070.   1.500000E-4            0.
       10080.   1.500000E-4            0.
       10090.   1.300000E-4            0.
       10100.   1.200000E-4            0.
       10110.   1.600000E-4            0.
       10120.   1.500000E-4            0.
       10130.   1.300000E-4            0.
       10140.   1.500000E-4            0.
       10150.   1.600000E-4            0.
       10160.   1.300000E-4            0.
       10170.   1.100000E-4            0.
       10180.   1.400000E-4            0.
       10190.   1.200000E-4            0.
       10200.   1.700000E-4            0.
       10210.   1.400000E-4            0.
       10220.   1.200000E-4            0.
       10230.   1.400000E-4            0.
       10240.   1.600000E-4            0.
       10250.   1.600000E-4            0.
       10260.   1.500000E-4            0.
       10270.   1.600000E-4            0.
       10280.   1.500000E-4            0.
       10290.   1.400000E-4            0.
       10300.   1.300000E-4            0.
       10310.   1.300000E-4            0.
       10320.   1.400000E-4            0.
       10330.   1.300000E-4            0.
       10340.   1.500000E-4            0.
       10350.   1.400000E-4            0.
       10360.   1.300000E-4            0.
       10370.   1.400000E-4            0.
       10380.   1.300000E-4            0.
       10390.   1.600000E-4            0.
       10400.   1.400000E-4            0.
       10410.   1.300000E-4            0.
       10420.   1.300000E-4            0.
       10430.   1.400000E-4            0.
       10440.   1.000000E-4            0.
       10450.   1.300000E-4            0.
       10460.   1.500000E-4            0.
       10470.   1.500000E-4            0.
       10480.   1.300000E-4            0.
       10490.   1.500000E-4            0.
       10500.   1.300000E-4            0.
       10510.   1.300000E-4            0.
       10520.   1.700000E-4            0.
       10530.   1.500000E-4            0.
       10540.   1.200000E-4            0.
       10550.   1.300000E-4            0.
       10560.   1.200000E-4            0.
       10570.   1.200000E-4            0.
       10580.   1.200000E-4            0.
       10590.   1.300000E-4            0.
       10600.   1.300000E-4            0.
       10610.   1.000000E-4            0.
       10620.   1.000000E-4            0.
       10630.   1.000000E-4            0.
       10640.   1.100000E-4            0.
       10650.   1.300000E-4            0.
       10660.   1.200000E-4            0.
       10670.   1.200000E-4            0.
       10680.   1.200000E-4            0.
       10690.   1.200000E-4            0.
       10700.   1.300000E-4            0.
       10710.   1.300000E-4            0.
       10720.   1.300000E-4            0.
       10730.   1.300000E-4            0.
       10740.   1.300000E-4            0.
       10750.   1.000000E-4            0.
       10760.   1.100000E-4            0.
       10770.   1.100000E-4            0.
       10780.   9.000000E-5            0.
       10790.   9.000000E-5            0.
       10800.   1.000000E-4            0.
       10810.   1.200000E-4            0.
       10820.   1.100000E-4            0.
       10830.   1.400000E-4            0.
       10840.   1.200000E-4            0.
       10850.   1.300000E-4            0.
       10860.   1.200000E-4            0.
       10870.   1.200000E-4            0.
       10880.   1.100000E-4            0.
       10890.   1.200000E-4            0.
       10900.   1.000000E-4            0.
       10910.   1.000000E-4            0.
       10920.   9.000000E-5            0.
       10930.   1.000000E-4            0.
       10940.   1.200000E-4            0.
       10950.   1.000000E-4            0.
       10960.   8.000000E-5            0.
       10970.   1.000000E-4            0.
       10980.   8.000000E-5            0.
       10990.   9.000000E-5            0.
       11000.   8.000000E-5            0.
       13000.            0.            0.
