        1150.     0.0270803            0.
        1160.    0.03779938            0.
        1170.    0.04851846            0.
        1180.    0.05923754            0.
        1190.    0.06995662            0.
        1200.     0.0806757            0.
        1210.    0.08322845            0.
        1220.     0.0857812            0.
        1230.    0.08833394            0.
        1240.     0.0908868            0.
        1250.    0.09343956            0.
        1260.     0.0959923            0.
        1270.    0.09854515            0.
        1280.     0.1010979            0.
        1290.     0.1036507            0.
        1300.     0.1062031            0.
        1310.     0.1077368            0.
        1320.     0.1092695            0.
        1330.     0.1108022            0.
        1340.     0.1123349            0.
        1350.     0.1138686            0.
        1360.     0.1154013            0.
        1370.      0.116934            0.
        1380.     0.1184677            0.
        1390.     0.1200004            0.
        1400.      0.121533            0.
        1410.      0.121358            0.
        1420.     0.1211821            0.
        1430.     0.1210071            0.
        1440.     0.1208321            0.
        1450.     0.1206561            0.
        1460.     0.1204811            0.
        1470.      0.120305            0.
        1480.       0.12013            0.
        1490.     0.1199551            0.
        1500.      0.119779            0.
        1510.     0.1183117            0.
        1520.     0.1168433            0.
        1530.     0.1153749            0.
        1540.     0.1139076            0.
        1550.     0.1124392            0.
        1560.     0.1109708            0.
        1570.     0.1095035            0.
        1580.     0.1080351            0.
        1590.     0.1065667            0.
        1600.     0.1050992            0.
        1610.     0.1025465            0.
        1620.    0.09999361            0.
        1630.    0.09744087            0.
        1640.    0.09488811            0.
        1650.    0.09233526            0.
        1660.    0.08978251            0.
        1670.    0.08722976            0.
        1680.    0.08467691            0.
        1690.    0.08212416            0.
        1700.    0.07957141            0.
        1710.     0.0775902            0.
        1720.     0.0756091            0.
        1730.    0.07362789            0.
        1740.    0.07164679            0.
        1750.    0.06966558            0.
        1760.    0.06768437            0.
        1770.    0.06570327            0.
        1780.    0.06372206            0.
        1790.    0.06174085            0.
        1800.    0.05975975            0.
        1810.    0.05644698            0.
        1820.    0.05313422            0.
        1830.    0.04982146            0.
        1840.    0.04650869            0.
        1850.    0.04319592            0.
        1860.    0.03988316            0.
        1870.    0.03657039            0.
        1880.    0.03325763            0.
        1890.    0.02994486            0.
        1900.     0.0266321            0.
        1910.    0.02499189            0.
        1920.     0.0233518            0.
        1930.     0.0217116            0.
        1940.     0.0200715            0.
        1950.     0.0184313            0.
        1960.     0.0167912            0.
        1970.      0.015151            0.
        1980.     0.0135109            0.
        1990.     0.0118708            0.
        2000.    0.01001409            0.
        2010.   0.008959973            0.
        2020.   0.007589624            0.
        2030.   0.006324687            0.
        2040.   0.005270572            0.
        2050.    0.00442728            0.
        2060.   0.003900223            0.
        2070.   0.003056932            0.
        2080.   0.002319052            0.
        2090.   0.001897406            0.
        2100.   0.001264937            0.
        2110.   8.432915E-4            0.
        2120.   4.793417E-4            0.
        2130.   3.040614E-4            0.
        2140.   1.990843E-4            0.
        2150.   1.339801E-4            0.
        2160.   9.234653E-5            0.
        2170.   6.499774E-5            0.
        2180.   4.660208E-5            0.
        2190.   3.396726E-5            0.
        2200.   2.512608E-5            0.
        2210.   1.883555E-5            0.
        2220.   1.429158E-5            0.
        2230.   1.096427E-5            0.
        2240.   8.497322E-6            0.
        2250.   6.647298E-6            0.
        2260.   5.245168E-6            0.
        2270.   4.172196E-6            0.
        2280.   3.343662E-6            0.
        2290.   2.698512E-6            0.
        2300.   2.192168E-6            0.
        2310.   1.791857E-6            0.
        2320.   1.473188E-6            0.
        2330.   1.217882E-6            0.
        2340.   1.012060E-6            0.
        2350.   8.451805E-7            0.
        2360.   7.091323E-7            0.
        2370.   5.976439E-7            0.
        2380.   5.058231E-7            0.
        2390.   4.298500E-7            0.
        2400.   3.667053E-7            0.
        2410.   3.139996E-7            0.
        2420.   2.698248E-7            0.
        2430.   2.326546E-7            0.
        2440.   2.012642E-7            0.
        2450.   1.746562E-7            0.
        2460.   1.520265E-7            0.
        2470.   1.327140E-7            0.
        2480.   1.161803E-7            0.
        2490.   1.019834E-7            0.
        2500.   8.975520E-8            0.
        2510.   7.919309E-8            0.
        2520.   7.004507E-8            0.
        2530.   6.209999E-8            0.
        2540.   5.518205E-8            0.
        2550.   4.914292E-8            0.
        2560.   4.385854E-8            0.
        2570.   3.922370E-8            0.
        2580.   3.514903E-8            0.
        2590.   3.155903E-8            0.
        2600.   2.838941E-8            0.
        2610.   2.558494E-8            0.
        2620.   2.309860E-8            0.
        2630.   2.089012E-8            0.
        2640.   1.892441E-8            0.
        2650.   1.717173E-8            0.
        2660.   1.560617E-8            0.
        2670.   1.420525E-8            0.
        2680.   1.294959E-8            0.
        2690.   1.182221E-8            0.
        2700.   1.080847E-8            0.
        2710.   9.895267E-9            0.
        2720.   9.071540E-9            0.
        2730.   8.327399E-9            0.
        2740.   7.654114E-9            0.
        2750.   7.044120E-9            0.
        2760.   6.490667E-9            0.
        2770.   5.987855E-9            0.
        2780.   5.530422E-9            0.
        2790.   5.113752E-9            0.
        2800.   4.733743E-9            0.
        2810.   4.386728E-9            0.
        2820.   4.069451E-9            0.
        2830.   3.779032E-9            0.
        2840.   3.512900E-9            0.
        2850.   3.268735E-9            0.
        2860.   3.044462E-9            0.
        2870.   2.838277E-9            0.
        2880.   2.648484E-9            0.
        2890.   2.473638E-9            0.
        2900.   2.312369E-9            0.
        2910.   2.163475E-9            0.
        2920.   2.025903E-9            0.
        2930.   1.898629E-9            0.
        2940.   1.780789E-9            0.
        2950.   1.671594E-9            0.
        2960.   1.570314E-9            0.
        2970.   1.476298E-9            0.
        2980.   1.388933E-9            0.
        2990.   1.307692E-9            0.
        3000.   1.232081E-9            0.
        3010.   1.161655E-9            0.
        3020.   1.096005E-9            0.
        3030.   1.034759E-9            0.
        3040.  9.775794E-10            0.
        3050.  9.241621E-10            0.
        3060.  8.742182E-10            0.
        3070.  8.274882E-10            0.
        3080.  7.837372E-10            0.
        3090.  7.427522E-10            0.
        3100.  7.043256E-10            0.
        3110.  6.682748E-10            0.
        3120.  6.344325E-10            0.
        3130.  6.026435E-10            0.
        3140.  5.727647E-10            0.
        3150.  5.446610E-10            0.
        3160.  5.182142E-10            0.
        3170.  4.933108E-10            0.
        3180.  4.698483E-10            0.
        3190.  4.477288E-10            0.
        3200.  4.268626E-10            0.
        3210.  4.071707E-10            0.
        3220.  3.885740E-10            0.
        3230.  3.710050E-10            0.
        3240.  3.543933E-10            0.
        3250.  3.386848E-10            0.
        3260.  3.238176E-10            0.
        3270.  3.097452E-10            0.
        3280.  2.964117E-10            0.
        3290.  2.837750E-10            0.
        3300.  2.717939E-10            0.
        3310.  2.604285E-10            0.
        3320.  2.496396E-10            0.
        3330.  2.393978E-10            0.
        3340.  2.296673E-10            0.
        3350.  2.204195E-10            0.
        3360.  2.116272E-10            0.
        3370.  2.032617E-10            0.
        3380.  1.953042E-10            0.
        3390.  1.877262E-10            0.
        3400.  1.805087E-10            0.
        3410.  1.736316E-10            0.
        3420.  1.670761E-10            0.
        3430.  1.608262E-10            0.
        3440.  1.548621E-10            0.
        3450.  1.491709E-10            0.
        3460.  1.437380E-10            0.
        3470.  1.385486E-10            0.
        3480.  1.335900E-10            0.
        3490.  1.288518E-10            0.
        3500.  1.243202E-10            0.
        3510.  1.199867E-10            0.
        3520.  1.158398E-10            0.
        3530.  1.118700E-10            0.
        3540.  1.080699E-10            0.
        3550.  1.044301E-10            0.
        3560.  1.009422E-10            0.
        3570.  9.759940E-11            0.
        3580.  9.439469E-11            0.
        3590.  9.132078E-11            0.
        3600.  8.837179E-11            0.
        3610.  8.554180E-11            0.
        3620.  8.282504E-11            0.
        3630.  8.021601E-11            0.
        3640.  7.770995E-11            0.
        3650.  7.530225E-11            0.
        3660.  7.298772E-11            0.
        3670.  7.076271E-11            0.
        3680.  6.862254E-11            0.
        3690.  6.656405E-11            0.
        3700.  6.458359E-11            0.
        3710.  6.267659E-11            0.
        3720.  6.084117E-11            0.
        3730.  5.907320E-11            0.
        3740.  5.737038E-11            0.
        3750.  5.572966E-11            0.
        3760.  5.414817E-11            0.
        3770.  5.262371E-11            0.
        3780.  5.115354E-11            0.
        3790.  4.973533E-11            0.
        3800.  4.836730E-11            0.
        3810.  4.704713E-11            0.
        3820.  4.577281E-11            0.
        3830.  4.454255E-11            0.
        3840.  4.335414E-11            0.
        3850.  4.220632E-11            0.
        3860.  4.109739E-11            0.
        3870.  4.002588E-11            0.
        3880.  3.899000E-11            0.
        3890.  3.798839E-11            0.
        3900.  3.701997E-11            0.
        3910.  3.608318E-11            0.
        3920.  3.517685E-11            0.
        3930.  3.429983E-11            0.
        3940.  3.345116E-11            0.
        3950.  3.262927E-11            0.
        3960.  3.183352E-11            0.
        3970.  3.106296E-11            0.
        3980.  3.031654E-11            0.
        3990.  2.959353E-11            0.
        4000.  2.889254E-11            0.
        4010.  2.821327E-11            0.
        4020.  2.755476E-11            0.
        4030.  2.691618E-11            0.
        4040.  2.629689E-11            0.
        4050.  2.569604E-11            0.
        4060.  2.511343E-11            0.
        4070.  2.454769E-11            0.
        4080.  2.399871E-11            0.
        4090.  2.346585E-11            0.
        4100.  2.294849E-11            0.
        4110.  2.244589E-11            0.
        4120.  2.195784E-11            0.
        4130.  2.148359E-11            0.
        4140.  2.102284E-11            0.
        4150.  2.057516E-11            0.
        4160.  2.013980E-11            0.
        4170.  1.971658E-11            0.
        4180.  1.930516E-11            0.
        4190.  1.890501E-11            0.
        4200.  1.851573E-11            0.
        4210.  1.813709E-11            0.
        4220.  1.776857E-11            0.
        4230.  1.741007E-11            0.
        4240.  1.706095E-11            0.
        4250.  1.672121E-11            0.
        4260.  1.639043E-11            0.
        4270.  1.606829E-11            0.
        4280.  1.575448E-11            0.
        4290.  1.544889E-11            0.
        4300.  1.515100E-11            0.
        4310.  1.486090E-11            0.
        4320.  1.457809E-11            0.
        4330.  1.430254E-11            0.
        4340.  1.403385E-11            0.
        4350.  1.377179E-11            0.
        4360.  1.351638E-11            0.
        4370.  1.326719E-11            0.
        4380.  1.302422E-11            0.
        4390.  1.278704E-11            0.
        4400.  1.255577E-11            0.
        4410.  1.233008E-11            0.
        4420.  1.210977E-11            0.
        4430.  1.189473E-11            0.
        4440.  1.168486E-11            0.
        4450.  1.147983E-11            0.
        4460.  1.127966E-11            0.
        4470.  1.108422E-11            0.
        4480.  1.089332E-11            0.
        4490.  1.070685E-11            0.
        4500.  1.052463E-11            0.
        4510.  1.034660E-11            0.
        4520.  1.017259E-11            0.
        4530.  1.000256E-11            0.
        4540.  9.836342E-12            0.
        4550.  9.673830E-12            0.
        4560.  9.514985E-12            0.
        4570.  9.359651E-12            0.
        4580.  9.207741E-12            0.
        4590.  9.059133E-12            0.
        4600.  8.913803E-12            0.
        4610.  8.771593E-12            0.
        4620.  8.632470E-12            0.
        4630.  8.496341E-12            0.
        4640.  8.363112E-12            0.
        4650.  8.232760E-12            0.
        4660.  8.105117E-12            0.
        4670.  7.980163E-12            0.
        4680.  7.857812E-12            0.
        4690.  7.738043E-12            0.
        4700.  7.620730E-12            0.
        4710.  7.505874E-12            0.
        4720.  7.393326E-12            0.
        4730.  7.283108E-12            0.
        4740.  7.175146E-12            0.
        4750.  7.069334E-12            0.
        4760.  6.965651E-12            0.
        4770.  6.864056E-12            0.
        4780.  6.764442E-12            0.
        4790.  6.666852E-12            0.
        4800.  6.571160E-12            0.
        4810.  6.477396E-12            0.
        4820.  6.385403E-12            0.
        4830.  6.295204E-12            0.
        4840.  6.206784E-12            0.
        4850.  6.120041E-12            0.
        4860.  6.034963E-12            0.
        4870.  5.951509E-12            0.
        4880.  5.869615E-12            0.
        4890.  5.789313E-12            0.
        4900.  5.710486E-12            0.
        4910.  5.633145E-12            0.
        4920.  5.557238E-12            0.
        4930.  5.482734E-12            0.
        4940.  5.409599E-12            0.
        4950.  5.337793E-12            0.
        4960.  5.267326E-12            0.
        4970.  5.198134E-12            0.
        4980.  5.130206E-12            0.
        4990.  5.063491E-12            0.
        5000.  4.997957E-12            0.
        5010.  4.933593E-12            0.
        5020.  4.870378E-12            0.
        5030.  4.808269E-12            0.
        5040.  4.747278E-12            0.
        5050.  4.687341E-12            0.
        5060.  4.628458E-12            0.
        5070.  4.570588E-12            0.
        5080.  4.513718E-12            0.
        5090.  4.457839E-12            0.
        5100.  4.402899E-12            0.
        5110.  4.348897E-12            0.
        5120.  4.295832E-12            0.
        5130.  4.243675E-12            0.
        5140.  4.192403E-12            0.
        5150.  4.141942E-12            0.
        5160.  4.092357E-12            0.
        5170.  4.043594E-12            0.
        5180.  3.995642E-12            0.
        5190.  3.948470E-12            0.
        5200.  3.902057E-12            0.
        5210.  3.856467E-12            0.
        5220.  3.811572E-12            0.
        5230.  3.767416E-12            0.
        5240.  3.723965E-12            0.
        5250.  3.681231E-12            0.
        5260.  3.639172E-12            0.
        5270.  3.597787E-12            0.
        5280.  3.557046E-12            0.
        5290.  3.516969E-12            0.
        5300.  3.477523E-12            0.
        5310.  3.438690E-12            0.
        5320.  3.400468E-12            0.
        5330.  3.362836E-12            0.
        5340.  3.325794E-12            0.
        5350.  3.289332E-12            0.
        5360.  3.253408E-12            0.
        5370.  3.218053E-12            0.
        5380.  3.183236E-12            0.
        5390.  3.148956E-12            0.
        5400.  3.115172E-12            0.
        5410.  3.081925E-12            0.
        5420.  3.049163E-12            0.
        5430.  3.016897E-12            0.
        5440.  2.985115E-12            0.
        5450.  2.953797E-12            0.
        5460.  2.922964E-12            0.
        5470.  2.892564E-12            0.
        5480.  2.862616E-12            0.
        5490.  2.833101E-12            0.
        5500.  2.804018E-12            0.
        5510.  2.775357E-12            0.
        5520.  2.747107E-12            0.
        5530.  2.719278E-12            0.
        5540.  2.691839E-12            0.
        5550.  2.664801E-12            0.
        5560.  2.638143E-12            0.
        5570.  2.611853E-12            0.
        5580.  2.585964E-12            0.
        5590.  2.560412E-12            0.
        5600.  2.535209E-12            0.
        5610.  2.510384E-12            0.
        5620.  2.485908E-12            0.
        5630.  2.461758E-12            0.
        5640.  2.437935E-12            0.
        5650.  2.414459E-12            0.
        5660.  2.391290E-12            0.
        5670.  2.368437E-12            0.
        5680.  2.345911E-12            0.
        5690.  2.323679E-12            0.
        5700.  2.301764E-12            0.
        5710.  2.280134E-12            0.
        5720.  2.258788E-12            0.
        5730.  2.237738E-12            0.
        5740.  2.216950E-12            0.
        5750.  2.196448E-12            0.
        5760.  2.176219E-12            0.
        5770.  2.156265E-12            0.
        5780.  2.136563E-12            0.
        5790.  2.117136E-12            0.
        5800.  2.097930E-12            0.
        5810.  2.078998E-12            0.
        5820.  2.060298E-12            0.
        5830.  2.041862E-12            0.
        5840.  2.023647E-12            0.
        5850.  2.005664E-12            0.
        5860.  1.987912E-12            0.
        5870.  1.970382E-12            0.
        5880.  1.953084E-12            0.
        5890.  1.935997E-12            0.
        5900.  1.919142E-12            0.
        5910.  1.902487E-12            0.
        5920.  1.886011E-12            0.
        5930.  1.869788E-12            0.
        5940.  1.853745E-12            0.
        5950.  1.837912E-12            0.
        5960.  1.822258E-12            0.
        5970.  1.806805E-12            0.
        5980.  1.791541E-12            0.
        5990.  1.776468E-12            0.
        6000.  1.761573E-12            0.
        6010.  1.746857E-12            0.
        6020.  1.732332E-12            0.
        6030.  1.717964E-12            0.
        6040.  1.703776E-12            0.
        6050.  1.689767E-12            0.
        6060.  1.675915E-12            0.
        6070.  1.662223E-12            0.
        6080.  1.648709E-12            0.
        6090.  1.635343E-12            0.
        6100.  1.622135E-12            0.
        6110.  1.609085E-12            0.
        6120.  1.596193E-12            0.
        6130.  1.583438E-12            0.
        6140.  1.570841E-12            0.
        6150.  1.558392E-12            0.
        6160.  1.546080E-12            0.
        6170.  1.533905E-12            0.
        6180.  1.521888E-12            0.
        6190.  1.509987E-12            0.
        6200.  1.498234E-12            0.
        6210.  1.486618E-12            0.
        6220.  1.475128E-12            0.
        6230.  1.463764E-12            0.
        6240.  1.452527E-12            0.
        6250.  1.441417E-12            0.
        6260.  1.430433E-12            0.
        6270.  1.419576E-12            0.
        6280.  1.408834E-12            0.
        6290.  1.398209E-12            0.
        6300.  1.387710E-12            0.
        6310.  1.377317E-12            0.
        6320.  1.367039E-12            0.
        6330.  1.356877E-12            0.
        6340.  1.346821E-12            0.
        6350.  1.336881E-12            0.
        6360.  1.327046E-12            0.
        6370.  1.317316E-12            0.
        6380.  1.307692E-12            0.
        6390.  1.298163E-12            0.
        6400.  1.288739E-12            0.
        6410.  1.279421E-12            0.
        6420.  1.270197E-12            0.
        6430.  1.261079E-12            0.
        6440.  1.252046E-12            0.
        6450.  1.243117E-12            0.
        6460.  1.234273E-12            0.
        6470.  1.225524E-12            0.
        6480.  1.216870E-12            0.
        6490.  1.208310E-12            0.
        6500.  1.199825E-12            0.
        6510.  1.191434E-12            0.
        6520.  1.183138E-12            0.
        6530.  1.174916E-12            0.
        6540.  1.166778E-12            0.
        6550.  1.158735E-12            0.
        6560.  1.150756E-12            0.
        6570.  1.142871E-12            0.
        6580.  1.135060E-12            0.
        6590.  1.127333E-12            0.
        6600.  1.119680E-12            0.
        6610.  1.112101E-12            0.
        6620.  1.104596E-12            0.
        6630.  1.097175E-12            0.
        6640.  1.089817E-12            0.
        6650.  1.082544E-12            0.
        6660.  1.075334E-12            0.
        6670.  1.068197E-12            0.
        6680.  1.061135E-12            0.
        6690.  1.054136E-12            0.
        6700.  1.047201E-12            0.
        6710.  1.040337E-12            0.
        6720.  1.033538E-12            0.
        6730.  1.026813E-12            0.
        6740.  1.020147E-12            0.
        6750.  1.013545E-12            0.
        6760.  1.007007E-12            0.
        6770.  1.000533E-12            0.
        6780.  9.941153E-13            0.
        6790.  9.877610E-13            0.
        6800.  9.814712E-13            0.
        6810.  9.752373E-13            0.
        6820.  9.690601E-13            0.
        6830.  9.629452E-13            0.
        6840.  9.568850E-13            0.
        6850.  9.508829E-13            0.
        6860.  9.449324E-13            0.
        6870.  9.390399E-13            0.
        6880.  9.332044E-13            0.
        6890.  9.274193E-13            0.
        6900.  9.216871E-13            0.
        6910.  9.160097E-13            0.
        6920.  9.103839E-13            0.
        6930.  9.048107E-13            0.
        6940.  8.992850E-13            0.
        6950.  8.938132E-13            0.
        6960.  8.883856E-13            0.
        6970.  8.830117E-13            0.
        6980.  8.776852E-13            0.
        6990.  8.724062E-13            0.
        7000.  8.671735E-13            0.
        7010.  8.619873E-13            0.
        7020.  8.568486E-13            0.
        7030.  8.517529E-13            0.
        7040.  8.467058E-13            0.
        7050.  8.416998E-13            0.
        7060.  8.367392E-13            0.
        7070.  8.318249E-13            0.
        7080.  8.269506E-13            0.
        7090.  8.221196E-13            0.
        7100.  8.173340E-13            0.
        7110.  8.125831E-13            0.
        7120.  8.078754E-13            0.
        7130.  8.032120E-13            0.
        7140.  7.985855E-13            0.
        7150.  7.940022E-13            0.
        7160.  7.894527E-13            0.
        7170.  7.849484E-13            0.
        7180.  7.804790E-13            0.
        7190.  7.760464E-13            0.
        7200.  7.716540E-13            0.
        7210.  7.672984E-13            0.
        7220.  7.629753E-13            0.
        7230.  7.586946E-13            0.
        7240.  7.544476E-13            0.
        7250.  7.502343E-13            0.
        7260.  7.460579E-13            0.
        7270.  7.419163E-13            0.
        7280.  7.378074E-13            0.
        7290.  7.337375E-13            0.
        7300.  7.296959E-13            0.
        7310.  7.256914E-13            0.
        7320.  7.217163E-13            0.
        7330.  7.177750E-13            0.
        7340.  7.138664E-13            0.
        7350.  7.099904E-13            0.
        7360.  7.061439E-13            0.
        7370.  7.023301E-13            0.
        7380.  6.985469E-13            0.
        7390.  6.947932E-13            0.
        7400.  6.910732E-13            0.
        7410.  6.873785E-13            0.
        7420.  6.837165E-13            0.
        7430.  6.800819E-13            0.
        7440.  6.764769E-13            0.
        7450.  6.729013E-13            0.
        7460.  6.693531E-13            0.
        7470.  6.658324E-13            0.
        7480.  6.623433E-13            0.
        7490.  6.588774E-13            0.
        7500.  6.554410E-13            0.
        7510.  6.520320E-13            0.
        7520.  6.486483E-13            0.
        7530.  6.452910E-13            0.
        7540.  6.419599E-13            0.
        7550.  6.386553E-13            0.
        7560.  6.353748E-13            0.
        7570.  6.321208E-13            0.
        7580.  6.288921E-13            0.
        7590.  6.256886E-13            0.
        7600.  6.225073E-13            0.
        7610.  6.193512E-13            0.
        7620.  6.162216E-13            0.
        7630.  6.131141E-13            0.
        7640.  6.100309E-13            0.
        7650.  6.069685E-13            0.
        7660.  6.039306E-13            0.
        7670.  6.009148E-13            0.
        7680.  5.979232E-13            0.
        7690.  5.949549E-13            0.
        7700.  5.920075E-13            0.
        7710.  5.890812E-13            0.
        7720.  5.861794E-13            0.
        7730.  5.832963E-13            0.
        7740.  5.804354E-13            0.
        7750.  5.775967E-13            0.
        7760.  5.747781E-13            0.
        7770.  5.719805E-13            0.
        7780.  5.692028E-13            0.
        7790.  5.664463E-13            0.
        7800.  5.637088E-13            0.
        7810.  5.609923E-13            0.
        7820.  5.582959E-13            0.
        7830.  5.556184E-13            0.
        7840.  5.529600E-13            0.
        7850.  5.503216E-13            0.
        7860.  5.477010E-13            0.
        7870.  5.450994E-13            0.
        7880.  5.425179E-13            0.
        7890.  5.399553E-13            0.
        7900.  5.374086E-13            0.
        7910.  5.348819E-13            0.
        7920.  5.323731E-13            0.
        7930.  5.298812E-13            0.
        7940.  5.274072E-13            0.
        7950.  5.249490E-13            0.
        7960.  5.225119E-13            0.
        7970.  5.200874E-13            0.
        7980.  5.176830E-13            0.
        7990.  5.152944E-13            0.
        8000.  5.129226E-13            0.
        8010.  5.105687E-13            0.
        8020.  5.082307E-13            0.
        8030.  5.059085E-13            0.
        8040.  5.036022E-13            0.
        8050.  5.013115E-13            0.
        8060.  4.990378E-13            0.
        8070.  4.967767E-13            0.
        8080.  4.945314E-13            0.
        8090.  4.923041E-13            0.
        8100.  4.900905E-13            0.
        8110.  4.878937E-13            0.
        8120.  4.857106E-13            0.
        8130.  4.835413E-13            0.
        8140.  4.813898E-13            0.
        8150.  4.792489E-13            0.
        8160.  4.771259E-13            0.
        8170.  4.750135E-13            0.
        8180.  4.729179E-13            0.
        8190.  4.708360E-13            0.
        8200.  4.687679E-13            0.
        8210.  4.667144E-13            0.
        8220.  4.646715E-13            0.
        8230.  4.626435E-13            0.
        8240.  4.606301E-13            0.
        8250.  4.586304E-13            0.
        8260.  4.566424E-13            0.
        8270.  4.546691E-13            0.
        8280.  4.527063E-13            0.
        8290.  4.507583E-13            0.
        8300.  4.488219E-13            0.
        8310.  4.468992E-13            0.
        8320.  4.449881E-13            0.
        8330.  4.430896E-13            0.
        8340.  4.412049E-13            0.
        8350.  4.393306E-13            0.
        8360.  4.374701E-13            0.
        8370.  4.356180E-13            0.
        8380.  4.337807E-13            0.
        8390.  4.319550E-13            0.
        8400.  4.301398E-13            0.
        8410.  4.283373E-13            0.
        8420.  4.265453E-13            0.
        8430.  4.247660E-13            0.
        8440.  4.229972E-13            0.
        8450.  4.212399E-13            0.
        8460.  4.194912E-13            0.
        8470.  4.177561E-13            0.
        8480.  4.160305E-13            0.
        8490.  4.143186E-13            0.
        8500.  4.126152E-13            0.
        8510.  4.109234E-13            0.
        8520.  4.092410E-13            0.
        8530.  4.075702E-13            0.
        8540.  4.059089E-13            0.
        8550.  4.042581E-13            0.
        8560.  4.026169E-13            0.
        8570.  4.009872E-13            0.
        8580.  3.993670E-13            0.
        8590.  3.977553E-13            0.
        8600.  3.961562E-13            0.
        8610.  3.945656E-13            0.
        8620.  3.929844E-13            0.
        8630.  3.914127E-13            0.
        8640.  3.898505E-13            0.
        8650.  3.882978E-13            0.
        8660.  3.867546E-13            0.
        8670.  3.852230E-13            0.
        8680.  3.836977E-13            0.
        8690.  3.821829E-13            0.
        8700.  3.806765E-13            0.
        8710.  3.791787E-13            0.
        8720.  3.776913E-13            0.
        8730.  3.762114E-13            0.
        8740.  3.747419E-13            0.
        8750.  3.732809E-13            0.
        8760.  3.718251E-13            0.
        8770.  3.703831E-13            0.
        8780.  3.689474E-13            0.
        8790.  3.675202E-13            0.
        8800.  3.660992E-13            0.
        8810.  3.646909E-13            0.
        8820.  3.632900E-13            0.
        8830.  3.618944E-13            0.
        8840.  3.605093E-13            0.
        8850.  3.591304E-13            0.
        8860.  3.577622E-13            0.
        8870.  3.563993E-13            0.
        8880.  3.550447E-13            0.
        8890.  3.536986E-13            0.
        8900.  3.523599E-13            0.
        8910.  3.510306E-13            0.
        8920.  3.497066E-13            0.
        8930.  3.483911E-13            0.
        8940.  3.470841E-13            0.
        8950.  3.457822E-13            0.
        8960.  3.444909E-13            0.
        8970.  3.432049E-13            0.
        8980.  3.419284E-13            0.
        8990.  3.406571E-13            0.
        9000.  3.393932E-13            0.
        9010.  3.381346E-13            0.
        9020.  3.368866E-13            0.
        9030.  3.356437E-13            0.
        9040.  3.344083E-13            0.
        9050.  3.331781E-13            0.
        9060.  3.319575E-13            0.
        9070.  3.307432E-13            0.
        9080.  3.295331E-13            0.
        9090.  3.283314E-13            0.
        9100.  3.271381E-13            0.
        9110.  3.259512E-13            0.
        9120.  3.247685E-13            0.
        9130.  3.235942E-13            0.
        9140.  3.224252E-13            0.
        9150.  3.212624E-13            0.
        9160.  3.201082E-13            0.
        9170.  3.189571E-13            0.
        9180.  3.178155E-13            0.
        9190.  3.166771E-13            0.
        9200.  3.155470E-13            0.
        9210.  3.144244E-13            0.
        9220.  3.133028E-13            0.
        9230.  3.121918E-13            0.
        9240.  3.110860E-13            0.
        9250.  3.099855E-13            0.
        9260.  3.088903E-13            0.
        9270.  3.078035E-13            0.
        9280.  3.067199E-13            0.
        9290.  3.056426E-13            0.
        9300.  3.045727E-13            0.
        9310.  3.035080E-13            0.
        9320.  3.024465E-13            0.
        9330.  3.013935E-13            0.
        9340.  3.003457E-13            0.
        9350.  2.993021E-13            0.
        9360.  2.982648E-13            0.
        9370.  2.972339E-13            0.
        9380.  2.962072E-13            0.
        9390.  2.951879E-13            0.
        9400.  2.941696E-13            0.
        9410.  2.931598E-13            0.
        9420.  2.921552E-13            0.
        9430.  2.911569E-13            0.
        9440.  2.901608E-13            0.
        9450.  2.891721E-13            0.
        9460.  2.881875E-13            0.
        9470.  2.872082E-13            0.
        9480.  2.862353E-13            0.
        9490.  2.852645E-13            0.
        9500.  2.843031E-13            0.
        9510.  2.833417E-13            0.
        9520.  2.823899E-13            0.
        9530.  2.814401E-13            0.
        9540.  2.804956E-13            0.
        9550.  2.795564E-13            0.
        9560.  2.786214E-13            0.
        9570.  2.776917E-13            0.
        9580.  2.767662E-13            0.
        9590.  2.758459E-13            0.
        9600.  2.749299E-13            0.
        9610.  2.740191E-13            0.
        9620.  2.731147E-13            0.
        9630.  2.722113E-13            0.
        9640.  2.713154E-13            0.
        9650.  2.704215E-13            0.
        9660.  2.695339E-13            0.
        9670.  2.686495E-13            0.
        9680.  2.677703E-13            0.
        9690.  2.668933E-13            0.
        9700.  2.660248E-13            0.
        9710.  2.651572E-13            0.
        9720.  2.642950E-13            0.
        9730.  2.634369E-13            0.
        9740.  2.625841E-13            0.
        9750.  2.617335E-13            0.
        9760.  2.608891E-13            0.
        9770.  2.600479E-13            0.
        9780.  2.592120E-13            0.
        9790.  2.583782E-13            0.
        9800.  2.575507E-13            0.
        9810.  2.567243E-13            0.
        9820.  2.559052E-13            0.
        9830.  2.550883E-13            0.
        9840.  2.542756E-13            0.
        9850.  2.534660E-13            0.
        9860.  2.526628E-13            0.
        9870.  2.518617E-13            0.
        9880.  2.510648E-13            0.
        9890.  2.502731E-13            0.
        9900.  2.494825E-13            0.
        9910.  2.486972E-13            0.
        9920.  2.479140E-13            0.
        9930.  2.471371E-13            0.
        9940.  2.463634E-13            0.
        9950.  2.455918E-13            0.
        9960.  2.448255E-13            0.
        9970.  2.440612E-13            0.
        9980.  2.433044E-13            0.
        9990.  2.425486E-13            0.
       11000.  2.425486E-13            0.
