        1860.   6.086544E-6         1870.
        1880.   1.521636E-5         1890.
        1900.   4.564908E-5         1910.
        1920.   3.043272E-6         1930.
        1940.   1.318751E-5         1950.
        1960.   4.362023E-5         1970.
        1980.   3.347599E-5         1990.
        2000.   3.753369E-5         2010.
        2020.   1.217309E-5         2030.
        2040.   1.318751E-5         2050.
        2060.   1.014424E-6         2070.
        2080.   1.927406E-5         2090.
        2100.   1.724521E-5         2110.
        2120.   1.115866E-5         2130.
        2140.   1.318751E-5         2150.
        2160.   9.129816E-6         2170.
        2180.   5.072120E-6         2190.
        2200.   4.057696E-6         2210.
        2220.   4.057696E-6         2230.
        2240.   1.014424E-6         2250.
        2260.   6.086544E-6         2270.
        2280.   2.028848E-6         2290.
        2300.   1.014424E-6         2310.
        2320.   1.014424E-6         2330.
        2340.   3.043272E-6         2350.
        2360.   6.086544E-6         2370.
        2380.   6.086544E-6         2390.
        2400.   7.100968E-6         2410.
        2420.   4.057696E-6         2430.
        2440.            0.         2450.
        2460.            0.         2470.
        2480.   2.028848E-6         2490.
        2500.   4.057696E-6         2510.
        2520.   5.072120E-6         2530.
        2540.   5.072120E-6         2550.
        2560.   4.057696E-6         2570.
        2580.   3.043272E-6         2590.
        2600.   3.043272E-6         2610.
        2620.   2.028848E-6         2630.
        2640.   2.028848E-6         2650.
        2660.   3.043272E-6         2670.
        2680.   1.014424E-6         2690.
        2700.   2.028848E-6         2710.
        2720.   2.028848E-6         2730.
        2740.   2.028848E-6         2750.
        2760.   4.057696E-6         2770.
        2780.   4.057696E-6         2790.
        2800.   2.028848E-6         2810.
        2820.   1.014424E-6         2830.
        2840.   1.014424E-6         2850.
        2860.   2.028848E-6         2870.
        2880.   2.028848E-6         2890.
        2900.   5.072120E-6         2910.
        2920.   4.057696E-6         2930.
        2940.   5.072120E-6         2950.
        2960.   3.043272E-6         2970.
        2980.   4.057696E-6         2990.
        3000.   1.014424E-6         3010.
        3020.   2.028848E-6         3030.
        3040.   1.014424E-6         3050.
        3060.   2.028848E-6         3070.
        3080.   2.028848E-6         3090.
        3100.   1.014424E-6         3110.
        3120.   1.014424E-6         3130.
        3140.   1.014424E-6         3150.
        3160.   2.028848E-6         3170.
        3180.   3.043272E-6         3190.
        3200.   3.043272E-6         3210.
        3220.            0.         3230.
        3240.   1.014424E-6         3250.
        3260.   1.014424E-6         3270.
        3280.   2.028848E-6         3290.
        3300.   2.028848E-6         3310.
        3320.   1.014424E-6         3330.
        3340.   1.014424E-6         3350.
        3360.   1.014424E-6         3370.
        3380.   2.028848E-6         3390.
        3400.   4.057696E-6         3410.
        3420.   4.057696E-6         3430.
        3440.   6.086544E-6         3450.
        3460.   8.115392E-6         3470.
        3480.   9.129816E-6         3490.
        3500.   5.477889E-5         3510.
        3520.   2.830243E-4         3530.
        3540.   0.001220352         3550.
        3560.   0.004093201         3570.
        3580.    0.01070826         3590.
        3600.    0.02049847         3640.
        3642.    0.03212072         3644.
        3646.     0.0362261         3648.
        3650.    0.04036088         3652.
        3654.    0.04469958         3656.
        3658.    0.04959418         3660.
        3662.    0.05501729         3664.
        3666.    0.06081472         3668.
        3670.    0.06706864         3672.
        3674.    0.07358124         3676.
        3678.     0.0804489         3680.
        3682.     0.0878197         3684.
        3686.    0.09551714         3688.
        3690.     0.1035524         3692.
        3694.     0.1121243         3696.
        3698.     0.1210309         3700.
        3702.     0.1299376         3704.
        3706.     0.1392094         3708.
        3710.      0.148674         3712.
        3714.      0.158027         3716.
        3718.     0.1674002         3720.
        3722.     0.1770271         3724.
        3726.     0.1864511         3728.
        3730.     0.1957838         3732.
        3734.     0.2051774         3736.
        3738.     0.2146825         3740.
        3742.     0.2237211         3744.
        3746.     0.2324857         3748.
        3750.     0.2409967         3752.
        3754.     0.2493758         3756.
        3758.     0.2578564         3760.
        3762.     0.2659617         3764.
        3766.      0.273935         3768.
        3770.     0.2814621         3772.
        3774.     0.2896282         3776.
        3778.     0.2973987         3780.
        3782.     0.3053518         3784.
        3786.     0.3128788         3788.
        3790.      0.320913         3792.
        3794.     0.3288458         3796.
        3798.     0.3368192         3800.
        3802.     0.3452085         3804.
        3806.     0.3536384         3808.
        3810.     0.3617132         3812.
        3814.     0.3702749         3816.
        3818.     0.3787656         3820.
        3822.     0.3881186         3824.
        3826.     0.3977354         3828.
        3830.     0.4067942         3832.
        3834.      0.416492         3836.
        3838.     0.4260986         3840.
        3842.     0.4356342         3844.
        3846.     0.4457379         3848.
        3850.     0.4555575         3852.
        3854.     0.4659858         3856.
        3858.     0.4762518         3860.
        3862.     0.4868525         3864.
        3866.     0.4969967         3868.
        3870.     0.5065932         3872.
        3874.     0.5167374         3876.
        3878.     0.5265064         3880.
        3882.     0.5359607         3884.
        3886.     0.5453949         3888.
        3890.     0.5547175         3892.
        3894.     0.5635531         3896.
        3898.     0.5721352         3900.
        3902.      0.580423         3904.
        3906.     0.5889949         3908.
        3910.     0.5958422         3912.
        3914.     0.6030953         3916.
        3918.     0.6093645         3920.
        3922.     0.6167292         3924.
        3926.      0.622836         3928.
        3930.     0.6283545         3932.
        3934.     0.6341367         3936.
        3938.     0.6389756         3940.
        3942.     0.6444027         3944.
        3946.     0.6489574         3948.
        3950.     0.6531166         3952.
        3954.     0.6579959         3956.
        3958.     0.6612117         3960.
        3962.     0.6655737         3964.
        3966.     0.6689315         3968.
        3970.     0.6732224         3972.
        3974.     0.6760324         3976.
        3978.     0.6797757         3980.
        3982.     0.6837319         3984.
        3986.     0.6873026         3988.
        3990.     0.6904575         3992.
        3994.     0.6942211         3996.
        3998.     0.6984816         4000.
        4002.      0.702661         4004.
        4006.     0.7062522         4008.
        4010.     0.7101678         4012.
        4014.       0.71384         4016.
        4018.     0.7176948         4020.
        4022.     0.7220975         4024.
        4026.     0.7258305         4028.
        4030.     0.7299693         4032.
        4034.     0.7341691         4036.
        4038.     0.7385514         4040.
        4042.     0.7433496         4044.
        4046.     0.7480464         4048.
        4050.     0.7512114         4052.
        4054.       0.75604         4056.
        4058.     0.7611325         4060.
        4062.     0.7645308         4064.
        4066.     0.7690653         4068.
        4070.     0.7733461         4072.
        4074.     0.7777893         4076.
        4078.     0.7815427         4080.
        4082.     0.7845352         4084.
        4086.     0.7889885         4088.
        4090.     0.7930462         4092.
        4094.     0.7961707         4096.
        4098.     0.7993255         4100.
        4102.     0.8022166         4104.
        4106.     0.8049961         4108.
        4110.     0.8076337         4112.
        4114.     0.8111638         4116.
        4118.     0.8132738         4120.
        4122.     0.8146737         4124.
        4126.     0.8164389         4128.
        4130.      0.818346         4132.
        4134.     0.8202632         4136.
        4138.     0.8208009         4140.
        4142.     0.8225355         4144.
        4146.     0.8229108         4148.
        4150.     0.8245441         4152.
        4154.     0.8246253         4156.
        4158.     0.8242702         4160.
        4162.     0.8249499         4164.
        4166.     0.8252542         4168.
        4170.     0.8255382         4172.
        4174.     0.8255585         4176.
        4178.     0.8250412         4180.
        4182.     0.8250918         4184.
        4186.     0.8250107         4188.
        4190.     0.8250513         4192.
        4194.     0.8252136         4196.
        4198.     0.8251324         4200.
        4202.     0.8241383         4204.
        4206.     0.8243412         4208.
        4210.     0.8249296         4212.
        4214.      0.824889         4216.
        4218.     0.8250107         4220.
        4222.      0.825031         4224.
        4226.     0.8257107         4228.
        4230.     0.8267555         4232.
        4234.     0.8264816         4236.
        4238.     0.8276786         4240.
        4242.     0.8285916         4244.
        4246.     0.8292307         4248.
        4250.     0.8304886         4252.
        4254.     0.8323349         4256.
        4258.     0.8336434         4260.
        4262.     0.8355912         4264.
        4266.     0.8379446         4268.
        4270.     0.8394967         4272.
        4274.     0.8420226         4276.
        4278.     0.8443964         4280.
        4282.     0.8464962         4284.
        4286.     0.8489105         4288.
        4290.     0.8518017         4292.
        4294.      0.855555         4296.
        4298.     0.8578984         4300.
        4302.     0.8613068         4304.
        4306.     0.8638936         4308.
        4310.     0.8666528         4312.
        4314.     0.8697367         4316.
        4318.     0.8726988         4320.
        4322.     0.8754175         4324.
        4326.      0.878197         4328.
        4330.     0.8808345         4332.
        4334.     0.8838778         4336.
        4338.     0.8861095         4340.
        4342.      0.889031         4344.
        4346.     0.8915468         4348.
        4350.     0.8946915         4352.
        4354.     0.8966595         4356.
        4358.      0.898526         4360.
        4362.     0.9003216         4364.
        4366.     0.9014475         4368.
        4370.     0.9028982         4372.
        4374.     0.9036489         4376.
        4378.     0.9039126         4380.
        4382.      0.903659         4384.
        4386.     0.9039938         4388.
        4390.     0.9041662         4392.
        4394.     0.9030199         4396.
        4398.     0.9021069         4400.
        4402.     0.9013664         4404.
        4406.     0.8995911         4408.
        4410.     0.8986782         4412.
        4414.     0.8968319         4416.
        4418.     0.8954523         4420.
        4422.     0.8935046         4424.
        4426.     0.8907657         4428.
        4430.      0.888118         4432.
        4434.     0.8856327         4436.
        4438.     0.8823561         4440.
        4442.     0.8799722         4444.
        4446.     0.8776188         4448.
        4450.     0.8749001         4452.
        4454.     0.8715525         4456.
        4458.     0.8685092         4460.
        4462.     0.8661963         4464.
        4466.     0.8626155         4468.
        4470.     0.8597547         4472.
        4474.     0.8579592         4476.
        4478.     0.8554029         4480.
        4482.      0.853232         4484.
        4486.     0.8513654         4488.
        4490.     0.8489207         4492.
        4494.     0.8474701         4496.
        4498.     0.8454818         4500.
        4502.      0.843179         4504.
        4506.     0.8422559         4508.
        4510.     0.8416473         4512.
        4514.     0.8415256         4516.
        4518.     0.8422762         4520.
        4522.     0.8420328         4524.
        4526.     0.8418502         4528.
        4530.     0.8428646         4532.
        4534.     0.8429863         4536.
        4538.     0.8429762         4540.
        4542.     0.8440312         4544.
        4546.      0.846902         4548.
        4550.     0.8476222         4552.
        4554.     0.8504322         4556.
        4558.     0.8526031         4560.
        4562.     0.8538305         4564.
        4566.     0.8570057         4568.
        4570.     0.8592475         4572.
        4574.     0.8619662         4576.
        4578.     0.8645226         4580.
        4582.     0.8688744         4584.
        4586.     0.8711771         4588.
        4590.     0.8739364         4592.
        4594.     0.8776391         4596.
        4598.     0.8808142         4600.
        4602.     0.8844458         4604.
        4606.     0.8872862         4608.
        4610.     0.8912628         4612.
        4614.     0.8941843         4616.
        4618.     0.8961726         4620.
        4622.     0.8996825         4624.
        4626.     0.9031315         4628.
        4630.      0.904714         4632.
        4634.     0.9078486         4636.
        4638.     0.9094818         4640.
        4642.     0.9112774         4644.
        4646.     0.9120382         4648.
        4650.     0.9135598         4652.
        4654.     0.9150206         4656.
        4658.     0.9160046         4660.
        4662.     0.9173639         4664.
        4666.     0.9167653         4668.
        4670.     0.9165118         4672.
        4674.     0.9153553         4676.
        4678.     0.9146249         4680.
        4682.     0.9127889         4684.
        4686.     0.9110339         4688.
        4690.     0.9100804         4692.
        4694.     0.9072298         4696.
        4698.     0.9045212         4700.
        4702.     0.9023098         4704.
        4706.      0.899084         4708.
        4710.     0.8960001         4712.
        4714.     0.8918409         4716.
        4718.     0.8880876         4720.
        4722.     0.8834111         4724.
        4726.      0.879678         4728.
        4730.     0.8755797         4732.
        4734.     0.8717858         4736.
        4738.     0.8678498         4740.
        4742.     0.8633763         4744.
        4746.     0.8597547         4748.
        4750.     0.8557985         4752.
        4754.     0.8510814         4756.
        4758.     0.8472064         4760.
        4762.     0.8423675         4764.
        4766.      0.838675         4768.
        4770.     0.8347796         4772.
        4774.     0.8314624         4776.
        4778.     0.8285206         4780.
        4782.     0.8253049         4784.
        4786.     0.8220486         4788.
        4790.     0.8200806         4792.
        4794.     0.8173214         4796.
        4798.     0.8154143         4800.
        4802.     0.8129796         4804.
        4806.     0.8108696         4808.
        4810.     0.8086785         4812.
        4814.     0.8081307         4816.
        4818.     0.8066091         4820.
        4822.     0.8052701         4824.
        4826.     0.8049049         4828.
        4830.      0.803789         4832.
        4834.     0.8038092         4836.
        4838.     0.8039716         4840.
        4842.     0.8036672         4844.
        4846.     0.8039919         4848.
        4850.     0.8040933         4852.
        4854.     0.8042049         4856.
        4858.     0.8051686         4860.
        4862.     0.8052903         4864.
        4866.     0.8060309         4868.
        4870.     0.8076235         4872.
        4874.     0.8085263         4876.
        4878.     0.8098958         4880.
        4882.     0.8107277         4884.
        4886.     0.8120463         4888.
        4890.     0.8131014         4892.
        4894.     0.8148665         4896.
        4898.      0.815749         4900.
        4902.     0.8175344         4904.
        4906.     0.8191676         4908.
        4910.      0.819898         4912.
        4914.     0.8216124         4916.
        4918.     0.8229717         4920.
        4922.     0.8246455         4924.
        4926.     0.8261469         4928.
        4930.      0.827141         4932.
        4934.     0.8284192         4936.
        4938.     0.8294742         4940.
        4942.     0.8301944         4944.
        4946.      0.831848         4948.
        4950.     0.8332478         4952.
        4954.      0.835155         4956.
        4958.     0.8362505         4960.
        4962.     0.8377925         4964.
        4966.     0.8394358         4968.
        4970.     0.8413835         4972.
        4974.     0.8437877         4976.
        4978.     0.8453905         4980.
        4982.     0.8475816         4984.
        4986.     0.8504627         4988.
        4990.     0.8531407         4992.
        4994.     0.8564274         4996.
        4998.     0.8601808         5000.
        5002.      0.863569         5004.
        5006.      0.867018         5008.
        5010.     0.8717858         5012.
        5014.     0.8758232         5016.
        5018.     0.8805301         5020.
        5022.      0.885582         5024.
        5026.      0.889944         5028.
        5030.     0.8952799         5032.
        5034.     0.9013258         5036.
        5038.     0.9048256         5040.
        5042.     0.9108208         5044.
        5046.     0.9151017         5048.
        5050.     0.9188754         5052.
        5054.     0.9217767         5056.
        5058.     0.9232171         5060.
        5062.     0.9240692         5064.
        5066.     0.9221621         5068.
        5070.     0.9193826         5072.
        5074.     0.9137627         5076.
        5078.     0.9055357         5080.
        5082.       0.89459         5084.
        5086.     0.8806722         5088.
        5090.     0.8632038         5092.
        5094.     0.8424385         5096.
        5098.     0.8181633         5100.
        5102.     0.7907841         5104.
        5106.     0.7605137         5108.
        5110.     0.7290462         5112.
        5114.     0.6937138         5116.
        5118.     0.6569714         5120.
        5122.     0.6199145         5124.
        5126.     0.5815489         5128.
        5130.      0.543153         5132.
        5134.     0.5051121         5136.
        5138.     0.4686436         5140.
        5142.     0.4334431         5144.
        5146.     0.3995411         5148.
        5150.     0.3675461         5152.
        5154.     0.3375394         5156.
        5158.     0.3092065         5160.
        5162.     0.2830243         5164.
        5166.     0.2593984         5168.
        5170.     0.2372738         5172.
        5174.     0.2169751         5176.
        5178.     0.1980156         5180.
        5182.     0.1808921         5184.
        5186.     0.1652497         5188.
        5190.     0.1510376         5192.
        5194.     0.1380327         5196.
        5198.     0.1262755         5200.
        5202.     0.1155632         5204.
        5206.     0.1059261         5208.
        5210.    0.09713718         5212.
        5214.    0.08911816         5216.
        5218.    0.08190561         5220.
        5222.    0.07532199         5224.
        5226.    0.06935211         5228.
        5230.    0.06398276         5232.
        5234.    0.05899991         5236.
        5238.    0.05440153         5240.
        5242.    0.05026877         5244.
        5246.    0.04642613         5248.
        5250.    0.04307954         5252.
        5254.    0.03996323         5256.
        5258.    0.03706603         5260.
        5262.    0.03438998         5264.
        5266.    0.03208217         5268.
        5270.    0.02422242         5280.
        5290.    0.01749171         5300.
        5310.    0.01290449         5320.
        5330.   0.009708037         5340.
        5350.   0.007433699         5360.
        5370.   0.005793375         5380.
        5390.   0.004572009         5400.
        5410.   0.003664099         5420.
        5430.    0.00297632         5440.
        5450.   0.002443747         5460.
        5470.   0.002027834         5480.
        5490.    0.00169916         5500.
        5510.   0.001437439         5520.
        5530.   0.001228467         5540.
        5550.    0.00105703         5560.
        5570.   9.170393E-4         5580.
        5590.   8.013949E-4         5600.
        5610.   7.040102E-4         5620.
        5630.   6.238708E-4         5640.
        5650.   5.559043E-4         5660.
        5670.   5.001110E-4         5680.
        5690.   4.686639E-4         5700.
        5710.   4.027263E-4         5720.
        5730.   3.662071E-4         5740.
        5750.   3.347599E-4         5760.
        5770.   3.073705E-4         5780.
        5790.   2.830243E-4         5800.
        5810.   2.617214E-4         5820.
        5830.   2.424473E-4         5840.
        5850.   2.262165E-4         5860.
        5870.   2.110002E-4         5880.
        5890.   1.978127E-4         5900.
        5910.   1.856396E-4         5920.
        5930.   1.744809E-4         5940.
        5950.   1.653511E-4         5960.
        5970.   1.562213E-4         5980.
        5990.   1.481059E-4         6000.
        6010.   1.410049E-4         6020.
        6030.   1.339040E-4         6040.
        6050.   1.278174E-4         6060.
        6070.   1.217309E-4         6080.
        6090.   1.166588E-4         6100.
        6110.   1.115866E-4         6120.
        6130.   1.065145E-4         6140.
        6150.   1.024568E-4         6160.
        6170.   9.839912E-5         6180.
        6190.   9.434143E-5         6200.
        6210.   9.129816E-5         6220.
        6230.   8.724046E-5         6240.
        6250.   8.419719E-5         6260.
        6270.   8.115391E-5         6280.
        6290.   7.912506E-5         6300.
        6310.   7.608180E-5         6320.
        6330.   7.303853E-5         6340.
        6350.   7.100968E-5         6360.
        6370.   6.898083E-5         6380.
        6390.   6.593756E-5         6400.
        6410.   6.390871E-5         6420.
        6430.   6.187986E-5         6440.
        6450.   5.985102E-5         6460.
        6470.   5.782217E-5         6480.
        6490.   5.579332E-5         6500.
        6510.   5.376447E-5         6520.
        6530.   5.173562E-5         6540.
        6550.   5.072120E-5         6560.
        6570.   4.869235E-5         6580.
        6590.   4.767793E-5         6600.
        6610.   4.564908E-5         6620.
        6630.   4.463466E-5         6640.
        6650.   4.362023E-5         6660.
        6670.   4.260581E-5         6680.
        6690.   4.057696E-5         6700.
        6710.   4.057696E-5         6720.
        6730.   3.956253E-5         6740.
        6750.   3.854811E-5         6760.
        6770.   3.753369E-5         6780.
        6790.   3.651926E-5         6800.
        6810.   3.651926E-5         6820.
        6830.   3.550484E-5         6840.
        6850.   3.550484E-5         6860.
        6870.   3.550484E-5         6880.
        6890.   3.550484E-5         6900.
        6910.   3.550484E-5         6920.
        6930.   3.550484E-5         6940.
        6950.   3.651926E-5         6960.
        6970.   3.651926E-5         6980.
        6990.   3.854811E-5         7000.
        7010.   3.956253E-5         7020.
        7030.   4.159138E-5         7040.
        7050.   4.362023E-5         7060.
        7070.   4.767793E-5         7080.
        7090.   5.173562E-5         7100.
        7110.   5.782217E-5         7120.
        7130.   6.492314E-5         7140.
        7150.   7.405295E-5         7160.
        7170.   8.521161E-5         7180.
        7190.   9.637028E-5         7200.
        7210.   1.055001E-4         7220.
        7230.   1.075289E-4         7240.
        7250.   9.839912E-5         7260.
        7270.   8.216834E-5         7280.
        7290.   6.289429E-5         7300.
        7310.   4.666350E-5         7320.
        7330.   3.347599E-5         7340.
        7350.   2.434618E-5         7360.
        7370.   1.825963E-5         7380.
        7390.   1.318751E-5         7400.
        7410.   1.014424E-5         7420.
        7430.   8.115392E-6         7440.
        7450.   7.100968E-6         7460.
        7470.   5.072120E-6         7480.
        7490.   5.072120E-6         7500.
        7510.   4.057696E-6         7520.
        7530.   4.057696E-6         7540.
        7550.   3.043272E-6         7560.
        7570.   3.043272E-6         7580.
        7590.   3.043272E-6         7600.
        7610.   3.043272E-6         7620.
        7630.   2.028848E-6         7640.
        7650.   2.028848E-6         7660.
        7670.   2.028848E-6         7680.
        7690.   2.028848E-6         7700.
        7710.   2.028848E-6         7720.
        7730.   2.028848E-6         7740.
        7750.   2.028848E-6         7760.
        7770.   2.028848E-6         7780.
        7790.   2.028848E-6         7800.
        7810.   2.028848E-6         7820.
        7830.   2.028848E-6         7840.
        7850.   2.028848E-6         7860.
        7870.   2.028848E-6         7880.
        7890.   2.028848E-6         7900.
        7910.   2.028848E-6         7920.
        7930.   2.028848E-6         7940.
        7950.   2.028848E-6         7960.
        7970.   2.028848E-6         7980.
        7990.   2.028848E-6         8000.
        8010.   1.014424E-6         8020.
        8030.   8.115392E-6         8040.
        8050.   1.318751E-5         8060.
        8070.   3.043272E-6         8080.
        8090.   5.072120E-6         8100.
        8110.   1.115866E-5         8120.
        8130.   1.014424E-5         8140.
        8150.   1.014424E-5         8160.
        8170.   1.420194E-5         8180.
        8190.   9.129816E-6         8200.
        8210.   7.100968E-6         8220.
        8230.   9.129816E-6         8240.
        8250.   5.072120E-6         8260.
        8270.   5.072120E-6         8280.
        8290.   3.043272E-6         8300.
        8310.   1.115866E-5         8320.
        8330.   4.057696E-6         8340.
        8350.   5.072120E-6         8360.
        8370.   2.028848E-6         8380.
        8390.   7.100968E-6         8400.
        8410.   8.115392E-6         8420.
        8430.   6.086544E-6         8440.
        8450.   3.043272E-6         8460.
        8470.   2.028848E-6         8480.
        8490.   5.072120E-6         8500.
        8510.   9.129816E-6         8520.
        8530.   2.028848E-6         8540.
        8550.   1.014424E-6         8560.
        8570.   4.057696E-6         8580.
        8590.   2.028848E-6         8600.
        8610.   7.100968E-6         8620.
        8630.   3.043272E-6         8640.
        8650.   8.115392E-6         8660.
        8670.   7.100968E-6         8680.
        8690.   3.043272E-6         8700.
        8710.   6.086544E-6         8720.
        8730.   2.028848E-6         8740.
        8750.   2.028848E-6         8760.
        8770.   1.115866E-5         8780.
        8790.   1.014424E-6         8800.
        8810.   7.100968E-6         8820.
        8830.   5.072120E-6         8840.
        8850.   3.043272E-6         8860.
        8870.   4.057696E-6         8880.
        8890.   6.086544E-6         8900.
        8910.   1.014424E-6         8920.
        8930.   8.115392E-6         8940.
        8950.   8.115392E-6         8960.
        8970.   9.129816E-6         8980.
        8990.   7.100968E-6         9000.
        9010.   1.014424E-5         9020.
        9030.   9.129816E-6         9040.
        9050.   6.086544E-6         9060.
        9070.   6.086544E-6         9080.
        9090.   8.115392E-6         9100.
        9110.   8.115392E-6         9120.
        9130.   6.086544E-6         9140.
        9150.   3.043272E-6         9160.
        9170.   3.043272E-6         9180.
        9190.   1.014424E-6         9200.
        9210.   2.028848E-6         9220.
        9230.   3.043272E-6         9240.
        9250.   6.086544E-6         9260.
        9270.   4.057696E-6         9280.
        9290.   1.014424E-6         9300.
        9310.   9.129816E-6         9320.
        9330.   5.072120E-6         9340.
        9350.   4.057696E-6         9360.
        9370.   8.115392E-6         9380.
        9390.   7.100968E-6         9400.
        9410.   5.072120E-6         9420.
        9430.   4.057696E-6         9440.
        9450.   3.043272E-6         9460.
        9470.   7.100968E-6         9480.
        9490.   3.043272E-6         9500.
        9510.   5.072120E-6         9520.
        9530.   1.014424E-6         9540.
        9550.   1.014424E-6         9560.
        9570.   4.057696E-6         9580.
        9590.   7.100968E-6         9600.
        9610.   6.086544E-6         9620.
        9630.   9.129816E-6         9640.
        9650.   1.014424E-6         9660.
        9670.   3.043272E-6         9680.
        9690.   3.043272E-6         9700.
        9710.   5.072120E-6         9720.
        9730.   5.072120E-6         9740.
        9750.   7.100968E-6         9760.
        9770.   2.028848E-6         9780.
        9790.   2.028848E-6         9800.
        9810.   2.028848E-6         9820.
        9830.   6.086544E-6         9840.
        9850.   4.057696E-6         9860.
        9870.   3.043272E-6         9880.
        9890.   7.100968E-6         9900.
        9910.   1.014424E-5         9920.
        9930.   4.057696E-6         9940.
        9950.   2.028848E-6         9960.
        9970.   3.043272E-6         9980.
        9990.   3.043272E-6        10000.
       10010.   1.014424E-6        10020.
       10030.   3.043272E-6        10040.
       10050.   5.072120E-6        10060.
       10070.   3.043272E-6        10080.
       10090.   6.086544E-6        10100.
       10110.   3.043272E-6        10120.
       10130.   4.057696E-6        10140.
       10150.   7.100968E-6        10160.
       10170.   7.100968E-6        10180.
       10190.   3.043272E-6        10200.
       10210.   4.057696E-6        10220.
       10230.   6.086544E-6        10240.
       10250.   2.028848E-6        10260.
       10270.   5.072120E-6        10280.
       10290.   3.043272E-6        10300.
       10310.   7.100968E-6        10320.
       10330.   1.014424E-5        10340.
       10350.   8.115392E-6        10360.
       10370.   7.100968E-6        10380.
       10390.   4.057696E-6        10400.
       10410.   1.115866E-5        10420.
       10430.   7.100968E-6        10440.
       10450.   8.115392E-6        10460.
       10470.   3.043272E-6        10480.
       10490.   7.100968E-6        10500.
       10510.   4.057696E-6        10520.
       10530.   6.086544E-6        10540.
       10550.   7.100968E-6        10560.
       10570.   1.014424E-5        10580.
       10590.   1.014424E-5        10600.
       10610.   8.115392E-6        10620.
       10630.   2.028848E-6        10640.
       10650.   7.100968E-6        10660.
       10670.   4.057696E-6        10680.
       10690.   9.129816E-6        10700.
       10710.   1.014424E-5        10720.
       10730.   7.100968E-6        10740.
       10750.   5.072120E-6        10760.
       10770.   5.072120E-6        10780.
       10790.   1.115866E-5        10800.
       10810.   9.129816E-6        10820.
       10830.   1.115866E-5        10840.
       10850.   8.115392E-6        10860.
       10870.   1.014424E-5        10880.
       10890.   1.115866E-5        10900.
       10910.   7.100968E-6        10920.
       10930.   4.057696E-6        10940.
       10950.   9.129816E-6        10960.
       10970.   1.318751E-5        10980.
       10990.   1.521636E-5        11000.
