        1850.   2.076771E-6            0.
        1860.   3.197283E-6            0.
        1870.   6.983614E-5            0.
        1880.   3.685324E-7            0.
        1890.   4.836044E-6            0.
        1900.   1.512267E-4            0.
        1910.   8.849875E-7            0.
        1920.   1.601945E-5            0.
        1930.   3.509743E-6            0.
        1940.   2.932967E-5            0.
        1950.   1.969156E-5            0.
        1960.   7.904001E-6            0.
        1970.   7.690660E-6            0.
        1980.   2.791369E-5            0.
        1990.   2.847064E-5            0.
        2000.   3.136868E-6            0.
        2010.   2.625227E-5            0.
        2020.   2.308991E-5            0.
        2030.   5.676192E-7            0.
        2040.   6.050955E-5            0.
        2050.   1.708616E-5            0.
        2060.   8.120173E-6            0.
        2070.   3.213331E-6            0.
        2080.   2.984886E-7            0.
        2090.   1.565130E-6            0.
        2100.   2.202321E-6            0.
        2110.   9.258622E-6            0.
        2120.   1.084641E-5            0.
        2130.   6.046235E-6            0.
        2140.   5.545922E-7            0.
        2150.   2.984886E-7            0.
        2160.   1.950277E-6            0.
        2170.   3.774059E-6            0.
        2180.   3.439887E-7            0.
        2190.   5.287270E-7            0.
        2200.   2.070163E-6            0.
        2210.   2.984886E-7            0.
        2220.   8.204188E-7            0.
        2230.   3.724971E-7            0.
        2240.   5.049385E-7            0.
        2250.   8.545912E-7            0.
        2260.   1.749207E-6            0.
        2270.   2.984886E-7            0.
        2280.   2.984886E-7            0.
        2290.   4.030823E-6            0.
        2300.   5.795135E-6            0.
        2310.   9.370012E-6            0.
        2320.   1.040273E-6            0.
        2330.   3.187843E-7            0.
        2340.   3.265250E-7            0.
        2350.   3.131204E-7            0.
        2360.   1.485835E-6            0.
        2370.   3.073621E-7            0.
        2380.   3.554110E-7            0.
        2390.   2.984886E-7            0.
        2400.   2.718682E-6            0.
        2410.   2.984886E-7            0.
        2420.   7.686884E-7            0.
        2430.   6.122698E-7            0.
        2440.   5.964108E-7            0.
        2450.   2.281616E-6            0.
        2460.   4.116726E-7            0.
        2470.   7.309289E-7            0.
        2480.   2.383566E-6            0.
        2490.   2.623339E-6            0.
        2500.   1.001570E-6            0.
        2510.   2.984886E-7            0.
        2520.   2.984886E-7            0.
        2530.   7.793554E-7            0.
        2540.   3.155748E-7            0.
        2550.   2.984886E-7            0.
        2560.   5.043721E-7            0.
        2570.   4.710494E-7            0.
        2580.   3.870345E-6            0.
        2590.   6.087770E-7            0.
        2600.   6.223704E-7            0.
        2610.   5.117352E-6            0.
        2620.   1.336685E-6            0.
        2630.   6.860896E-6            0.
        2640.   1.687848E-6            0.
        2650.   3.319057E-7            0.
        2660.   9.675863E-7            0.
        2670.   2.984886E-7            0.
        2680.   6.406838E-7            0.
        2690.   2.780985E-6            0.
        2700.   4.900235E-7            0.
        2710.   7.828482E-7            0.
        2720.   2.984886E-7            0.
        2730.   2.984886E-7            0.
        2740.   2.305216E-6            0.
        2750.   5.308037E-7            0.
        2760.   2.984886E-7            0.
        2770.   2.984886E-7            0.
        2780.   3.258642E-7            0.
        2790.   3.827866E-6            0.
        2800.   3.475759E-7            0.
        2810.   2.840456E-6            0.
        2820.   2.863112E-6            0.
        2830.   5.742271E-6            0.
        2840.   1.298926E-6            0.
        2850.   2.984886E-7            0.
        2860.   2.984886E-7            0.
        2870.   3.996840E-7            0.
        2880.   7.774674E-7            0.
        2890.   2.984886E-7            0.
        2900.   8.593111E-7            0.
        2910.   3.403072E-6            0.
        2920.   6.577699E-7            0.
        2930.   7.038365E-7            0.
        2940.   2.984886E-7            0.
        2950.   3.107604E-6            0.
        2960.   5.295765E-7            0.
        2970.   1.075201E-6            0.
        2980.   2.984886E-7            0.
        2990.   5.638433E-7            0.
        3000.   8.209852E-7            0.
        3010.   1.920069E-6            0.
        3020.   3.050965E-7            0.
        3030.   2.984886E-7            0.
        3040.   3.907161E-7            0.
        3050.   2.984886E-7            0.
        3060.   7.761458E-7            0.
        3070.   2.984886E-7            0.
        3080.   4.819996E-7            0.
        3090.   3.712700E-7            0.
        3100.   1.318749E-6            0.
        3110.   1.921957E-6            0.
        3120.   1.468843E-6            0.
        3130.   2.366575E-6            0.
        3140.   5.295765E-7            0.
        3150.   8.605383E-6            0.
        3160.   7.831314E-7            0.
        3170.   2.984886E-7            0.
        3180.   3.197283E-6            0.
        3190.   4.595327E-6            0.
        3200.   6.156682E-7            0.
        3210.   6.915647E-7            0.
        3220.   2.984886E-7            0.
        3230.   6.324711E-7            0.
        3240.   3.070789E-6            0.
        3250.   1.888917E-6            0.
        3260.   3.741963E-7            0.
        3270.   3.374753E-7            0.
        3280.   8.366554E-7            0.
        3290.   1.011010E-6            0.
        3300.   2.533660E-6            0.
        3310.   2.984886E-7            0.
        3320.   3.633405E-6            0.
        3330.   6.206712E-7            0.
        3340.   3.418176E-7            0.
        3350.   1.462235E-6            0.
        3360.   6.532388E-6            0.
        3370.   3.848634E-6            0.
        3380.   6.056619E-6            0.
        3390.   5.380724E-7            0.
        3400.   2.984886E-7            0.
        3410.   1.311197E-6            0.
        3420.   6.659826E-7            0.
        3430.   9.732503E-7            0.
        3440.   3.055685E-7            0.
        3450.   2.984886E-7            0.
        3460.   2.764937E-6            0.
        3470.   3.331329E-7            0.
        3480.   6.711745E-7            0.
        3490.   3.229379E-7            0.
        3500.   6.169897E-7            0.
        3510.   2.984886E-7            0.
        3520.   3.715532E-7            0.
        3530.   2.984886E-7            0.
        3540.   4.881355E-7            0.
        3550.   1.063873E-6            0.
        3560.   9.600345E-7            0.
        3570.   1.412204E-6            0.
        3580.   2.383566E-6            0.
        3590.   5.755487E-7            0.
        3600.   1.766199E-6            0.
        3610.   2.069219E-6            0.
        3620.   9.817462E-7            0.
        3630.   4.499041E-6            0.
        3640.   1.249838E-6            0.
        3650.   3.067013E-6            0.
        3660.   3.963800E-6            0.
        3670.   3.547502E-6            0.
        3680.   4.345171E-6            0.
        3690.   4.026103E-6            0.
        3700.   1.635929E-6            0.
        3710.   5.388276E-6            0.
        3720.   4.805836E-6            0.
        3730.   7.747299E-6            0.
        3740.   6.479525E-6            0.
        3750.   9.656984E-6            0.
        3760.   1.925733E-5            0.
        3770.   2.090931E-5            0.
        3780.   3.014150E-5            0.
        3790.   4.105398E-5            0.
        3800.   5.694128E-5            0.
        3810.   7.971968E-5            0.
        3820.   1.254558E-4            0.
        3830.   1.870038E-4            0.
        3840.   3.028309E-4            0.
        3850.   4.819052E-4            0.
        3860.   8.540248E-4            0.
        3870.   0.001436748            0.
        3880.   0.002730009            0.
        3890.   0.004924779            0.
        3900.    0.01005346            0.
        3910.    0.01971988            0.
        3920.    0.02101314            0.
        3922.    0.02433598            0.
        3924.    0.02821576            0.
        3926.    0.03261474            0.
        3928.    0.03772171            0.
        3930.    0.04389538            0.
        3932.    0.05030505            0.
        3934.    0.05907468            0.
        3936.    0.06796704            0.
        3938.    0.07843585            0.
        3940.    0.09034897            0.
        3942.     0.1031777            0.
        3944.     0.1186591            0.
        3946.     0.1347069            0.
        3948.     0.1528315            0.
        3950.     0.1722776            0.
        3952.     0.1936117            0.
        3954.      0.217117            0.
        3956.     0.2396782            0.
        3958.     0.2629003            0.
        3960.     0.2854616            0.
        3962.     0.3078341            0.
        3964.     0.3305841            0.
        3966.     0.3509743            0.
        3968.     0.3695708            0.
        3970.     0.3864681            0.
        3972.        0.4011            0.
        3974.     0.4142214            0.
        3976.     0.4254548            0.
        3978.     0.4351779            0.
        3980.     0.4427298            0.
        3982.     0.4491489            0.
        3984.     0.4552848            0.
        3986.     0.4588719            0.
        3988.     0.4620815            0.
        3990.     0.4656686            0.
        3992.     0.4682174            0.
        3994.     0.4694446            0.
        3996.     0.4710494            0.
        3998.      0.472371            0.
        4000.     0.4745421            0.
        4002.     0.4756749            0.
        4004.     0.4780349            0.
        4006.     0.4789788            0.
        4008.     0.4814332            0.
        4010.     0.4822828            0.
        4012.     0.4841708            0.
        4014.     0.4864363            0.
        4016.      0.487758            0.
        4018.     0.4889851            0.
        4020.     0.4917227            0.
        4022.     0.4933274            0.
        4024.     0.4947434            0.
        4026.      0.497009            0.
        4028.     0.4985194            0.
        4030.     0.5005962            0.
        4032.     0.5031449            0.
        4034.     0.5055048            0.
        4036.     0.5075817            0.
        4038.     0.5106024            0.
        4040.     0.5130568            0.
        4042.     0.5146616            0.
        4044.     0.5174935            0.
        4046.     0.5196646            0.
        4048.     0.5217414            0.
        4050.     0.5253286            0.
        4052.     0.5266502            0.
        4054.     0.5298597            0.
        4056.     0.5332581            0.
        4058.     0.5357125            0.
        4060.     0.5376948            0.
        4062.     0.5404324            0.
        4064.     0.5425091            0.
        4066.     0.5455299            0.
        4068.     0.5481731            0.
        4070.     0.5516658            0.
        4072.      0.553365            0.
        4074.     0.5571409            0.
        4076.     0.5599729            0.
        4078.     0.5620497            0.
        4080.     0.5661088            0.
        4082.     0.5681856            0.
        4084.     0.5720559            0.
        4086.     0.5751711            0.
        4088.     0.5765871            0.
        4090.      0.580835            0.
        4092.     0.5839502            0.
        4094.     0.5862157            0.
        4096.     0.5890477            0.
        4098.     0.5926349            0.
        4100.     0.5955613            0.
        4102.     0.5972604            0.
        4104.     0.6008475            0.
        4106.     0.6045291            0.
        4108.     0.6072667            0.
        4110.     0.6094378            0.
        4112.     0.6133081            0.
        4114.     0.6163289            0.
        4116.     0.6192553            0.
        4118.     0.6216153            0.
        4120.     0.6245416            0.
        4122.     0.6281288            0.
        4124.     0.6286951            0.
        4126.     0.6331319            0.
        4128.     0.6364359            0.
        4130.     0.6375687            0.
        4132.     0.6416278            0.
        4134.     0.6437989            0.
        4136.     0.6451205            0.
        4138.     0.6479525            0.
        4140.     0.6495572            0.
        4142.      0.652578            0.
        4144.     0.6541828            0.
        4146.     0.6555988            0.
        4148.     0.6573923            0.
        4150.     0.6592804            0.
        4152.     0.6612627            0.
        4154.     0.6629619            0.
        4156.     0.6639059            0.
        4158.     0.6654162            0.
        4160.     0.6664546            0.
        4162.     0.6673042            0.
        4164.     0.6690034            0.
        4166.     0.6701362            0.
        4168.     0.6701362            0.
        4170.     0.6708913            0.
        4172.     0.6711746            0.
        4174.     0.6724961            0.
        4176.     0.6727793            0.
        4178.     0.6725905            0.
        4180.      0.672213            0.
        4182.     0.6721185            0.
        4184.     0.6724017            0.
        4186.     0.6724017            0.
        4188.     0.6717409            0.
        4190.     0.6712689            0.
        4192.     0.6715521            0.
        4194.     0.6711746            0.
        4196.     0.6700418            0.
        4198.     0.6692865            0.
        4200.     0.6701362            0.
        4202.     0.6687202            0.
        4204.     0.6668322            0.
        4206.     0.6667379            0.
        4208.     0.6659826            0.
        4210.     0.6652274            0.
        4212.     0.6654162            0.
        4214.     0.6652274            0.
        4216.     0.6634338            0.
        4218.     0.6637171            0.
        4220.     0.6619235            0.
        4222.     0.6616403            0.
        4224.     0.6605075            0.
        4226.     0.6601299            0.
        4228.     0.6591859            0.
        4230.     0.6584307            0.
        4232.     0.6576755            0.
        4234.     0.6577699            0.
        4236.      0.656354            0.
        4238.      0.656354            0.
        4240.     0.6556932            0.
        4242.     0.6551268            0.
        4244.      0.654466            0.
        4246.     0.6550324            0.
        4248.     0.6534276            0.
        4250.      0.654466            0.
        4252.     0.6532388            0.
        4254.     0.6529556            0.
        4256.      0.653994            0.
        4258.       0.65305            0.
        4260.     0.6534276            0.
        4262.     0.6543716            0.
        4264.      0.654938            0.
        4266.     0.6545604            0.
        4268.     0.6553156            0.
        4270.     0.6540884            0.
        4272.     0.6555044            0.
        4274.     0.6551268            0.
        4276.     0.6555044            0.
        4278.     0.6574867            0.
        4280.     0.6555988            0.
        4282.      0.657298            0.
        4284.     0.6576755            0.
        4286.     0.6574867            0.
        4288.     0.6581475            0.
        4290.     0.6586195            0.
        4292.     0.6598467            0.
        4294.     0.6593747            0.
        4296.     0.6599411            0.
        4298.      0.659658            0.
        4300.     0.6606963            0.
        4302.     0.6603187            0.
        4304.     0.6601299            0.
        4306.     0.6607907            0.
        4308.     0.6604131            0.
        4310.     0.6605075            0.
        4312.     0.6606963            0.
        4314.     0.6603187            0.
        4316.     0.6598467            0.
        4318.     0.6603187            0.
        4320.     0.6600355            0.
        4322.     0.6594691            0.
        4324.     0.6586195            0.
        4326.     0.6589028            0.
        4328.     0.6579587            0.
        4330.     0.6585251            0.
        4332.     0.6576755            0.
        4334.     0.6559764            0.
        4336.     0.6555988            0.
        4338.     0.6550324            0.
        4340.     0.6541828            0.
        4342.     0.6533332            0.
        4344.     0.6538996            0.
        4346.     0.6513509            0.
        4348.     0.6513509            0.
        4350.     0.6507844            0.
        4352.     0.6486133            0.
        4354.     0.6489909            0.
        4356.     0.6472917            0.
        4358.     0.6469141            0.
        4360.     0.6456869            0.
        4362.     0.6440821            0.
        4364.     0.6432325            0.
        4366.     0.6421942            0.
        4368.     0.6428549            0.
        4370.     0.6406838            0.
        4372.     0.6384182            0.
        4374.     0.6374742            0.
        4376.     0.6368135            0.
        4378.      0.635303            0.
        4380.     0.6341703            0.
        4382.     0.6337927            0.
        4384.     0.6320935            0.
        4386.     0.6306775            0.
        4388.     0.6308663            0.
        4390.     0.6286007            0.
        4392.     0.6275623            0.
        4394.     0.6259576            0.
        4396.      0.625108            0.
        4398.     0.6238808            0.
        4400.     0.6219929            0.
        4402.       0.62086            0.
        4404.     0.6200104            0.
        4406.     0.6189721            0.
        4408.     0.6179338            0.
        4410.     0.6164233            0.
        4412.     0.6152905            0.
        4414.      0.613969            0.
        4416.     0.6122698            0.
        4418.     0.6113258            0.
        4420.     0.6100986            0.
        4422.      0.608777            0.
        4424.     0.6067947            0.
        4426.     0.6051899            0.
        4428.     0.6038683            0.
        4430.     0.6027355            0.
        4432.     0.6008475            0.
        4434.      0.599526            0.
        4436.     0.5972604            0.
        4438.     0.5959388            0.
        4440.      0.594334            0.
        4442.     0.5932013            0.
        4444.     0.5913132            0.
        4446.     0.5891421            0.
        4448.     0.5880094            0.
        4450.      0.586027            0.
        4452.     0.5837613            0.
        4454.      0.581779            0.
        4456.      0.580363            0.
        4458.     0.5776255            0.
        4460.     0.5770591            0.
        4462.     0.5736607            0.
        4464.     0.5727167            0.
        4466.     0.5708288            0.
        4468.     0.5693184            0.
        4470.     0.5664864            0.
        4472.     0.5645984            0.
        4474.     0.5622385            0.
        4476.     0.5606337            0.
        4478.     0.5578962            0.
        4480.     0.5565746            0.
        4482.      0.554781            0.
        4484.     0.5521379            0.
        4486.     0.5506275            0.
        4488.     0.5486451            0.
        4490.     0.5459075            0.
        4492.      0.545058            0.
        4494.      0.541282            0.
        4496.     0.5397716            0.
        4498.     0.5376005            0.
        4500.     0.5353348            0.
        4502.     0.5326917            0.
        4504.     0.5315589            0.
        4506.     0.5291046            0.
        4508.     0.5271221            0.
        4510.      0.524479            0.
        4512.     0.5224966            0.
        4514.     0.5205142            0.
        4516.     0.5189095            0.
        4518.     0.5160775            0.
        4520.     0.5137176            0.
        4522.     0.5123016            0.
        4524.     0.5087144            0.
        4526.     0.5061657            0.
        4528.     0.5039945            0.
        4530.     0.5014457            0.
        4532.     0.4992746            0.
        4534.     0.4963482            0.
        4536.     0.4925722            0.
        4538.     0.4902123            0.
        4540.     0.4870028            0.
        4542.     0.4843596            0.
        4544.     0.4807724            0.
        4546.     0.4780349            0.
        4548.     0.4753917            0.
        4550.      0.472371            0.
        4552.     0.4689726            0.
        4554.     0.4646302            0.
        4556.     0.4618927            0.
        4558.     0.4584944            0.
        4560.     0.4547184            0.
        4562.     0.4510369            0.
        4564.     0.4472609            0.
        4566.     0.4438626            0.
        4568.      0.440181            0.
        4570.     0.4366882            0.
        4572.     0.4327235            0.
        4574.     0.4291364            0.
        4576.     0.4258324            0.
        4578.     0.4217733            0.
        4580.     0.4180917            0.
        4582.     0.4147877            0.
        4584.     0.4115782            0.
        4586.     0.4073302            0.
        4588.     0.4042151            0.
        4590.     0.4012887            0.
        4592.     0.3981736            0.
        4594.     0.3951528            0.
        4596.     0.3925097            0.
        4598.     0.3901497            0.
        4600.     0.3876953            0.
        4602.     0.3854298            0.
        4604.     0.3834474            0.
        4606.     0.3808986            0.
        4608.     0.3791994            0.
        4610.     0.3783499            0.
        4612.     0.3762731            0.
        4614.     0.3754235            0.
        4616.     0.3744795            0.
        4618.     0.3740075            0.
        4620.     0.3735355            0.
        4622.     0.3737243            0.
        4624.     0.3736299            0.
        4626.     0.3742907            0.
        4628.     0.3743851            0.
        4630.     0.3762731            0.
        4632.     0.3766507            0.
        4634.     0.3780667            0.
        4636.     0.3791051            0.
        4638.     0.3807098            0.
        4640.     0.3820314            0.
        4642.     0.3837306            0.
        4644.     0.3850522            0.
        4646.     0.3860906            0.
        4648.     0.3866569            0.
        4650.     0.3874122            0.
        4652.     0.3870345            0.
        4654.     0.3869402            0.
        4656.     0.3849578            0.
        4658.     0.3834474            0.
        4660.     0.3788219            0.
        4662.     0.3734411            0.
        4664.     0.3675884            0.
        4666.     0.3585261            0.
        4668.     0.3504079            0.
        4670.     0.3387024            0.
        4672.      0.326525            0.
        4674.     0.3118932            0.
        4676.     0.2975446            0.
        4678.     0.2825352            0.
        4680.     0.2662043            0.
        4682.     0.2488349            0.
        4684.     0.2308992            0.
        4686.      0.214285            0.
        4688.       0.19701            0.
        4690.     0.1801127            0.
        4692.     0.1642537            0.
        4694.     0.1492443            0.
        4696.     0.1355565            0.
        4698.     0.1222463            0.
        4700.     0.1100689            0.
        4702.    0.09892981            0.
        4704.    0.08918787            0.
        4706.    0.08000287            0.
        4708.    0.07215834            0.
        4710.    0.06449317            0.
        4712.    0.05790415            0.
        4714.    0.05203255            0.
        4716.    0.04665182            0.
        4718.    0.04194133            0.
        4720.    0.03768395            0.
        4722.    0.03393633            0.
        4724.    0.03057573            0.
        4726.    0.02771545            0.
        4728.    0.02498733            0.
        4730.    0.02264624            0.
        4732.    0.02040899            0.
        4734.    0.01862486            0.
        4736.    0.01687848            0.
        4738.    0.01535866            0.
        4740.    0.01384829            0.
        4742.     0.0126683            0.
        4744.    0.01145056            0.
        4746.    0.01043105            0.
        4748.   0.009590905            0.
        4760.   0.006184057            0.
        4770.   0.004205461            0.
        4780.   0.002763993            0.
        4790.   0.001941781            0.
        4800.    0.00131875            0.
        4810.   9.553146E-4            0.
        4820.   6.696642E-4            0.
        4830.   4.964426E-4            0.
        4840.   3.555998E-4            0.
        4850.   2.682810E-4            0.
        4860.   1.965380E-4            0.
        4870.   1.516987E-4            0.
        4880.   1.135616E-4            0.
        4890.   8.872531E-5            0.
        4900.   6.754225E-5            0.
        4910.   5.336357E-5            0.
        4920.   4.143158E-5            0.
        4930.   3.341713E-5            0.
        4940.   2.647883E-5            0.
        4950.   2.179665E-5            0.
        4960.   1.744487E-5            0.
        4970.   1.467899E-5            0.
        4980.   1.188479E-5            0.
        4990.   1.011954E-5            0.
        5000.   8.447738E-6            0.
        5010.   7.031757E-6            0.
        5020.   5.729999E-6            0.
        5030.   4.844539E-6            0.
        5040.   4.066695E-6            0.
        5050.   3.277522E-6            0.
        5060.   2.888599E-6            0.
        5070.   2.393950E-6            0.
        5080.   2.029572E-6            0.
        5090.   1.810566E-6            0.
        5100.   1.599113E-6            0.
        5110.   1.448076E-6            0.
        5120.   1.266830E-6            0.
        5130.   1.082753E-6            0.
        5140.   9.290717E-7            0.
        5150.   9.619225E-7            0.
        5160.   8.072030E-7            0.
        5170.   7.854914E-7            0.
        5180.   7.052525E-7            0.
        5190.   7.170523E-7            0.
        5200.   6.321879E-7            0.
        5210.   5.682800E-7            0.
        5220.   4.880411E-7            0.
        5230.   3.798602E-7            0.
        5240.   4.033655E-7            0.
        5250.   3.038693E-7            0.
        5260.   3.221827E-7            0.
        5270.   2.984886E-7            0.
        5280.   3.516351E-7            0.
        5290.   3.110436E-7            0.
        5300.   2.984886E-7            0.
        5310.   2.984886E-7            0.
        5320.   2.984886E-7            0.
        5330.   3.923209E-7            0.
        5340.   2.984886E-7            0.
        5350.   2.984886E-7            0.
        5360.   2.984886E-7            0.
        5370.   2.984886E-7            0.
        5380.   2.984886E-7            0.
        5390.   2.984886E-7            0.
        5400.   2.984886E-7            0.
        5410.   2.984886E-7            0.
        5420.   2.984886E-7            0.
        5430.   2.984886E-7            0.
        5440.   2.984886E-7            0.
        5450.   2.984886E-7            0.
        5460.   2.984886E-7            0.
        5470.   2.984886E-7            0.
        5480.   2.984886E-7            0.
        5490.   2.984886E-7            0.
        5500.   2.984886E-7            0.
        5510.   2.984886E-7            0.
        5520.   2.984886E-7            0.
        5530.   2.984886E-7            0.
        5540.   2.984886E-7            0.
        5550.   2.984886E-7            0.
        5560.   2.984886E-7            0.
        5570.   2.984886E-7            0.
        5580.   2.984886E-7            0.
        5590.   2.984886E-7            0.
        5600.   2.984886E-7            0.
        5610.   2.984886E-7            0.
        5620.   2.984886E-7            0.
        5630.   2.984886E-7            0.
        5640.   2.984886E-7            0.
        5650.   2.984886E-7            0.
        5660.   2.984886E-7            0.
        5670.   2.984886E-7            0.
        5680.   2.984886E-7            0.
        5690.   2.984886E-7            0.
        5700.   2.984886E-7            0.
        5710.   2.984886E-7            0.
        5720.   2.984886E-7            0.
        5730.   2.984886E-7            0.
        5740.   2.984886E-7            0.
        5750.   2.984886E-7            0.
        5760.   2.984886E-7            0.
        5770.   2.984886E-7            0.
        5780.   2.984886E-7            0.
        5790.   2.984886E-7            0.
        5800.   2.984886E-7            0.
        5810.   2.984886E-7            0.
        5820.   2.984886E-7            0.
        5830.   2.984886E-7            0.
        5840.   2.984886E-7            0.
        5850.   2.984886E-7            0.
        5860.   2.984886E-7            0.
        5870.   2.984886E-7            0.
        5880.   2.984886E-7            0.
        5890.   2.984886E-7            0.
        5900.   2.984886E-7            0.
        5910.   2.984886E-7            0.
        5920.   2.984886E-7            0.
        5930.   2.984886E-7            0.
        5940.   2.984886E-7            0.
        5950.   2.984886E-7            0.
        5960.   2.984886E-7            0.
        5970.   2.984886E-7            0.
        5980.   2.984886E-7            0.
        5990.   2.984886E-7            0.
        6000.   2.984886E-7            0.
        6010.   2.984886E-7            0.
        6020.   2.984886E-7            0.
        6030.   2.984886E-7            0.
        6040.   2.984886E-7            0.
        6050.   2.984886E-7            0.
        6060.   2.984886E-7            0.
        6070.   3.342657E-7            0.
        6080.   5.029561E-7            0.
        6090.   8.297644E-7            0.
        6100.   1.322525E-6            0.
        6110.   2.140018E-6            0.
        6120.   3.153860E-6            0.
        6130.   4.127110E-6            0.
        6140.   4.468833E-6            0.
        6150.   3.948696E-6            0.
        6160.   2.997158E-6            0.
        6170.   2.033347E-6            0.
        6180.   1.543418E-6            0.
        6190.   1.083697E-6            0.
        6200.   8.809284E-7            0.
        6210.   7.445223E-7            0.
        6220.   6.746673E-7            0.
        6230.   5.509107E-7            0.
        6240.   4.547184E-7            0.
        6250.   3.813706E-7            0.
        6260.   3.800490E-7            0.
        6270.   2.984886E-7            0.
        6280.   3.225603E-7            0.
        6290.   2.984886E-7            0.
        6300.   3.200115E-7            0.
        6310.   2.984886E-7            0.
        6320.   2.984886E-7            0.
        6330.   2.984886E-7            0.
        6340.   2.984886E-7            0.
        6350.   2.984886E-7            0.
        6360.   2.984886E-7            0.
        6370.   2.984886E-7            0.
        6380.   2.984886E-7            0.
        6390.   2.984886E-7            0.
        6400.   2.984886E-7            0.
        6410.   2.984886E-7            0.
        6420.   3.447440E-7            0.
        6430.   3.191619E-7            0.
        6440.   3.874121E-7            0.
        6450.   4.090294E-7            0.
        6460.   4.710494E-7            0.
        6470.   4.617983E-7            0.
        6480.   5.466627E-7            0.
        6490.   4.511313E-7            0.
        6500.   5.287270E-7            0.
        6510.   5.088088E-7            0.
        6520.   5.769647E-7            0.
        6530.   4.716157E-7            0.
        6540.   5.263670E-7            0.
        6550.   5.073929E-7            0.
        6560.   5.052217E-7            0.
        6570.   5.082425E-7            0.
        6580.   5.699792E-7            0.
        6590.   5.230630E-7            0.
        6600.   6.242585E-7            0.
        6610.   5.954668E-7            0.
        6620.   6.860895E-7            0.
        6630.   7.190347E-7            0.
        6640.   8.360890E-7            0.
        6650.   8.797012E-7            0.
        6660.   1.047825E-6            0.
        6670.   1.131840E-6            0.
        6680.   1.316861E-6            0.
        6690.   1.485835E-6            0.
        6700.   1.802071E-6            0.
        6710.   2.093763E-6            0.
        6720.   2.540268E-6            0.
        6730.   3.048133E-6            0.
        6740.   3.762731E-6            0.
        6750.   4.547184E-6            0.
        6760.   5.733775E-6            0.
        6770.   6.842960E-6            0.
        6780.   8.544024E-6            0.
        6790.   1.016674E-5            0.
        6800.   1.260222E-5            0.
        6810.   1.508491E-5            0.
        6820.   1.851158E-5            0.
        6830.   2.188161E-5            0.
        6840.   2.630891E-5            0.
        6850.   3.072677E-5            0.
        6860.   3.657004E-5            0.
        6870.   4.211125E-5            0.
        6880.   4.880412E-5            0.
        6890.   5.516658E-5            0.
        6900.   6.284119E-5            0.
        6910.   6.967566E-5            0.
        6920.   7.754851E-5            0.
        6930.   8.403370E-5            0.
        6940.   9.108528E-5            0.
        6950.   9.656984E-5            0.
        6960.   1.014786E-4            0.
        6970.   1.051601E-4            0.
        6980.   1.072369E-4            0.
        6990.   1.080865E-4            0.
        7000.   1.073313E-4            0.
        7010.   1.051601E-4            0.
        7020.   1.016674E-4            0.
        7030.   9.741943E-5            0.
        7040.   9.175551E-5            0.
        7050.   8.646918E-5            0.
        7060.   7.958752E-5            0.
        7070.   7.363096E-5            0.
        7080.   6.698530E-5            0.
        7090.   6.128362E-5            0.
        7100.   5.512882E-5            0.
        7110.   5.005961E-5            0.
        7120.   4.472609E-5            0.
        7130.   4.025159E-5            0.
        7140.   3.566382E-5            0.
        7150.   3.210499E-5            0.
        7160.   2.869720E-5            0.
        7170.   2.572364E-5            0.
        7180.   2.279728E-5            0.
        7190.   2.067331E-5            0.
        7200.   1.834166E-5            0.
        7210.   1.645369E-5            0.
        7220.   1.481115E-5            0.
        7230.   1.342349E-5            0.
        7240.   1.191311E-5            0.
        7250.   1.075201E-5            0.
        7260.   9.647544E-6            0.
        7270.   8.797012E-6            0.
        7280.   7.854913E-6            0.
        7290.   7.244154E-6            0.
        7300.   6.512564E-6            0.
        7310.   5.909357E-6            0.
        7320.   5.439251E-6            0.
        7330.   4.940827E-6            0.
        7340.   4.469777E-6            0.
        7350.   4.051591E-6            0.
        7360.   3.678716E-6            0.
        7370.   3.314337E-6            0.
        7380.   3.063237E-6            0.
        7390.   2.762105E-6            0.
        7400.   2.514781E-6            0.
        7410.   2.289168E-6            0.
        7420.   2.116418E-6            0.
        7430.   1.951221E-6            0.
        7440.   1.794519E-6            0.
        7450.   1.685960E-6            0.
        7460.   1.508491E-6            0.
        7470.   1.416924E-6            0.
        7480.   1.273438E-6            0.
        7490.   1.135616E-6            0.
        7500.   1.106352E-6            0.
        7510.   9.302045E-7            0.
        7520.   8.393930E-7            0.
        7530.   7.777506E-7            0.
        7540.   6.977950E-7            0.
        7550.   6.735345E-7            0.
        7560.   6.147242E-7            0.
        7570.   5.223079E-7            0.
        7580.   4.922891E-7            0.
        7590.   4.065751E-7            0.
        7600.   4.090294E-7            0.
        7610.   3.467263E-7            0.
        7620.   2.984886E-7            0.
        7630.   2.984886E-7            0.
        7640.   2.984886E-7            0.
        7650.   2.984886E-7            0.
        7660.   2.984886E-7            0.
        7670.   2.984886E-7            0.
        7680.   2.984886E-7            0.
        7690.   2.984886E-7            0.
        7700.   2.984886E-7            0.
        7710.   2.984886E-7            0.
        7720.   2.984886E-7            0.
        7730.   2.984886E-7            0.
        7740.   2.984886E-7            0.
        7750.   2.984886E-7            0.
        7760.   2.984886E-7            0.
        7770.   2.984886E-7            0.
        7780.   2.984886E-7            0.
        7790.   2.984886E-7            0.
        7800.   2.984886E-7            0.
        7810.   2.984886E-7            0.
        7820.   2.984886E-7            0.
        7830.   2.984886E-7            0.
        7840.   2.984886E-7            0.
        7850.   2.984886E-7            0.
        7860.   2.984886E-7            0.
        7870.   2.984886E-7            0.
        7880.   2.984886E-7            0.
        7890.   2.984886E-7            0.
        7900.   2.984886E-7            0.
        7910.   2.984886E-7            0.
        7920.   2.984886E-7            0.
        7930.   2.984886E-7            0.
        7940.   2.984886E-7            0.
        7950.   2.984886E-7            0.
        7960.   2.984886E-7            0.
        7970.   2.984886E-7            0.
        7980.   2.984886E-7            0.
        7990.   2.984886E-7            0.
        8000.   2.337311E-6            0.
        8010.   1.198863E-6            0.
        8020.   3.681548E-6            0.
        8030.   5.131512E-7            0.
        8040.   1.313085E-6            0.
        8050.   1.190367E-5            0.
        8060.   1.137504E-6            0.
        8070.   1.445244E-5            0.
        8080.   6.640947E-6            0.
        8090.   6.356807E-6            0.
        8100.   2.384510E-6            0.
        8110.   2.984886E-7            0.
        8120.   3.351153E-7            0.
        8130.   5.628993E-6            0.
        8140.   2.629003E-6            0.
        8150.   5.391108E-7            0.
        8160.   1.199807E-6            0.
        8170.   1.555690E-6            0.
        8180.   1.521707E-5            0.
        8190.   1.177151E-5            0.
        8200.   1.788855E-6            0.
        8210.   1.085585E-5            0.
        8220.   8.159822E-6            0.
        8230.   3.982680E-6            0.
        8240.   1.135616E-5            0.
        8250.   7.229050E-6            0.
        8260.   1.248894E-6            0.
        8270.   7.468823E-7            0.
        8280.   4.632143E-6            0.
        8290.   2.774377E-6            0.
        8300.   8.746981E-7            0.
        8310.   5.746992E-6            0.
        8320.   3.269026E-6            0.
        8330.   6.708914E-7            0.
        8340.   3.529566E-6            0.
        8350.   3.795771E-6            0.
        8360.   8.190973E-7            0.
        8370.   7.277194E-6            0.
        8380.   7.600981E-6            0.
        8390.   5.282549E-6            0.
        8400.   8.862147E-7            0.
        8410.   2.535548E-6            0.
        8420.   5.207030E-6            0.
        8430.   1.152608E-6            0.
        8440.   3.461599E-6            0.
        8450.   4.448065E-7            0.
        8460.   6.349254E-6            0.
        8470.   1.636873E-6            0.
        8480.   1.409372E-5            0.
        8490.   3.348321E-6            0.
        8500.   2.853672E-6            0.
        8510.   1.342349E-6            0.
        8520.   6.316215E-7            0.
        8530.   1.577402E-6            0.
        8540.   1.767143E-6            0.
        8550.   8.375994E-6            0.
        8560.   2.005972E-6            0.
        8570.   1.002514E-6            0.
        8580.   5.430756E-6            0.
        8590.   2.319375E-6            0.
        8600.   3.812762E-6            0.
        8610.   1.254558E-6            0.
        8620.   1.139392E-6            0.
        8630.   1.157328E-6            0.
        8640.   6.642834E-7            0.
        8650.   7.726531E-6            0.
        8660.   7.817154E-6            0.
        8670.   1.974820E-6            0.
        8680.   1.677464E-6            0.
        8690.   7.329112E-7            0.
        8700.   8.761141E-6            0.
        8710.   3.135924E-6            0.
        8720.   5.341077E-6            0.
        8730.   1.073313E-5            0.
        8740.   4.752029E-6            0.
        8750.   3.387024E-6            0.
        8760.   2.595963E-6            0.
        8770.   7.297018E-7            0.
        8780.   4.839820E-6            0.
        8790.   1.070481E-6            0.
        8800.   2.626171E-6            0.
        8810.   1.215855E-6            0.
        8820.   6.130250E-6            0.
        8830.   6.273736E-6            0.
        8840.   2.235361E-5            0.
        8850.   1.418812E-6            0.
        8860.   4.996522E-6            0.
        8870.   8.691286E-7            0.
        8880.   3.852410E-6            0.
        8890.   6.288839E-6            0.
        8900.   5.171159E-6            0.
        8910.   1.795463E-6            0.
        8920.   1.870982E-6            0.
        8930.   4.543408E-6            0.
        8940.   4.652911E-6            0.
        8950.   1.189423E-6            0.
        8960.   5.635601E-7            0.
        8970.   7.246986E-7            0.
        8980.   7.929489E-6            0.
        8990.   1.225295E-5            0.
        9000.   4.297971E-6            0.
        9010.   1.379165E-5            0.
        9020.   7.593429E-6            0.
        9030.   8.932002E-6            0.
        9040.   3.762731E-7            0.
        9050.   1.257390E-5            0.
        9060.   2.931079E-6            0.
        9070.   1.301758E-5            0.
        9080.   3.901497E-7            0.
        9090.   4.429186E-6            0.
        9100.   1.179039E-6            0.
        9110.   1.950277E-6            0.
        9120.   2.984886E-7            0.
        9130.   2.055059E-6            0.
        9140.   1.053489E-6            0.
        9150.   4.020440E-7            0.
        9160.   9.239742E-6            0.
        9170.   4.021384E-6            0.
        9180.   1.335741E-6            0.
        9190.   2.355247E-6            0.
        9200.   3.418176E-6            0.
        9210.   1.789799E-6            0.
        9220.   2.434542E-6            0.
        9230.   3.512574E-6            0.
        9240.   4.651023E-6            0.
        9250.   6.029243E-6            0.
        9260.   4.801116E-6            0.
        9270.   1.601001E-6            0.
        9280.   3.152915E-6            0.
        9290.   4.964426E-6            0.
        9300.   2.000308E-6            0.
        9310.   2.899927E-6            0.
        9320.   5.502499E-7            0.
        9330.   8.646919E-6            0.
        9340.   5.538370E-6            0.
        9350.   7.790722E-6            0.
        9360.   9.052833E-6            0.
        9370.   5.383557E-6            0.
        9380.   8.238172E-7            0.
        9390.   2.129634E-6            0.
        9400.   3.581486E-7            0.
        9410.   1.072369E-5            0.
        9420.   6.388902E-6            0.
        9430.   3.953416E-7            0.
        9440.   1.440524E-6            0.
        9450.   4.551904E-6            0.
        9460.   2.263680E-6            0.
        9470.   2.036179E-6            0.
        9480.   2.154178E-6            0.
        9490.   9.562586E-6            0.
        9500.   2.544988E-6            0.
        9510.   1.345181E-6            0.
        9520.   1.024226E-6            0.
        9530.   7.007214E-6            0.
        9540.   2.187217E-6            0.
        9550.   1.140336E-5            0.
        9560.   6.033019E-6            0.
        9570.   1.474507E-6            0.
        9580.   2.410942E-6            0.
        9590.   6.078330E-6            0.
        9600.   9.798582E-6            0.
        9610.   1.725608E-6            0.
        9620.   7.797330E-6            0.
        9630.   1.020450E-6            0.
        9640.   3.343601E-6            0.
        9650.   5.926348E-7            0.
        9660.   5.078648E-6            0.
        9670.   2.385455E-6            0.
        9680.   2.698858E-6            0.
        9690.   4.525472E-6            0.
        9700.   7.586821E-7            0.
        9710.   1.726552E-6            0.
        9720.   2.498733E-6            0.
        9730.   1.138448E-6            0.
        9740.   3.553166E-6            0.
        9750.   5.634657E-6            0.
        9760.   5.727167E-6            0.
        9770.   1.518875E-6            0.
        9780.   5.946172E-6            0.
        9790.   2.595019E-6            0.
        9800.   2.912199E-6            0.
        9810.   3.286962E-6            0.
        9820.   2.174945E-6            0.
        9830.   8.039935E-6            0.
        9840.   1.212079E-6            0.
        9850.   4.830380E-7            0.
        9860.   8.135277E-6            0.
        9870.   4.468833E-7            0.
        9880.   3.455935E-6            0.
        9890.   4.449953E-6            0.
        9900.   3.623965E-6            0.
        9910.   4.960650E-7            0.
        9920.   9.609785E-6            0.
        9930.   1.819063E-5            0.
        9940.   7.067629E-7            0.
        9950.   9.193487E-7            0.
        9960.   5.828174E-6            0.
        9970.   1.027058E-5            0.
        9980.   3.741019E-6            0.
        9990.   6.417222E-6            0.
       10000.   9.562586E-6            0.
       10010.   1.414092E-5            0.
       10020.   9.732503E-6            0.
       10030.   1.041217E-6            0.
       10040.   4.617039E-6            0.
       10050.   1.817174E-5            0.
       10060.   1.124288E-5            0.
       10070.   4.492433E-6            0.
       10080.   7.653844E-6            0.
       10090.   1.362173E-6            0.
       10100.   5.614833E-6            0.
       10110.   2.984886E-7            0.
       10120.   1.450908E-6            0.
       10130.   1.132784E-5            0.
       10140.   1.233791E-6            0.
       10150.   8.449625E-7            0.
       10160.   1.912517E-6            0.
       10170.   6.059450E-7            0.
       10180.   2.069219E-6            0.
       10190.   9.656984E-7            0.
       10200.   1.389548E-6            0.
       10210.   1.744487E-6            0.
       10220.   1.651033E-6            0.
       10230.   6.486133E-6            0.
       10240.   1.711448E-6            0.
       10250.   2.054115E-6            0.
       10260.   2.170226E-6            0.
       10270.   4.900235E-6            0.
       10280.   3.997784E-6            0.
       10290.   5.052217E-7            0.
       10300.   2.403390E-6            0.
       10310.   1.265886E-6            0.
       10320.   5.158887E-6            0.
       10330.   3.010374E-6            0.
       10340.   4.095014E-6            0.
       10350.   5.446803E-6            0.
       10360.   1.817175E-6            0.
       10370.   1.483003E-5            0.
       10380.   1.885142E-5            0.
       10390.   4.830380E-6            0.
       10400.   2.155122E-6            0.
       10410.   9.354908E-7            0.
       10420.   3.192563E-6            0.
       10430.   9.426651E-7            0.
       10440.   9.254846E-6            0.
       10450.   2.205153E-6            0.
       10460.   1.366893E-6            0.
       10470.   1.998420E-6            0.
       10480.   2.855560E-6            0.
       10490.   2.426046E-6            0.
       10500.   1.551914E-6            0.
       10510.   9.127407E-7            0.
       10520.   3.319057E-6            0.
       10530.   7.075180E-7            0.
       10540.   3.528622E-6            0.
       10550.   8.295755E-7            0.
       10560.   8.545912E-7            0.
       10570.   5.770590E-7            0.
       10580.   6.889215E-6            0.
       10590.   1.760535E-6            0.
       10600.   4.481105E-6            0.
       10610.   6.016971E-6            0.
       10620.   4.250772E-6            0.
       10630.   7.347993E-7            0.
       10640.   4.812444E-6            0.
       10650.   8.314634E-6            0.
       10660.   2.759273E-6            0.
       10670.   1.297982E-5            0.
       10680.   1.600058E-6            0.
       10690.   1.206415E-6            0.
       10700.   2.898039E-6            0.
       10710.   3.849578E-6            0.
       10720.   2.906535E-6            0.
       10730.   1.726552E-5            0.
       10740.   3.492751E-6            0.
       10750.   3.760843E-6            0.
       10760.   4.754861E-6            0.
       10770.   1.044993E-5            0.
       10780.   2.562924E-6            0.
       10790.   1.136560E-5            0.
       10800.   6.387958E-6            0.
       10810.   3.768395E-6            0.
       10820.   2.383566E-6            0.
       10830.   2.789481E-6            0.
       10840.   5.924460E-7            0.
       10850.   6.954350E-6            0.
       10860.   3.559774E-6            0.
       10870.   8.813060E-7            0.
       10880.   9.458747E-7            0.
       10890.   1.168656E-6            0.
       10900.   1.045937E-6            0.
       10910.   1.083697E-6            0.
       10920.   1.587786E-6            0.
       10930.   4.726542E-7            0.
       10940.   7.297018E-7            0.
       10950.   7.551894E-7            0.
       10960.   9.062272E-7            0.
       10970.   6.875055E-7            0.
       10980.   8.840435E-6            0.
       10990.   4.057255E-6            0.
       11000.   1.352733E-6            0.
