         100.            0.            0.
        1210.          0.03            0.
        1220.          0.03            0.
        1230.          0.04            0.
        1235.          0.12            0.
        1240.         0.255            0.
        1250.          0.51            0.
        1260.         0.595            0.
        1270.          0.62            0.
        1280.         0.645            0.
        1290.          0.65            0.
        1300.          0.66            0.
        1320.          0.68            0.
        1340.          0.69            0.
        1360.          0.71            0.
        1380.          0.72            0.
        1400.          0.73            0.
        1450.          0.76            0.
        1500.         0.785            0.
        1550.         0.805            0.
        1600.         0.825            0.
        1650.         0.835            0.
        1700.          0.85            0.
        1800.          0.86            0.
        1900.          0.88            0.
        2000.          0.88            0.
        2500.          0.92            0.
        3000.         0.925            0.
        4000.         0.945            0.
        5000.         0.945            0.
        6000.         0.945            0.
        7000.         0.945            0.
        8000.         0.945            0.
        9000.         0.945            0.
       10000.         0.945            0.
       11000.         0.945            0.
       13000.            0.            0.
