         100.            0.            0.
        1910.            0.            0.
        1920.            0.            0.
        1930.            0.            0.
        1940.            0.            0.
        1950.            0.            0.
        1960.            0.            0.
        1970.            0.            0.
        1980.            0.            0.
        1990.            0.            0.
        2000.            0.            0.
        2010.            0.            0.
        2020.            0.            0.
        2030.            0.            0.
        2040.            0.            0.
        2050.            0.            0.
        2060.            0.            0.
        2070.            0.            0.
        2080.            0.            0.
        2090.            0.            0.
        2100.            0.            0.
        2110.            0.            0.
        2120.            0.            0.
        2130.            0.            0.
        2140.            0.            0.
        2150.            0.            0.
        2160.            0.            0.
        2170.            0.            0.
        2180.            0.            0.
        2190.            0.            0.
        2200.            0.            0.
        2210.            0.            0.
        2220.            0.            0.
        2230.            0.            0.
        2240.            0.            0.
        2250.            0.            0.
        2260.            0.            0.
        2270.            0.            0.
        2280.            0.            0.
        2290.            0.            0.
        2300.            0.            0.
        2310.            0.            0.
        2320.            0.            0.
        2330.            0.            0.
        2340.            0.            0.
        2350.            0.            0.
        2360.            0.            0.
        2370.            0.            0.
        2380.            0.            0.
        2390.            0.            0.
        2400.            0.            0.
        2410.            0.            0.
        2420.            0.            0.
        2430.            0.            0.
        2440.            0.            0.
        2450.            0.            0.
        2460.            0.            0.
        2470.            0.            0.
        2480.            0.            0.
        2490.            0.            0.
        2500.            0.            0.
        2510.            0.            0.
        2520.            0.            0.
        2530.            0.            0.
        2540.            0.            0.
        2550.            0.            0.
        2560.            0.            0.
        2570.            0.            0.
        2580.            0.            0.
        2590.            0.            0.
        2600.            0.            0.
        2610.            0.            0.
        2620.            0.            0.
        2630.            0.            0.
        2640.            0.            0.
        2650.            0.            0.
        2660.            0.            0.
        2670.            0.            0.
        2680.            0.            0.
        2690.            0.            0.
        2700.            0.            0.
        2710.            0.            0.
        2720.            0.            0.
        2730.            0.            0.
        2740.            0.            0.
        2750.            0.            0.
        2760.            0.            0.
        2770.            0.            0.
        2780.            0.            0.
        2790.            0.            0.
        2800.            0.            0.
        2810.            0.            0.
        2820.            0.            0.
        2830.            0.            0.
        2840.            0.            0.
        2850.            0.            0.
        2860.            0.            0.
        2870.            0.            0.
        2880.            0.            0.
        2890.            0.            0.
        2900.            0.            0.
        2910.            0.            0.
        2920.            0.            0.
        2930.            0.            0.
        2940.            0.            0.
        2950.            0.            0.
        2960.            0.            0.
        2970.            0.            0.
        2980.            0.            0.
        2990.            0.            0.
        3000.            0.            0.
        3010.            0.            0.
        3020.            0.            0.
        3030.            0.            0.
        3040.            0.            0.
        3050.            0.            0.
        3060.            0.            0.
        3070.            0.            0.
        3080.            0.            0.
        3090.            0.            0.
        3100.            0.            0.
        3110.            0.            0.
        3120.            0.            0.
        3130.            0.            0.
        3140.            0.            0.
        3150.            0.            0.
        3160.            0.            0.
        3170.            0.            0.
        3180.            0.            0.
        3190.            0.            0.
        3200.            0.            0.
        3210.            0.            0.
        3220.            0.            0.
        3230.            0.            0.
        3240.            0.            0.
        3250.            0.            0.
        3260.            0.            0.
        3270.            0.            0.
        3280.            0.            0.
        3290.            0.            0.
        3300.            0.            0.
        3310.            0.            0.
        3320.            0.            0.
        3330.            0.            0.
        3340.            0.            0.
        3350.            0.            0.
        3360.            0.            0.
        3370.            0.            0.
        3380.            0.            0.
        3390.            0.            0.
        3400.            0.            0.
        3410.            0.            0.
        3420.            0.            0.
        3430.            0.            0.
        3440.            0.            0.
        3450.            0.            0.
        3460.            0.            0.
        3470.            0.            0.
        3480.            0.            0.
        3490.            0.            0.
        3500.            0.            0.
        3510.            0.            0.
        3520.            0.            0.
        3530.            0.            0.
        3540.            0.            0.
        3550.            0.            0.
        3560.            0.            0.
        3570.            0.            0.
        3580.            0.            0.
        3590.            0.            0.
        3600.            0.            0.
        3610.            0.            0.
        3620.            0.            0.
        3630.            0.            0.
        3640.            0.            0.
        3650.            0.            0.
        3660.            0.            0.
        3670.            0.            0.
        3680.            0.            0.
        3690.            0.            0.
        3700.            0.            0.
        3710.            0.            0.
        3720.            0.            0.
        3730.            0.            0.
        3740.            0.            0.
        3750.            0.            0.
        3760.            0.            0.
        3770.            0.            0.
        3780.            0.            0.
        3790.            0.            0.
        3800.            0.            0.
        3810.            0.            0.
        3820.            0.            0.
        3830.            0.            0.
        3840.            0.            0.
        3850.            0.            0.
        3860.            0.            0.
        3870.            0.            0.
        3880.            0.            0.
        3890.            0.            0.
        3900.            0.            0.
        3910.            0.            0.
        3920.            0.            0.
        3930.            0.            0.
        3940.            0.            0.
        3950.            0.            0.
        3960.            0.            0.
        3970.            0.            0.
        3980.            0.            0.
        3990.            0.            0.
        4000.            0.            0.
        4010.            0.            0.
        4020.            0.            0.
        4030.            0.            0.
        4040.            0.            0.
        4050.            0.            0.
        4060.            0.            0.
        4070.            0.            0.
        4080.            0.            0.
        4090.            0.            0.
        4100.            0.            0.
        4110.   6.983978E-6            0.
        4120.   6.983978E-6            0.
        4130.            0.            0.
        4140.            0.            0.
        4150.            0.            0.
        4160.            0.            0.
        4170.   6.983978E-6            0.
        4180.   6.983978E-6            0.
        4190.            0.            0.
        4200.            0.            0.
        4210.            0.            0.
        4220.            0.            0.
        4230.            0.            0.
        4240.            0.            0.
        4250.            0.            0.
        4260.            0.            0.
        4270.   6.983978E-6            0.
        4280.   6.983978E-6            0.
        4290.   6.983978E-6            0.
        4300.            0.            0.
        4310.            0.            0.
        4320.            0.            0.
        4330.            0.            0.
        4340.            0.            0.
        4350.            0.            0.
        4360.            0.            0.
        4370.            0.            0.
        4380.            0.            0.
        4390.   6.983978E-6            0.
        4400.   6.983978E-6            0.
        4410.            0.            0.
        4420.            0.            0.
        4430.            0.            0.
        4440.            0.            0.
        4450.            0.            0.
        4460.   6.983978E-6            0.
        4470.            0.            0.
        4480.            0.            0.
        4490.            0.            0.
        4500.            0.            0.
        4510.            0.            0.
        4520.            0.            0.
        4530.            0.            0.
        4540.            0.            0.
        4550.            0.            0.
        4560.            0.            0.
        4570.            0.            0.
        4580.            0.            0.
        4590.            0.            0.
        4600.            0.            0.
        4610.            0.            0.
        4620.            0.            0.
        4630.            0.            0.
        4640.            0.            0.
        4650.            0.            0.
        4660.            0.            0.
        4670.            0.            0.
        4680.            0.            0.
        4690.            0.            0.
        4700.            0.            0.
        4710.            0.            0.
        4720.            0.            0.
        4730.            0.            0.
        4740.            0.            0.
        4750.            0.            0.
        4760.            0.            0.
        4770.            0.            0.
        4780.            0.            0.
        4790.            0.            0.
        4800.            0.            0.
        4810.            0.            0.
        4820.            0.            0.
        4830.            0.            0.
        4840.            0.            0.
        4850.            0.            0.
        4860.            0.            0.
        4870.            0.            0.
        4880.            0.            0.
        4890.            0.            0.
        4900.            0.            0.
        4910.            0.            0.
        4920.            0.            0.
        4930.            0.            0.
        4940.            0.            0.
        4950.            0.            0.
        4960.            0.            0.
        4970.            0.            0.
        4980.            0.            0.
        4990.            0.            0.
        5000.            0.            0.
        5010.            0.            0.
        5020.            0.            0.
        5030.            0.            0.
        5040.            0.            0.
        5050.   6.983978E-6            0.
        5060.   6.983978E-6            0.
        5070.   6.983978E-6            0.
        5080.   2.095193E-5            0.
        5090.   2.793591E-5            0.
        5100.   2.095193E-5            0.
        5110.   1.396796E-5            0.
        5120.   6.983978E-6            0.
        5130.   6.983978E-6            0.
        5140.   6.983978E-6            0.
        5150.   6.983978E-6            0.
        5160.   6.983978E-6            0.
        5170.   6.983978E-6            0.
        5180.   6.983978E-6            0.
        5190.   6.983978E-6            0.
        5200.   6.983978E-6            0.
        5210.   6.983978E-6            0.
        5220.   6.983978E-6            0.
        5230.   1.396796E-5            0.
        5240.   1.396796E-5            0.
        5250.   2.095193E-5            0.
        5260.   2.793591E-5            0.
        5270.   2.793591E-5            0.
        5280.   2.095193E-5            0.
        5290.   1.396796E-5            0.
        5300.   1.396796E-5            0.
        5310.   6.983978E-6            0.
        5320.   6.983978E-6            0.
        5330.   6.983978E-6            0.
        5340.   6.983978E-6            0.
        5350.   6.983978E-6            0.
        5360.   6.983978E-6            0.
        5370.   6.983978E-6            0.
        5380.   6.983978E-6            0.
        5390.   6.983978E-6            0.
        5400.   1.396796E-5            0.
        5410.   1.396796E-5            0.
        5420.   2.095193E-5            0.
        5430.   2.793591E-5            0.
        5440.   2.793591E-5            0.
        5450.   2.095193E-5            0.
        5460.   1.396796E-5            0.
        5470.   1.396796E-5            0.
        5480.   6.983978E-6            0.
        5490.   6.983978E-6            0.
        5500.   6.983978E-6            0.
        5510.   6.983978E-6            0.
        5520.   6.983978E-6            0.
        5530.   6.983978E-6            0.
        5540.   1.396796E-5            0.
        5550.   2.095193E-5            0.
        5560.   2.793591E-5            0.
        5570.   3.491989E-5            0.
        5580.   2.095193E-5            0.
        5590.   6.983978E-6            0.
        5600.   6.983978E-6            0.
        5610.   6.983978E-6            0.
        5620.   6.983978E-6            0.
        5630.   6.983978E-6            0.
        5640.   6.983978E-6            0.
        5650.   6.983978E-6            0.
        5660.   6.983978E-6            0.
        5670.   6.983978E-6            0.
        5680.   6.983978E-6            0.
        5690.   6.983978E-6            0.
        5700.   6.983978E-6            0.
        5710.   6.983978E-6            0.
        5720.   6.983978E-6            0.
        5730.   6.983978E-6            0.
        5740.   6.983978E-6            0.
        5750.   6.983978E-6            0.
        5760.   6.983978E-6            0.
        5770.   6.983978E-6            0.
        5780.   6.983978E-6            0.
        5790.   6.983978E-6            0.
        5800.   6.983978E-6            0.
        5810.   6.983978E-6            0.
        5820.   6.983978E-6            0.
        5830.   6.983978E-6            0.
        5840.   6.983978E-6            0.
        5850.   6.983978E-6            0.
        5860.   6.983978E-6            0.
        5870.   6.983978E-6            0.
        5880.   6.983978E-6            0.
        5890.   6.983978E-6            0.
        5900.   6.983978E-6            0.
        5910.   6.983978E-6            0.
        5920.   6.983978E-6            0.
        5930.   6.983978E-6            0.
        5940.   6.983978E-6            0.
        5950.   6.983978E-6            0.
        5960.   6.983978E-6            0.
        5970.   6.983978E-6            0.
        5980.   6.983978E-6            0.
        5990.   6.983978E-6            0.
        6000.   6.983978E-6            0.
        6010.   6.983978E-6            0.
        6020.   6.983978E-6            0.
        6030.   6.983978E-6            0.
        6040.   6.983978E-6            0.
        6050.   6.983978E-6            0.
        6060.   6.983978E-6            0.
        6070.   6.983978E-6            0.
        6080.   6.983978E-6            0.
        6090.   6.983978E-6            0.
        6100.   6.983978E-6            0.
        6110.   6.983978E-6            0.
        6120.   6.983978E-6            0.
        6130.   6.983978E-6            0.
        6140.   6.983978E-6            0.
        6150.   6.983978E-6            0.
        6160.   6.983978E-6            0.
        6170.   6.983978E-6            0.
        6180.   6.983978E-6            0.
        6190.   6.983978E-6            0.
        6200.   6.983978E-6            0.
        6210.   6.983978E-6            0.
        6220.   6.983978E-6            0.
        6230.   6.983978E-6            0.
        6240.   6.983978E-6            0.
        6250.   6.983978E-6            0.
        6260.   6.983978E-6            0.
        6270.   6.983978E-6            0.
        6280.   6.983978E-6            0.
        6290.   6.983978E-6            0.
        6300.   6.983978E-6            0.
        6310.   6.983978E-6            0.
        6320.   6.983978E-6            0.
        6330.   6.983978E-6            0.
        6340.   1.396796E-5            0.
        6350.   1.396796E-5            0.
        6360.   6.983978E-6            0.
        6370.   6.983978E-6            0.
        6380.   6.983978E-6            0.
        6390.   6.983978E-6            0.
        6400.   6.983978E-6            0.
        6410.   1.396796E-5            0.
        6420.   1.396796E-5            0.
        6430.   1.396796E-5            0.
        6440.   6.983978E-6            0.
        6450.   6.983978E-6            0.
        6460.   6.983978E-6            0.
        6470.   6.983978E-6            0.
        6480.   6.983978E-6            0.
        6490.   6.983978E-6            0.
        6500.   6.983978E-6            0.
        6510.   6.983978E-6            0.
        6520.   6.983978E-6            0.
        6530.   6.983978E-6            0.
        6540.   6.983978E-6            0.
        6550.   6.983978E-6            0.
        6560.   6.983978E-6            0.
        6570.   6.983978E-6            0.
        6580.   6.983978E-6            0.
        6590.   6.983978E-6            0.
        6600.   6.983978E-6            0.
        6610.   6.983978E-6            0.
        6620.   6.983978E-6            0.
        6630.   6.983978E-6            0.
        6640.   6.983978E-6            0.
        6650.   6.983978E-6            0.
        6660.   6.983978E-6            0.
        6670.   6.983978E-6            0.
        6680.   6.983978E-6            0.
        6690.   6.983978E-6            0.
        6700.   6.983978E-6            0.
        6710.   1.396796E-5            0.
        6720.   1.396796E-5            0.
        6730.   6.983978E-6            0.
        6740.   6.983978E-6            0.
        6750.   6.983978E-6            0.
        6760.   6.983978E-6            0.
        6770.   6.983978E-6            0.
        6780.   6.983978E-6            0.
        6790.   6.983978E-6            0.
        6800.   6.983978E-6            0.
        6810.   6.983978E-6            0.
        6820.   6.983978E-6            0.
        6830.   6.983978E-6            0.
        6840.   6.983978E-6            0.
        6850.   6.983978E-6            0.
        6860.   6.983978E-6            0.
        6870.   6.983978E-6            0.
        6880.   6.983978E-6            0.
        6890.   6.983978E-6            0.
        6900.   6.983978E-6            0.
        6910.   6.983978E-6            0.
        6920.   6.983978E-6            0.
        6930.   6.983978E-6            0.
        6940.   6.983978E-6            0.
        6950.   6.983978E-6            0.
        6960.   6.983978E-6            0.
        6970.   6.983978E-6            0.
        6980.   6.983978E-6            0.
        6990.   6.983978E-6            0.
        7000.   6.983978E-6            0.
        7010.   6.983978E-6            0.
        7020.   6.983978E-6            0.
        7030.   6.983978E-6            0.
        7040.   6.983978E-6            0.
        7050.   6.983978E-6            0.
        7060.   6.983978E-6            0.
        7070.   6.983978E-6            0.
        7080.   6.983978E-6            0.
        7090.   6.983978E-6            0.
        7100.   6.983978E-6            0.
        7110.   6.983978E-6            0.
        7120.   6.983978E-6            0.
        7130.   6.983978E-6            0.
        7140.   6.983978E-6            0.
        7150.   6.983978E-6            0.
        7160.   6.983978E-6            0.
        7170.   6.983978E-6            0.
        7180.   6.983978E-6            0.
        7190.   6.983978E-6            0.
        7200.   6.983978E-6            0.
        7210.   6.983978E-6            0.
        7220.   6.983978E-6            0.
        7230.   6.983978E-6            0.
        7240.   6.983978E-6            0.
        7250.   6.983978E-6            0.
        7260.   6.983978E-6            0.
        7270.   6.983978E-6            0.
        7280.   6.983978E-6            0.
        7290.   6.983978E-6            0.
        7300.   6.983978E-6            0.
        7310.   6.983978E-6            0.
        7320.   6.983978E-6            0.
        7330.   6.983978E-6            0.
        7340.   6.983978E-6            0.
        7350.   6.983978E-6            0.
        7360.   6.983978E-6            0.
        7370.   6.983978E-6            0.
        7380.   6.983978E-6            0.
        7390.   6.983978E-6            0.
        7400.   6.983978E-6            0.
        7410.   6.983978E-6            0.
        7420.   6.983978E-6            0.
        7430.   6.983978E-6            0.
        7440.   6.983978E-6            0.
        7450.   6.983978E-6            0.
        7460.   6.983978E-6            0.
        7470.   6.983978E-6            0.
        7480.   6.983978E-6            0.
        7490.   6.983978E-6            0.
        7500.   6.983978E-6            0.
        7510.   6.983978E-6            0.
        7520.   6.983978E-6            0.
        7530.   6.983978E-6            0.
        7540.   6.983978E-6            0.
        7550.   6.983978E-6            0.
        7560.   6.983978E-6            0.
        7570.   6.983978E-6            0.
        7580.   6.983978E-6            0.
        7590.   6.983978E-6            0.
        7600.   6.983978E-6            0.
        7610.   6.983978E-6            0.
        7620.   6.983978E-6            0.
        7630.   6.983978E-6            0.
        7640.   6.983978E-6            0.
        7650.   6.983978E-6            0.
        7660.   6.983978E-6            0.
        7670.   6.983978E-6            0.
        7680.   6.983978E-6            0.
        7690.   6.983978E-6            0.
        7700.   6.983978E-6            0.
        7710.   6.983978E-6            0.
        7720.   6.983978E-6            0.
        7730.   6.983978E-6            0.
        7740.   6.983978E-6            0.
        7750.   6.983978E-6            0.
        7760.   6.983978E-6            0.
        7770.   6.983978E-6            0.
        7780.   6.983978E-6            0.
        7790.   6.983978E-6            0.
        7800.   6.983978E-6            0.
        7810.   6.983978E-6            0.
        7820.   6.983978E-6            0.
        7830.   6.983978E-6            0.
        7840.   6.983978E-6            0.
        7850.   6.983978E-6            0.
        7860.   6.983978E-6            0.
        7870.   6.983978E-6            0.
        7880.   6.983978E-6            0.
        7890.   6.983978E-6            0.
        7900.   6.983978E-6            0.
        7910.   6.983978E-6            0.
        7920.   6.983978E-6            0.
        7930.   6.983978E-6            0.
        7940.   6.983978E-6            0.
        7950.   6.983978E-6            0.
        7960.   6.983978E-6            0.
        7970.   6.983978E-6            0.
        7980.   6.983978E-6            0.
        7990.   6.983978E-6            0.
        8800.    0.00621574            0.
        8802.     0.0064951            0.
        8821.   0.006564939            0.
        8848.   0.006564939            0.
        8851.   0.006634779            0.
        8853.   0.006704619            0.
        8855.   0.007053818            0.
        8859.   0.007612536            0.
        8860.   0.007263337            0.
        8861.   0.007542696            0.
        8862.   0.007822055            0.
        8863.   0.008310934            0.
        8864.   0.008241095            0.
        8865.   0.008729973            0.
        8866.   0.009288691            0.
        8867.    0.01012677            0.
        8868.    0.01061565            0.
        8869.     0.0115934            0.
        8870.    0.01257116            0.
        8871.    0.01319972            0.
        8872.    0.01466635            0.
        8873.    0.01627267            0.
        8874.    0.01829802            0.
        8875.    0.02074241            0.
        8876.    0.02255825            0.
        8877.     0.0263296            0.
        8878.    0.02912319            0.
        8879.    0.03401197            0.
        8880.    0.03799284            0.
        8881.    0.04371971            0.
        8882.    0.04867833            0.
        8883.    0.05733846            0.
        8884.    0.06278596            0.
        8885.    0.07340161            0.
        8886.     0.0816427            0.
        8887.    0.09554082            0.
        8888.     0.1046898            0.
        8889.     0.1218704            0.
        8890.     0.1322765            0.
        8891.     0.1525999            0.
        8892.     0.1648917            0.
        8893.     0.1864722            0.
        8894.     0.2016973            0.
        8895.     0.2260015            0.
        8896.      0.243252            0.
        8897.     0.2690927            0.
        8898.     0.2867621            0.
        8899.     0.3121838            0.
        8900.     0.3295739            0.
        8901.     0.3556241            0.
        8902.     0.3734333            0.
        8903.     0.3964804            0.
        8904.     0.4128928            0.
        8905.     0.4366383            0.
        8906.     0.4512348            0.
        8907.     0.4715582            0.
        8908.     0.4840595            0.
        8909.     0.5014496            0.
        8910.     0.5122049            0.
        8911.     0.5276396            0.
        8912.     0.5377663            0.
        8913.     0.5495692            0.
        8914.     0.5577405            0.
        8915.     0.5673783            0.
        8916.     0.5736639            0.
        8917.     0.5822542            0.
        8918.      0.588051            0.
        8919.     0.5951048            0.
        8920.     0.5995046            0.
        8921.     0.6052315            0.
        8922.     0.6110981            0.
        8923.     0.6162662            0.
        8924.     0.6217836            0.
        8925.     0.6247168            0.
        8926.     0.6280691            0.
        8927.     0.6307929            0.
        8928.     0.6327484            0.
        8929.     0.6342849            0.
        8930.     0.6371483            0.
        8931.     0.6365896            0.
        8932.     0.6370087            0.
        8933.     0.6367293            0.
        8934.      0.636869            0.
        8935.     0.6349134            0.
        8936.     0.6342151            0.
        8937.     0.6306532            0.
        8938.      0.629885            0.
        8939.     0.6254851            0.
        8940.     0.6252057            0.
        8941.     0.6210852            0.
        8942.     0.6196185            0.
        8943.     0.6164059            0.
        8944.     0.6132631            0.
        8945.     0.6110282            0.
        8946.      0.607676            0.
        8947.     0.6014602            0.
        8948.      0.597619            0.
        8949.     0.5893779            0.
        8950.     0.5821844            0.
        8951.     0.5717783            0.
        8952.     0.5637467            0.
        8953.     0.5482423            0.
        8954.     0.5394425            0.
        8955.     0.5198175            0.
        8956.     0.5057098            0.
        8957.     0.4825231            0.
        8958.     0.4652726            0.
        8959.     0.4357304            0.
        8960.     0.4177117            0.
        8961.      0.386633            0.
        8962.     0.3635161            0.
        8963.     0.3317389            0.
        8964.     0.3105077            0.
        8965.     0.2771243            0.
        8966.     0.2557533            0.
        8967.     0.2243254            0.
        8968.     0.2045607            0.
        8969.     0.1725741            0.
        8970.     0.1557427            0.
        8971.     0.1328353            0.
        8972.     0.1174007            0.
        8973.    0.09882329            0.
        8974.    0.08695053            0.
        8975.    0.07235401            0.
        8976.    0.06299548            0.
        8977.    0.05272903            0.
        8978.    0.04623394            0.
        8979.    0.03855156            0.
        8980.    0.03366277            0.
        8981.    0.02800575            0.
        8982.    0.02535184            0.
        8983.    0.02213921            0.
        8984.    0.02039322            0.
        8985.    0.01711075            0.
        8986.    0.01438699            0.
        8987.    0.01292036            0.
        8988.    0.01215212            0.
        8989.    0.01103468            0.
        8990.    0.01047597            0.
        8991.    0.00956805            0.
        8992.   0.009009331            0.
        8993.   0.007961735            0.
        8994.   0.008241095            0.
        8995.   0.007822055            0.
        8996.   0.007961735            0.
        8997.   0.007472857            0.
        8998.   0.007053818            0.
        9000.   0.005300839            0.
        9010.   0.001033629            0.
        9020.   5.237983E-4            0.
        9030.   3.771348E-4            0.
        9040.   3.701508E-4            0.
        9050.   3.701508E-4            0.
        9060.   3.771348E-4            0.
        9070.   3.841188E-4            0.
        9080.   3.491989E-4            0.
        9090.   3.422149E-4            0.
        9100.   3.631669E-4            0.
        9110.   3.142790E-4            0.
        9120.   3.352309E-4            0.
        9130.   3.631669E-4            0.
        9140.   3.491989E-4            0.
        9150.   3.491989E-4            0.
        9160.   3.491989E-4            0.
        9170.   3.701508E-4            0.
        9180.   3.911028E-4            0.
        9190.   2.933271E-4            0.
        9200.   3.282470E-4            0.
        9210.   3.631669E-4            0.
        9220.   3.771348E-4            0.
        9230.   3.282470E-4            0.
        9240.   3.701508E-4            0.
        9250.   3.841188E-4            0.
        9260.   3.631669E-4            0.
        9270.   3.422149E-4            0.
        9280.   3.422149E-4            0.
        9290.   3.561829E-4            0.
        9300.   3.491989E-4            0.
        9310.   3.491989E-4            0.
        9320.   3.352309E-4            0.
        9330.   3.352309E-4            0.
        9340.   3.422149E-4            0.
        9350.   3.701508E-4            0.
        9360.   4.120547E-4            0.
        9370.   2.653912E-4            0.
        9380.   3.491989E-4            0.
        9390.   3.491989E-4            0.
        9400.   3.282470E-4            0.
        9410.   3.561829E-4            0.
        9420.   3.701508E-4            0.
        9430.   3.142790E-4            0.
        9440.   3.422149E-4            0.
        9450.   3.841188E-4            0.
        9460.   3.561829E-4            0.
        9470.   3.771348E-4            0.
        9480.   3.422149E-4            0.
        9490.   3.561829E-4            0.
        9500.   3.491989E-4            0.
        9510.   3.352309E-4            0.
        9520.   3.631669E-4            0.
        9530.   3.491989E-4            0.
        9540.   3.282470E-4            0.
        9550.   3.631669E-4            0.
        9560.   3.491989E-4            0.
        9570.   3.841188E-4            0.
        9580.   3.212630E-4            0.
        9590.   3.911028E-4            0.
        9600.   3.352309E-4            0.
        9610.   3.980867E-4            0.
        9620.   3.422149E-4            0.
        9630.   3.212630E-4            0.
        9640.   3.352309E-4            0.
        9650.   3.771348E-4            0.
        9660.   3.352309E-4            0.
        9670.   3.422149E-4            0.
        9680.   3.491989E-4            0.
        9690.   3.561829E-4            0.
        9700.   3.980867E-4            0.
        9710.   3.911028E-4            0.
        9720.   3.491989E-4            0.
        9730.   3.771348E-4            0.
        9740.   3.422149E-4            0.
        9750.   3.841188E-4            0.
        9760.   3.352309E-4            0.
        9770.   3.911028E-4            0.
        9780.   3.771348E-4            0.
        9790.   3.561829E-4            0.
        9800.   3.771348E-4            0.
        9810.   3.771348E-4            0.
        9820.   3.282470E-4            0.
        9830.   3.212630E-4            0.
        9840.   3.701508E-4            0.
        9850.   3.631669E-4            0.
        9860.   3.422149E-4            0.
        9870.   3.422149E-4            0.
        9880.   3.142790E-4            0.
        9890.   3.701508E-4            0.
        9900.   3.422149E-4            0.
        9910.   3.561829E-4            0.
        9920.   3.631669E-4            0.
        9930.   3.631669E-4            0.
        9940.   3.701508E-4            0.
        9950.   3.771348E-4            0.
        9960.   3.631669E-4            0.
        9970.   3.771348E-4            0.
        9980.   3.911028E-4            0.
        9990.   3.561829E-4            0.
       10000.   3.491989E-4            0.
       10010.   3.631669E-4            0.
       10020.   3.491989E-4            0.
       10030.   4.050707E-4            0.
       10040.   3.980867E-4            0.
       10050.   3.561829E-4            0.
       10060.   3.841188E-4            0.
       10070.   3.212630E-4            0.
       10080.   3.212630E-4            0.
       10090.   3.422149E-4            0.
       10100.   3.561829E-4            0.
       10110.   3.561829E-4            0.
       10120.   3.352309E-4            0.
       10130.   3.841188E-4            0.
       10140.   3.142790E-4            0.
       10150.   3.212630E-4            0.
       10160.   3.841188E-4            0.
       10170.   4.190387E-4            0.
       10180.   3.561829E-4            0.
       10190.   3.841188E-4            0.
       10200.   3.911028E-4            0.
       10210.   3.561829E-4            0.
       10220.   3.980867E-4            0.
       10230.   3.631669E-4            0.
       10240.   3.631669E-4            0.
       10250.   3.911028E-4            0.
       10260.   3.701508E-4            0.
       10270.   3.561829E-4            0.
       10280.   3.631669E-4            0.
       10290.   3.561829E-4            0.
       10300.   3.352309E-4            0.
       10310.   3.352309E-4            0.
       10320.   3.352309E-4            0.
       10330.   3.422149E-4            0.
       10340.   3.282470E-4            0.
       10350.   3.491989E-4            0.
       10360.   3.841188E-4            0.
       10370.   3.491989E-4            0.
       10380.   3.701508E-4            0.
       10390.   3.212630E-4            0.
       10400.   3.631669E-4            0.
       10410.   3.142790E-4            0.
       10420.   3.491989E-4            0.
       10430.   3.561829E-4            0.
       10440.   3.491989E-4            0.
       10450.   3.491989E-4            0.
       10460.   3.282470E-4            0.
       10470.   3.911028E-4            0.
       10480.   3.631669E-4            0.
       10490.   3.282470E-4            0.
       10500.   3.072950E-4            0.
       10510.   3.911028E-4            0.
       10520.   3.701508E-4            0.
       10530.   3.422149E-4            0.
       10540.   3.212630E-4            0.
       10550.   3.282470E-4            0.
       10560.   3.771348E-4            0.
       10570.   3.212630E-4            0.
       10580.   4.050707E-4            0.
       10590.   3.841188E-4            0.
       10600.   3.841188E-4            0.
       10610.   2.933271E-4            0.
       10620.   3.352309E-4            0.
       10630.   3.980867E-4            0.
       10640.   3.771348E-4            0.
       10650.   3.491989E-4            0.
       10660.   3.142790E-4            0.
       10670.   3.491989E-4            0.
       10680.   3.561829E-4            0.
       10690.   3.422149E-4            0.
       10700.   3.212630E-4            0.
       10710.   3.980867E-4            0.
       10720.   3.352309E-4            0.
       10730.   3.701508E-4            0.
       10740.   3.771348E-4            0.
       10750.   3.422149E-4            0.
       10760.   3.142790E-4            0.
       10770.   3.142790E-4            0.
       10780.   3.980867E-4            0.
       10790.   3.631669E-4            0.
       10800.   3.352309E-4            0.
       10810.   3.841188E-4            0.
       10820.   3.911028E-4            0.
       10830.   3.561829E-4            0.
       10840.   3.561829E-4            0.
       10850.   3.212630E-4            0.
       10860.   3.352309E-4            0.
       10870.   3.631669E-4            0.
       10880.   3.352309E-4            0.
       10890.   3.631669E-4            0.
       10900.   3.561829E-4            0.
       10910.   3.212630E-4            0.
       10920.   3.282470E-4            0.
       10930.   3.491989E-4            0.
       10940.   3.212630E-4            0.
       10950.   3.701508E-4            0.
       10960.   3.771348E-4            0.
       10970.   3.422149E-4            0.
       10980.   3.561829E-4            0.
       10990.   3.561829E-4            0.
       11000.   3.841188E-4            0.
       11010.   2.933271E-4            0.
       11020.   3.142790E-4            0.
       11030.   3.352309E-4            0.
       11040.   3.771348E-4            0.
       11050.   3.771348E-4            0.
       11060.   3.631669E-4            0.
       11070.   3.282470E-4            0.
       11080.   3.352309E-4            0.
       11090.   3.491989E-4            0.
       11100.   3.561829E-4            0.
       13000.            0.            0.
