        1850.   1.569892E-4         1852.
        1854.   7.484576E-6         1856.
        1858.   1.129447E-4         1860.
        1862.   2.367266E-5         1864.
        1866.   4.275196E-5         1868.
        1870.   7.132618E-5         1872.
        1874.   1.344201E-5         1876.
        1878.   3.970962E-5         1880.
        1882.   3.153703E-5         1884.
        1886.   8.146734E-6         1888.
        1890.   1.426723E-5         1892.
        1894.   4.377602E-5         1896.
        1898.   1.306420E-5         1900.
        1902.   4.050500E-7         1904.
        1906.   8.081116E-6         1908.
        1910.   6.597722E-7         1912.
        1914.   4.689791E-7         1916.
        1918.   4.188698E-7         1920.
        1922.   6.978512E-6         1924.
        1926.   5.388736E-6         1928.
        1930.   1.384965E-5         1932.
        1934.   2.355335E-6         1936.
        1938.   1.571880E-6         1940.
        1942.   4.698739E-6         1944.
        1946.   9.320922E-7         1948.
        1950.   2.093852E-5         1952.
        1954.   1.172199E-5         1956.
        1958.   1.482400E-6         1960.
        1962.   5.699930E-7         1964.
        1966.   8.047311E-6         1968.
        1970.   1.244778E-5         1972.
        1974.   1.124476E-6         1976.
        1978.   1.973550E-6         1980.
        1982.   1.777686E-6         1984.
        1986.   2.858416E-5         1988.
        1990.   2.062037E-5         1992.
        1994.   7.934963E-6         1996.
        1998.   4.806116E-6         2000.
        2002.   9.992029E-6         2004.
        2006.   8.520566E-6         2008.
        2010.   7.397084E-7         2012.
        2014.   5.070582E-6         2016.
        2018.   3.344595E-6         2020.
        2022.   2.080927E-6         2024.
        2026.   1.904948E-6         2028.
        2030.   7.187301E-6         2032.
        2034.   3.679651E-6         2036.
        2038.   4.695757E-6         2040.
        2042.   4.421348E-6         2044.
        2046.   6.335245E-6         2048.
        2050.   7.390124E-6         2052.
        2054.   6.534091E-6         2056.
        2058.   2.645651E-6         2060.
        2062.   3.041355E-6         2064.
        2066.   2.009342E-6         2068.
        2070.   6.372031E-7         2072.
        2074.   9.832952E-7         2076.
        2078.   2.671501E-6         2080.
        2082.   1.123482E-6         2084.
        2086.   5.157080E-7         2088.
        2090.   1.497313E-6         2092.
        2094.   2.794785E-6         2096.
        2098.   6.544033E-7         2100.
        2102.   9.706685E-7         2104.
        2106.   4.864776E-7         2108.
        2110.   3.943123E-7         2112.
        2114.   2.190292E-6         2116.
        2118.   2.475637E-6         2120.
        2122.   4.114131E-6         2124.
        2126.   2.254917E-6         2128.
        2130.   8.715435E-7         2132.
        2134.   1.335253E-6         2136.
        2138.   6.316354E-7         2140.
        2142.   3.427117E-6         2144.
        2146.   2.814670E-6         2148.
        2150.   6.894003E-7         2152.
        2154.   9.862778E-7         2156.
        2158.   4.997009E-7         2160.
        2162.   1.232847E-6         2164.
        2166.   8.542439E-7         2168.
        2170.   3.866567E-7         2172.
        2174.   6.583803E-7         2176.
        2178.   5.133218E-7         2180.
        2182.   1.128453E-6         2184.
        2186.   2.351358E-6         2188.
        2190.   1.123482E-6         2192.
        2194.   1.781663E-6         2196.
        2198.   1.016105E-6         2200.
        2202.   8.137786E-7         2204.
        2206.   5.919656E-7         2208.
        2210.   1.694171E-6         2212.
        2214.   2.471660E-6         2216.
        2218.   1.414792E-6         2220.
        2222.   7.006351E-7         2224.
        2226.   1.148338E-6         2228.
        2230.   4.851851E-7         2232.
        2234.   6.147335E-7         2236.
        2238.   3.209380E-7         2240.
        2242.   9.699725E-7         2244.
        2246.   6.993426E-7         2248.
        2250.   5.540853E-7         2252.
        2254.   1.016105E-6         2256.
        2258.   7.295672E-7         2260.
        2262.   7.432876E-7         2264.
        2266.   6.760776E-7         2268.
        2270.   4.280167E-7         2272.
        2274.   4.873724E-7         2276.
        2278.   1.165239E-6         2280.
        2282.   1.328293E-6         2284.
        2286.   4.352746E-7         2288.
        2290.   1.440642E-6         2292.
        2294.   2.394110E-6         2296.
        2298.   1.270628E-6         2300.
        2302.   5.142167E-7         2304.
        2306.   4.946303E-7         2308.
        2310.   6.191081E-7         2312.
        2314.   1.173193E-6         2316.
        2318.   6.786626E-7         2320.
        2322.   1.769732E-6         2324.
        2326.   7.496507E-7         2328.
        2330.   3.658773E-7         2332.
        2334.   3.143761E-7         2336.
        2338.   3.965990E-7         2340.
        2342.   3.143761E-7         2344.
        2346.   3.143761E-7         2348.
        2350.   3.143761E-7         2352.
        2354.   3.143761E-7         2356.
        2358.   3.143761E-7         2360.
        2362.   3.143761E-7         2364.
        2366.   3.849665E-7         2368.
        2370.   1.396896E-6         2372.
        2374.   4.314965E-7         2376.
        2378.   1.456549E-6         2380.
        2382.   2.008348E-6         2384.
        2386.   1.746865E-6         2388.
        2390.   1.985481E-6         2392.
        2394.   1.985481E-6         2396.
        2398.   3.241195E-6         2400.
        2402.   2.067008E-6         2404.
        2406.   2.377208E-6         2408.
        2410.   2.448793E-6         2412.
        2414.   3.009539E-6         2416.
        2418.   2.131633E-6         2420.
        2422.   1.873133E-6         2424.
        2426.   1.337242E-6         2428.
        2430.   1.464503E-6         2432.
        2434.   1.916879E-6         2436.
        2438.   2.242987E-6         2440.
        2442.   1.753825E-6         2444.
        2446.   1.469474E-6         2448.
        2450.   7.832557E-7         2452.
        2454.   1.208986E-6         2456.
        2458.   5.637294E-7         2460.
        2462.   4.345787E-7         2464.
        2466.   3.641871E-7         2468.
        2470.   7.660555E-7         2472.
        2474.   4.572472E-7         2476.
        2478.   3.143761E-7         2480.
        2482.   1.094649E-6         2484.
        2486.   1.272617E-6         2488.
        2490.   6.193069E-7         2492.
        2494.   6.462506E-7         2496.
        2498.   8.040352E-7         2500.
        2502.   7.848465E-7         2504.
        2506.   1.751836E-6         2508.
        2510.   1.630540E-6         2512.
        2514.   1.849271E-6         2516.
        2518.   9.122076E-7         2520.
        2522.   1.237819E-6         2524.
        2526.   6.168214E-7         2528.
        2530.   4.937355E-7         2532.
        2534.   9.580416E-7         2536.
        2538.   8.809887E-7         2540.
        2542.   8.701516E-7         2544.
        2546.   3.143761E-7         2548.
        2550.   3.570286E-7         2552.
        2554.   1.347184E-6         2556.
        2558.   9.527723E-7         2560.
        2562.   8.382368E-7         2564.
        2566.   7.934963E-7         2568.
        2570.   5.393707E-7         2572.
        2574.   7.842499E-7         2576.
        2578.   1.056868E-6         2580.
        2582.   1.518192E-6         2584.
        2586.   1.141378E-6         2588.
        2590.   1.549013E-6         2592.
        2594.   1.375023E-6         2596.
        2598.   1.584805E-6         2600.
        2602.   1.715050E-6         2604.
        2606.   1.082718E-6         2608.
        2610.   1.372040E-6         2612.
        2614.   1.568898E-6         2616.
        2618.   9.000780E-7         2620.
        2622.   1.051897E-6         2624.
        2626.   1.415786E-6         2628.
        2630.   1.014116E-6         2632.
        2634.   1.095643E-6         2636.
        2638.   5.977321E-7         2640.
        2642.   4.880683E-7         2644.
        2646.   9.075347E-7         2648.
        2650.   1.203020E-6         2652.
        2654.   7.129636E-7         2656.
        2658.   8.007542E-7         2660.
        2662.   6.930789E-7         2664.
        2666.   1.163251E-6         2668.
        2670.   1.401867E-6         2672.
        2674.   1.439648E-6         2676.
        2678.   8.075150E-7         2680.
        2682.   9.008734E-7         2684.
        2686.   1.383970E-6         2688.
        2690.   1.327299E-6         2692.
        2694.   1.492342E-6         2696.
        2698.   5.913690E-7         2700.
        2702.   5.287325E-7         2704.
        2706.   6.082709E-7         2708.
        2710.   1.297472E-6         2712.
        2714.   1.912902E-6         2716.
        2718.   1.404849E-6         2720.
        2722.   6.674277E-7         2724.
        2726.   2.053089E-6         2728.
        2730.   1.108568E-6         2732.
        2734.   1.347184E-6         2736.
        2738.   8.524543E-7         2740.
        2742.   8.419154E-7         2744.
        2746.   9.242378E-7         2748.
        2750.   5.646241E-7         2752.
        2754.   1.178165E-6         2756.
        2758.   7.146537E-7         2760.
        2762.   1.319345E-6         2764.
        2766.   1.650425E-6         2768.
        2770.   9.377594E-7         2772.
        2774.   1.053886E-6         2776.
        2778.   1.768738E-6         2780.
        2782.   1.077747E-6         2784.
        2786.   1.673292E-6         2788.
        2790.   1.849271E-6         2792.
        2794.   1.766750E-6         2796.
        2798.   1.676275E-6         2800.
        2802.   1.258697E-6         2804.
        2806.   1.340224E-6         2808.
        2810.   1.361103E-6         2812.
        2814.   8.536474E-7         2816.
        2818.   7.510426E-7         2820.
        2822.   1.929804E-6         2824.
        2826.   2.133621E-6         2828.
        2830.   1.784646E-6         2832.
        2834.   2.478620E-6         2836.
        2838.   1.640482E-6         2840.
        2842.   8.197440E-7         2844.
        2846.   1.033007E-6         2848.
        2850.   1.587788E-6         2852.
        2854.   1.234836E-6         2856.
        2858.   1.991446E-6         2860.
        2862.   1.304432E-6         2864.
        2866.   7.888234E-7         2868.
        2870.   1.751836E-6         2872.
        2874.   1.480411E-6         2876.
        2878.   1.166234E-6         2880.
        2882.   1.681246E-6         2884.
        2886.   1.495324E-6         2888.
        2890.   1.499301E-6         2892.
        2894.   1.639488E-6         2896.
        2898.   1.827398E-6         2900.
        2902.   1.731952E-6         2904.
        2906.   9.631123E-7         2908.
        2910.   1.613638E-6         2912.
        2914.   1.794588E-6         2916.
        2918.   2.212165E-6         2920.
        2922.   1.150326E-6         2924.
        2926.   1.307415E-6         2928.
        2930.   1.090672E-6         2932.
        2934.   9.094238E-7         2936.
        2938.   1.668321E-6         2940.
        2942.   1.855236E-6         2944.
        2946.   1.629546E-6         2948.
        2950.   1.262674E-6         2952.
        2954.   8.873518E-7         2956.
        2958.   8.020467E-7         2960.
        2962.   9.638082E-7         2964.
        2966.   9.267234E-7         2968.
        2970.   4.811087E-7         2972.
        2974.   3.143761E-7         2976.
        2978.   4.905539E-7         2980.
        2982.   1.675280E-6         2984.
        2986.   7.406032E-7         2988.
        2990.   8.491733E-7         2992.
        2994.   7.897182E-7         2996.
        2998.   9.749436E-7         3000.
        3002.   1.388942E-6         3004.
        3006.   1.560944E-6         3008.
        3010.   8.049300E-7         3012.
        3014.   5.484182E-7         3016.
        3018.   7.895194E-7         3020.
        3022.   1.146349E-6         3024.
        3026.   1.622586E-6         3028.
        3030.   9.910502E-7         3032.
        3034.   2.297669E-6         3036.
        3038.   9.992028E-7         3040.
        3042.   5.666126E-7         3044.
        3046.   6.523154E-7         3048.
        3050.   3.670703E-7         3052.
        3054.   8.664729E-7         3056.
        3058.   1.131436E-6         3060.
        3062.   3.245172E-7         3064.
        3066.   7.667515E-7         3068.
        3070.   4.243381E-7         3072.
        3074.   5.646241E-7         3076.
        3078.   9.534682E-7         3080.
        3082.   4.815064E-7         3084.
        3086.   6.351152E-7         3088.
        3090.   8.106966E-7         3092.
        3094.   6.404841E-7         3096.
        3098.   8.945103E-7         3100.
        3102.   3.278976E-7         3104.
        3106.   1.479417E-6         3108.
        3110.   1.241795E-6         3112.
        3114.   5.340019E-7         3116.
        3118.   1.346190E-6         3120.
        3122.   3.812879E-7         3124.
        3126.   5.872927E-7         3128.
        3130.   1.370051E-6         3132.
        3134.   9.422334E-7         3136.
        3138.   1.022070E-6         3140.
        3142.   1.876115E-6         3144.
        3146.   1.394907E-6         3148.
        3150.   1.161263E-6         3152.
        3154.   5.829181E-7         3156.
        3158.   3.833757E-7         3160.
        3162.   3.534494E-7         3164.
        3166.   4.873724E-7         3168.
        3170.   1.256709E-6         3172.
        3174.   3.232247E-7         3176.
        3178.   1.428711E-6         3180.
        3182.   1.308409E-6         3184.
        3186.   9.824004E-7         3188.
        3190.   3.314769E-7         3192.
        3194.   1.017099E-6         3196.
        3198.   1.073770E-6         3200.
        3202.   1.245772E-6         3204.
        3206.   5.319140E-7         3208.
        3210.   1.127459E-6         3212.
        3214.   5.826197E-7         3216.
        3218.   8.001576E-7         3220.
        3222.   3.143761E-7         3224.
        3226.   3.180547E-7         3228.
        3230.   7.552184E-7         3232.
        3234.   6.304423E-7         3236.
        3238.   1.459532E-6         3240.
        3242.   5.796371E-7         3244.
        3246.   5.148132E-7         3248.
        3250.   3.337636E-7         3252.
        3254.   4.118108E-7         3256.
        3258.   1.254720E-6         3260.
        3262.   6.360100E-7         3264.
        3266.   5.585593E-7         3268.
        3270.   7.627746E-7         3272.
        3274.   5.014905E-7         3276.
        3278.   9.140966E-7         3280.
        3282.   1.222905E-6         3284.
        3286.   1.354144E-6         3288.
        3290.   1.213957E-6         3292.
        3294.   1.001191E-6         3296.
        3298.   4.879689E-7         3300.
        3302.   4.489950E-7         3304.
        3306.   1.475440E-6         3308.
        3310.   4.202617E-7         3312.
        3314.   7.555167E-7         3316.
        3318.   9.178747E-7         3320.
        3322.   1.474446E-6         3324.
        3326.   1.139390E-6         3328.
        3330.   4.622183E-7         3332.
        3334.   1.436665E-6         3336.
        3338.   5.588577E-7         3340.
        3342.   1.172199E-6         3344.
        3346.   4.743480E-7         3348.
        3350.   9.735517E-7         3352.
        3354.   3.655790E-7         3356.
        3358.   6.749839E-7         3360.
        3362.   5.885852E-7         3364.
        3366.   8.574254E-7         3368.
        3370.   1.873133E-6         3372.
        3374.   1.785640E-6         3376.
        3378.   1.081724E-6         3380.
        3382.   7.528322E-7         3384.
        3386.   4.053483E-7         3388.
        3390.   6.691179E-7         3392.
        3394.   4.496910E-7         3396.
        3398.   1.036984E-6         3400.
        3402.   1.830380E-6         3404.
        3406.   3.031412E-6         3408.
        3410.   3.190489E-6         3412.
        3414.   3.361497E-6         3416.
        3418.   2.361300E-6         3420.
        3422.   3.340618E-7         3424.
        3426.   6.191081E-7         3428.
        3430.   1.127459E-6         3432.
        3434.   5.112340E-7         3436.
        3438.   1.107574E-6         3440.
        3442.   2.001389E-6         3444.
        3446.   1.612644E-6         3448.
        3450.   1.358120E-6         3452.
        3454.   1.368063E-6         3456.
        3458.   1.244778E-6         3460.
        3462.   1.198049E-6         3464.
        3466.   1.295484E-6         3468.
        3470.   6.113531E-7         3472.
        3474.   5.710867E-7         3476.
        3478.   1.372040E-6         3480.
        3482.   6.138387E-7         3484.
        3486.   7.042143E-7         3488.
        3490.   9.866756E-7         3492.
        3494.   9.903541E-7         3496.
        3498.   5.799353E-7         3500.
        3502.   1.682240E-6         3504.
        3506.   1.295484E-6         3508.
        3510.   7.580023E-7         3512.
        3514.   2.368260E-6         3516.
        3518.   1.791606E-6         3520.
        3522.   3.764161E-7         3524.
        3526.   3.471857E-7         3528.
        3530.   1.939746E-6         3532.
        3534.   1.333265E-6         3536.
        3538.   1.404849E-6         3540.
        3542.   5.754613E-7         3544.
        3546.   1.076753E-6         3548.
        3550.   2.416977E-6         3552.
        3554.   1.316363E-6         3556.
        3558.   3.143761E-7         3560.
        3562.   7.103786E-7         3564.
        3566.   2.159471E-6         3568.
        3570.   1.427717E-6         3572.
        3574.   3.449984E-7         3576.
        3578.   7.121682E-7         3580.
        3582.   1.728969E-6         3584.
        3586.   1.616621E-6         3588.
        3590.   1.192084E-6         3592.
        3594.   1.693177E-6         3596.
        3598.   9.772303E-7         3600.
        3602.   4.997009E-7         3604.
        3606.   9.390519E-7         3608.
        3610.   2.057065E-6         3612.
        3614.   1.456549E-6         3616.
        3618.   8.417166E-7         3620.
        3622.   9.742477E-7         3624.
        3626.   5.418563E-7         3628.
        3630.   1.753825E-6         3632.
        3634.   1.096638E-6         3636.
        3638.   8.138780E-7         3640.
        3642.   7.857413E-7         3644.
        3646.   5.384759E-7         3648.
        3650.   6.895991E-7         3652.
        3654.   9.038560E-7         3656.
        3658.   3.827792E-7         3660.
        3662.   1.180153E-6         3664.
        3666.   7.777875E-7         3668.
        3670.   6.154294E-7         3672.
        3674.   7.288713E-7         3676.
        3678.   1.316363E-6         3680.
        3682.   9.229453E-7         3684.
        3686.   1.026047E-6         3688.
        3690.   1.310397E-6         3692.
        3694.   1.522169E-6         3696.
        3698.   1.068799E-6         3700.
        3702.   9.558544E-7         3704.
        3706.   9.540647E-7         3708.
        3710.   1.236824E-6         3712.
        3714.   1.617615E-6         3716.
        3718.   4.053483E-7         3720.
        3722.   4.461118E-7         3724.
        3726.   5.579628E-7         3728.
        3730.   3.151715E-7         3732.
        3734.   9.000780E-7         3736.
        3738.   3.547419E-7         3740.
        3742.   3.143761E-7         3744.
        3746.   7.813667E-7         3748.
        3750.   1.043943E-6         3752.
        3754.   1.136407E-6         3756.
        3758.   3.865573E-7         3760.
        3762.   1.092661E-6         3764.
        3766.   5.047714E-7         3768.
        3770.   4.350758E-7         3772.
        3774.   5.442424E-7         3776.
        3778.   1.215945E-6         3780.
        3782.   1.117516E-6         3784.
        3786.   5.114328E-7         3788.
        3790.   9.520763E-7         3792.
        3794.   7.072964E-7         3796.
        3798.   1.244778E-6         3800.
        3802.   9.479005E-7         3804.
        3806.   6.284538E-7         3808.
        3810.   6.805516E-7         3812.
        3814.   7.737111E-7         3816.
        3818.   3.589176E-7         3820.
        3822.   3.143761E-7         3824.
        3826.   4.262271E-7         3828.
        3830.   3.143761E-7         3832.
        3834.   6.447593E-7         3836.
        3838.   6.525143E-7         3840.
        3842.   9.896582E-7         3844.
        3846.   1.049909E-6         3848.
        3850.   1.193078E-6         3852.
        3854.   1.429705E-6         3856.
        3858.   7.955842E-7         3860.
        3862.   3.274999E-7         3864.
        3866.   7.113728E-7         3868.
        3870.   3.143761E-7         3872.
        3874.   8.103983E-7         3876.
        3878.   1.087689E-6         3880.
        3882.   5.062628E-7         3884.
        3886.   1.128453E-6         3888.
        3890.   3.424134E-7         3892.
        3894.   8.582208E-7         3896.
        3898.   1.050903E-6         3900.
        3902.   1.369057E-6         3904.
        3906.   1.559950E-6         3908.
        3910.   1.476434E-6         3912.
        3914.   1.377011E-6         3916.
        3918.   1.941735E-6         3920.
        3922.   2.503475E-6         3924.
        3926.   3.086095E-6         3928.
        3930.   3.227276E-6         3932.
        3934.   4.403452E-6         3936.
        3938.   5.121288E-6         3940.
        3942.   5.554773E-6         3944.
        3946.   5.772509E-6         3948.
        3950.   5.760578E-6         3952.
        3954.   6.549004E-6         3956.
        3958.   6.408818E-6         3960.
        3962.   6.258688E-6         3964.
        3966.   6.943714E-6         3968.
        3970.   7.194260E-6         3972.
        3974.   7.113728E-6         3976.
        3978.   7.076942E-6         3980.
        3982.   8.157671E-6         3984.
        3986.   8.347570E-6         3988.
        3990.   8.437050E-6         3992.
        3994.   9.534682E-6         3996.
        3998.   1.016105E-5         4000.
        4002.   1.108568E-5         4004.
        4006.   1.197055E-5         4008.
        4010.   1.263668E-5         4012.
        4014.   1.399878E-5         4016.
        4018.   1.494330E-5         4020.
        4022.   1.603696E-5         4024.
        4026.   1.677269E-5         4028.
        4030.   1.775698E-5         4032.
        4034.   1.839329E-5         4036.
        4038.   1.827398E-5         4040.
        4042.   1.855236E-5         4044.
        4046.   1.781663E-5         4048.
        4050.   1.759790E-5         4052.
        4054.   1.730957E-5         4056.
        4058.   1.702125E-5         4060.
        4062.   1.643465E-5         4064.
        4066.   1.567903E-5         4068.
        4070.   1.567903E-5         4072.
        4074.   1.605684E-5         4076.
        4078.   1.652413E-5         4080.
        4082.   1.653407E-5         4084.
        4086.   1.698148E-5         4088.
        4090.   1.775698E-5         4092.
        4094.   1.921850E-5         4096.
        4098.   2.009342E-5         4100.
        4102.   2.123679E-5         4104.
        4106.   2.223102E-5         4108.
        4110.   2.356329E-5         4112.
        4114.   2.443822E-5         4116.
        4118.   2.490550E-5         4120.
        4122.   2.448793E-5         4124.
        4126.   2.463706E-5         4128.
        4130.   2.361300E-5         4132.
        4134.   2.266848E-5         4136.
        4138.   2.108766E-5         4140.
        4142.   1.964602E-5         4144.
        4146.   1.808507E-5         4148.
        4150.   1.717038E-5         4152.
        4154.   1.533105E-5         4156.
        4158.   1.443624E-5         4160.
        4162.   1.336247E-5         4164.
        4166.   1.327299E-5         4168.
        4170.   1.264663E-5         4172.
        4174.   1.235830E-5         4176.
        4178.   1.275599E-5         4180.
        4182.   1.233842E-5         4184.
        4186.   1.309403E-5         4188.
        4190.   1.410815E-5         4192.
        4194.   1.500296E-5         4196.
        4198.   1.635511E-5         4200.
        4202.   1.817455E-5         4204.
        4206.   2.061042E-5         4208.
        4210.   2.322525E-5         4212.
        4214.   2.588979E-5         4216.
        4218.   2.868358E-5         4220.
        4222.   3.067205E-5         4224.
        4226.   3.141772E-5         4228.
        4230.   3.174582E-5         4232.
        4234.   3.044338E-5         4236.
        4238.   2.788820E-5         4240.
        4242.   2.517395E-5         4244.
        4246.   2.178362E-5         4248.
        4250.   1.896000E-5         4252.
        4254.   1.621592E-5         4256.
        4258.   1.342213E-5         4260.
        4262.   1.145355E-5         4264.
        4266.   9.751425E-6         4268.
        4270.   8.040352E-6         4272.
        4274.   6.213948E-6         4276.
        4278.   4.453164E-6         4280.
        4282.   2.811687E-6         4284.
        4286.   1.675280E-6         4288.
        4290.   1.927815E-6         4292.
        4294.   7.500484E-7         4296.
        4298.   7.753019E-7         4300.
        4302.   7.944906E-7         4304.
        4306.   1.111551E-6         4308.
        4310.   2.297669E-6         4312.
        4314.   2.241992E-6         4316.
        4318.   1.333265E-6         4320.
        4322.   5.806313E-7         4324.
        4326.   3.143761E-7         4328.
        4330.   3.143761E-7         4332.
        4334.   3.143761E-7         4336.
        4338.   3.143761E-7         4340.
        4342.   3.143761E-7         4344.
        4346.   3.143761E-7         4348.
        4350.   3.143761E-7         4352.
        4354.   3.143761E-7         4356.
        4358.   3.143761E-7         4360.
        4362.   3.143761E-7         4364.
        4366.   3.143761E-7         4368.
        4370.   3.143761E-7         4372.
        4374.   3.143761E-7         4376.
        4378.   3.143761E-7         4380.
        4382.   4.481996E-7         4384.
        4386.   3.846682E-6         4388.
        4390.   9.575445E-6         4392.
        4394.   1.180153E-5         4396.
        4398.   1.523163E-5         4400.
        4402.   1.657384E-5         4404.
        4406.   1.936763E-5         4408.
        4410.   2.056071E-5         4412.
        4414.   2.503475E-5         4416.
        4418.   2.766947E-5         4420.
        4422.   3.266051E-5         4424.
        4426.   3.478817E-5         4428.
        4430.   3.643859E-5         4432.
        4434.   3.658773E-5         4436.
        4438.   3.681640E-5         4440.
        4442.   3.620992E-5         4444.
        4446.   3.291901E-5         4448.
        4450.   3.016499E-5         4452.
        4454.   2.557164E-5         4456.
        4458.   2.237021E-5         4460.
        4462.   1.813479E-5         4464.
        4466.   1.382976E-5         4468.
        4470.   1.054880E-5         4472.
        4474.   7.545224E-6         4476.
        4478.   5.307209E-6         4480.
        4482.   3.782057E-6         4484.
        4486.   2.538274E-6         4488.
        4490.   1.471463E-6         4492.
        4494.   1.076753E-6         4496.
        4498.   1.024059E-6         4500.
        4502.   9.427305E-7         4504.
        4506.   6.557952E-7         4508.
        4510.   7.493525E-7         4512.
        4514.   8.077138E-7         4516.
        4518.   7.384159E-7         4520.
        4522.   9.560532E-7         4524.
        4526.   1.101609E-6         4528.
        4530.   1.005168E-6         4532.
        4534.   7.307603E-7         4536.
        4538.   9.615216E-7         4540.
        4542.   7.947888E-7         4544.
        4546.   6.869147E-7         4548.
        4550.   9.338818E-7         4552.
        4554.   9.677851E-7         4556.
        4558.   6.743874E-7         4560.
        4562.   9.033589E-7         4564.
        4566.   1.199043E-6         4568.
        4570.   1.041955E-6         4572.
        4574.   7.392113E-7         4576.
        4578.   8.558347E-7         4580.
        4582.   8.779066E-7         4584.
        4586.   8.797956E-7         4588.
        4590.   9.715632E-7         4592.
        4594.   8.371431E-7         4596.
        4598.   1.031018E-6         4600.
        4602.   7.588971E-7         4604.
        4606.   6.522160E-7         4608.
        4610.   5.083507E-7         4612.
        4614.   6.420748E-7         4616.
        4618.   7.882269E-7         4620.
        4622.   8.079127E-7         4624.
        4626.   5.186906E-7         4628.
        4630.   6.661352E-7         4632.
        4634.   7.479605E-7         4636.
        4638.   7.162445E-7         4640.
        4642.   8.912293E-7         4644.
        4646.   7.637688E-7         4648.
        4650.   9.153891E-7         4652.
        4654.   1.043943E-6         4656.
        4658.   8.912293E-7         4660.
        4662.   7.721204E-7         4664.
        4666.   8.570277E-7         4668.
        4670.   8.666718E-7         4672.
        4674.   9.670892E-7         4676.
        4678.   1.008151E-6         4680.
        4682.   9.240389E-7         4684.
        4686.   9.740487E-7         4688.
        4690.   1.009145E-6         4692.
        4694.   8.479802E-7         4696.
        4698.   7.630728E-7         4700.
        4702.   6.404841E-7         4704.
        4706.   8.572266E-7         4708.
        4710.   9.244367E-7         4712.
        4714.   8.887437E-7         4716.
        4718.   8.033392E-7         4720.
        4722.   8.662741E-7         4724.
        4726.   7.846476E-7         4728.
        4730.   7.611838E-7         4732.
        4734.   8.208377E-7         4736.
        4738.   6.780660E-7         4740.
        4742.   7.828580E-7         4744.
        4746.   8.278967E-7         4748.
        4750.   9.686798E-7         4752.
        4754.   8.838720E-7         4756.
        4758.   8.038363E-7         4760.
        4762.   7.808696E-7         4764.
        4766.   7.154491E-7         4768.
        4770.   8.595133E-7         4772.
        4774.   9.195649E-7         4776.
        4778.   9.551585E-7         4780.
        4782.   8.856616E-7         4784.
        4786.   9.558544E-7         4788.
        4790.   7.914084E-7         4792.
        4794.   6.061831E-7         4796.
        4798.   7.841505E-7         4800.
        4802.   8.624960E-7         4804.
        4806.   8.365465E-7         4808.
        4810.   8.070178E-7         4812.
        4814.   7.032201E-7         4816.
        4818.   7.444807E-7         4820.
        4822.   7.144549E-7         4824.
        4826.   8.973935E-7         4828.
        4830.   8.498693E-7         4832.
        4834.   9.304021E-7         4836.
        4838.   7.547213E-7         4840.
        4842.   7.817644E-7         4844.
        4846.   8.252123E-7         4848.
        4850.   7.162445E-7         4852.
        4854.   9.006745E-7         4856.
        4858.   8.431085E-7         4860.
        4862.   8.226273E-7         4864.
        4866.   7.786822E-7         4868.
        4870.   9.144943E-7         4872.
        4874.   8.055265E-7         4876.
        4878.   6.627548E-7         4880.
        4882.   7.866361E-7         4884.
        4886.   8.705493E-7         4888.
        4890.   7.767932E-7         4892.
        4894.   8.556358E-7         4896.
        4898.   8.453952E-7         4900.
        4902.   8.231244E-7         4904.
        4906.   6.810487E-7         4908.
        4910.   6.725978E-7         4912.
        4914.   8.451963E-7         4916.
        4918.   7.275788E-7         4920.
        4922.   7.408020E-7         4924.
        4926.   8.290898E-7         4928.
        4930.   8.799945E-7         4932.
        4934.   7.634706E-7         4936.
        4938.   7.536276E-7         4940.
        4942.   6.261672E-7         4944.
        4946.   8.897379E-7         4948.
        4950.   8.534485E-7         4952.
        4954.   8.662741E-7         4956.
        4958.   7.714244E-7         4960.
        4962.   8.473837E-7         4964.
        4966.   7.705295E-7         4968.
        4970.   7.687399E-7         4972.
        4974.   5.985275E-7         4976.
        4978.   7.404043E-7         4980.
        4982.   8.953057E-7         4984.
        4986.   7.904142E-7         4988.
        4990.   7.458726E-7         4992.
        4994.   8.334645E-7         4996.
        4998.   8.269025E-7         5000.
        5002.   8.621977E-7         5004.
        5006.   7.563120E-7         5008.
        5010.   6.959622E-7         5012.
        5014.   5.010928E-7         5016.
        5018.   7.547213E-7         5020.
        5022.   7.984675E-7         5024.
        5026.   7.554173E-7         5028.
        5030.   7.795771E-7         5032.
        5034.   8.193464E-7         5036.
        5038.   5.598519E-7         5040.
        5042.   7.550195E-7         5044.
        5046.   9.078329E-7         5048.
        5050.   8.386344E-7         5052.
        5054.   7.114722E-7         5056.
        5058.   7.643653E-7         5060.
        5062.   8.427108E-7         5064.
        5066.   8.421143E-7         5068.
        5070.   7.365268E-7         5072.
        5074.   6.667318E-7         5076.
        5078.   6.475431E-7         5080.
        5082.   6.924824E-7         5084.
        5086.   6.760776E-7         5088.
        5090.   8.367454E-7         5092.
        5094.   7.602890E-7         5096.
        5098.   8.733331E-7         5100.
        5102.   8.461906E-7         5104.
        5106.   8.036375E-7         5108.
        5110.   9.067393E-7         5112.
        5114.   1.029030E-6         5116.
        5118.   7.059045E-7         5120.
        5122.   9.444207E-7         5124.
        5126.   9.105174E-7         5128.
        5130.   9.460115E-7         5132.
        5134.   8.971947E-7         5136.
        5138.   9.688788E-7         5140.
        5142.   8.033392E-7         5144.
        5146.   8.975924E-7         5148.
        5150.   9.212551E-7         5152.
        5154.   9.300043E-7         5156.
        5158.   9.379582E-7         5160.
        5162.   8.316748E-7         5164.
        5166.   9.880674E-7         5168.
        5170.   1.143366E-6         5172.
        5174.   1.150326E-6         5176.
        5178.   1.202026E-6         5180.
        5182.   1.362097E-6         5184.
        5186.   1.656390E-6         5188.
        5190.   1.940740E-6         5192.
        5194.   2.546227E-6         5196.
        5198.   2.914093E-6         5200.
        5202.   3.189495E-6         5204.
        5206.   3.957042E-6         5208.
        5210.   5.612438E-6         5212.
        5214.   7.307603E-6         5216.
        5218.   9.751425E-6         5220.
        5222.   1.301449E-5         5224.
        5226.   1.761779E-5         5228.
        5230.   2.303635E-5         5232.
        5234.   3.040360E-5         5236.
        5238.   3.966984E-5         5240.
        5242.   5.001980E-5         5244.
        5246.   6.137392E-5         5248.
        5250.   7.355326E-5         5252.
        5254.   8.548404E-5         5256.
        5258.   9.724580E-5         5260.
        5262.   1.091666E-4         5264.
        5266.   1.212963E-4         5268.
        5270.   1.347184E-4         5272.
        5274.   1.509244E-4         5276.
        5278.   1.719027E-4         5280.
        5282.   1.995423E-4         5284.
        5286.   2.345393E-4         5288.
        5290.   2.816659E-4         5292.
        5294.   3.421151E-4         5296.
        5298.   4.201623E-4         5300.
        5302.   5.210768E-4         5304.
        5306.   6.540056E-4         5308.
        5310.   8.280956E-4         5312.
        5314.   0.001052891         5316.
        5318.   0.001344201         5320.
        5322.   0.001723004         5324.
        5326.   0.002215148         5328.
        5330.   0.002848474         5332.
        5334.   0.003642865         5336.
        5338.   0.004612241         5340.
        5342.    0.00581725         5344.
        5346.    0.00694968         5368.
        5370.    0.01493336         5372.
        5374.    0.01803536         5376.
        5378.     0.0216146         5380.
        5382.    0.02581025         5384.
        5386.    0.03062234         5388.
        5390.    0.03609061         5392.
        5394.    0.04213554         5396.
        5398.    0.04895597         5400.
        5402.     0.0565519         5404.
        5406.    0.06490345         5408.
        5410.    0.07399072         5412.
        5414.    0.08387339         5416.
        5418.    0.09463097         5420.
        5422.     0.1060845         5424.
        5426.     0.1183136         5428.
        5430.     0.1311392         5432.
        5434.     0.1448596         5436.
        5438.     0.1591765         5440.
        5442.     0.1742888         5444.
        5446.     0.1897988         5448.
        5450.     0.2062037         5452.
        5454.     0.2231056         5456.
        5458.     0.2406041         5460.
        5462.     0.2585997         5464.
        5466.     0.2770924         5468.
        5470.     0.2957839         5472.
        5474.     0.3146743         5476.
        5478.     0.3337636         5480.
        5482.     0.3529522         5484.
        5486.     0.3723398         5488.
        5490.     0.3913296         5492.
        5494.     0.4100212         5496.
        5498.      0.428315         5500.
        5502.     0.4465095         5504.
        5506.     0.4644056         5508.
        5510.     0.4823018         5512.
        5514.      0.499502         5516.
        5518.     0.5161057         5520.
        5522.     0.5321128         5524.
        5526.     0.5478216         5528.
        5530.     0.5631328         5532.
        5534.     0.5775492         5536.
        5538.     0.5915679         5540.
        5542.     0.6047911         5544.
        5546.     0.6174179         5548.
        5550.     0.6292492         5552.
        5554.     0.6404841         5556.
        5558.     0.6510229         5560.
        5562.     0.6612635         5564.
        5566.      0.671007         5568.
        5570.     0.6803527         5572.
        5574.      0.689102         5576.
        5578.     0.6974536         5580.
        5582.     0.7058051         5584.
        5586.     0.7135601         5588.
        5590.     0.7209174         5592.
        5594.     0.7282748         5596.
        5598.     0.7352343         5600.
        5602.     0.7417963         5604.
        5606.     0.7479605         5608.
        5610.     0.7538264         5612.
        5614.      0.759593         5616.
        5618.     0.7650613         5620.
        5622.     0.7704301         5624.
        5626.     0.7756996         5628.
        5630.      0.780969         5632.
        5634.     0.7858407         5636.
        5638.     0.7908119         5640.
        5642.      0.795783         5644.
        5646.     0.8010525         5648.
        5650.     0.8060237         5652.
        5654.     0.8110942         5656.
        5658.      0.815966         5660.
        5662.     0.8207383         5664.
        5666.     0.8254112         5668.
        5670.     0.8300841         5672.
        5674.      0.834757         5676.
        5678.     0.8391315         5680.
        5682.     0.8435062         5684.
        5686.     0.8479803         5688.
        5690.     0.8522555         5692.
        5694.     0.8570277         5696.
        5698.     0.8609052         5700.
        5702.       0.86697         5704.
        5706.     0.8712452         5708.
        5710.     0.8756198         5712.
        5714.     0.8797956         5716.
        5718.     0.8840708         5720.
        5722.     0.8878489         5724.
        5726.     0.8914282         5728.
        5730.     0.8952062         5732.
        5734.     0.8986861         5736.
        5738.     0.9021658         5740.
        5742.     0.9053474         5744.
        5746.     0.9083301         5748.
        5750.     0.9115117         5752.
        5754.     0.9142955         5756.
        5758.     0.9172781         5760.
        5762.     0.9202608         5764.
        5766.     0.9227464         5768.
        5770.     0.9250332         5772.
        5774.     0.9273199         5776.
        5778.     0.9293084         5780.
        5782.     0.9311975         5784.
        5786.     0.9330865         5788.
        5790.     0.9348761         5792.
        5794.     0.9363674         5796.
        5798.     0.9375605         5800.
        5802.     0.9390519         5804.
        5806.     0.9401455         5808.
        5810.     0.9413385         5812.
        5814.      0.942134         5816.
        5818.     0.9430287         5820.
        5822.     0.9437247         5824.
        5826.     0.9439236         5828.
        5830.     0.9442219         5832.
        5834.     0.9446195         5836.
        5838.     0.9452161         5840.
        5842.     0.9455143         5844.
        5846.     0.9457132         5848.
        5850.     0.9460115         5852.
        5854.     0.9460115         5856.
        5858.     0.9460115         5860.
        5862.     0.9464092         5864.
        5866.      0.946608         5868.
        5870.     0.9465086         5872.
        5874.     0.9465086         5876.
        5878.      0.946608         5880.
        5882.     0.9468068         5884.
        5886.     0.9470057         5888.
        5890.     0.9471051         5892.
        5894.     0.9470057         5896.
        5898.     0.9469063         5900.
        5902.     0.9471051         5904.
        5906.     0.9470057         5908.
        5910.     0.9471051         5912.
        5914.      0.947304         5916.
        5918.      0.947304         5920.
        5922.     0.9476023         5924.
        5926.     0.9479005         5928.
        5930.     0.9479999         5932.
        5934.     0.9485965         5936.
        5938.     0.9487953         5940.
        5942.     0.9490936         5944.
        5946.     0.9492924         5948.
        5950.     0.9496902         5952.
        5954.     0.9498889         5956.
        5958.     0.9502866         5960.
        5962.     0.9508832         5964.
        5966.     0.9514797         5968.
        5970.     0.9519768         5972.
        5974.     0.9522751         5976.
        5978.     0.9525734         5980.
        5982.     0.9529711         5984.
        5986.     0.9535676         5988.
        5990.     0.9538659         5992.
        5994.     0.9541641         5996.
        5998.     0.9542636         6000.
        6002.     0.9544624         6004.
        6006.     0.9546613         6008.
        6010.     0.9548601         6012.
        6014.     0.9549596         6016.
        6018.     0.9551584         6020.
        6022.     0.9554567         6024.
        6026.     0.9556555         6028.
        6030.     0.9557549         6032.
        6034.     0.9560532         6036.
        6038.     0.9557549         6040.
        6042.     0.9556555         6044.
        6046.     0.9553573         6048.
        6050.     0.9554567         6052.
        6054.     0.9549596         6056.
        6058.     0.9546613         6060.
        6062.      0.954363         6064.
        6066.     0.9538659         6068.
        6070.     0.9534682         6072.
        6074.     0.9529711         6076.
        6078.     0.9523745         6080.
        6082.      0.951778         6084.
        6086.     0.9512809         6088.
        6090.     0.9507838         6092.
        6094.     0.9498889         6096.
        6098.     0.9490936         6100.
        6102.     0.9484971         6104.
        6106.     0.9479005         6108.
        6110.     0.9472046         6112.
        6114.     0.9462103         6116.
        6118.      0.945415         6120.
        6122.     0.9445201         6124.
        6126.     0.9434264         6128.
        6130.     0.9424322         6132.
        6134.     0.9412391         6136.
        6138.     0.9400461         6140.
        6142.     0.9389524         6144.
        6146.     0.9379582         6148.
        6150.     0.9369639         6152.
        6154.     0.9359697         6156.
        6158.     0.9352738         6160.
        6162.      0.934379         6164.
        6166.     0.9335836         6168.
        6170.     0.9328876         6172.
        6174.     0.9326887         6176.
        6178.     0.9319928         6180.
        6182.     0.9312968         6184.
        6186.     0.9307003         6188.
        6190.     0.9302031         6192.
        6194.     0.9296066         6196.
        6198.     0.9290102         6200.
        6202.      0.928513         6204.
        6206.      0.927817         6208.
        6210.      0.927121         6212.
        6214.     0.9265245         6216.
        6218.     0.9262262         6220.
        6222.      0.925928         6224.
        6226.     0.9258286         6228.
        6230.     0.9257292         6232.
        6234.     0.9255303         6236.
        6238.     0.9254309         6240.
        6242.     0.9255303         6244.
        6246.     0.9256297         6248.
        6250.     0.9261268         6252.
        6254.     0.9266239         6256.
        6258.     0.9270216         6260.
        6262.     0.9275188         6264.
        6266.     0.9279165         6268.
        6270.     0.9284136         6272.
        6274.     0.9291095         6276.
        6278.     0.9298055         6280.
        6282.     0.9306009         6284.
        6286.     0.9312968         6288.
        6290.     0.9318934         6292.
        6294.     0.9324899         6296.
        6298.     0.9333847         6300.
        6302.     0.9340807         6304.
        6306.     0.9347766         6308.
        6310.     0.9353732         6312.
        6314.     0.9365662         6316.
        6318.     0.9377593         6320.
        6322.     0.9385547         6324.
        6326.     0.9394495         6328.
        6330.     0.9403443         6332.
        6334.     0.9413385         6336.
        6338.     0.9426311         6340.
        6342.     0.9435259         6344.
        6346.     0.9444206         6348.
        6350.      0.945415         6352.
        6354.     0.9463097         6356.
        6358.     0.9469063         6360.
        6362.     0.9476023         6364.
        6366.     0.9488947         6368.
        6370.     0.9499884         6372.
        6374.     0.9509826         6376.
        6378.     0.9520763         6380.
        6382.     0.9527723         6384.
        6386.      0.953667         6388.
        6390.     0.9544624         6392.
        6394.      0.955059         6396.
        6398.     0.9555561         6400.
        6402.     0.9557549         6404.
        6406.     0.9558544         6408.
        6410.     0.9558544         6412.
        6414.     0.9556555         6416.
        6418.     0.9556555         6420.
        6422.     0.9554567         6424.
        6426.     0.9551584         6428.
        6430.     0.9555561         6432.
        6434.     0.9555561         6436.
        6438.     0.9553573         6440.
        6442.      0.955059         6444.
        6446.     0.9548601         6448.
        6450.     0.9545618         6452.
        6454.     0.9540647         6456.
        6458.     0.9535676         6460.
        6462.     0.9528717         6464.
        6466.     0.9523745         6468.
        6470.     0.9516786         6472.
        6474.     0.9509826         6476.
        6478.     0.9500878         6480.
        6482.     0.9492924         6484.
        6486.     0.9482982         6488.
        6490.     0.9472046         6492.
        6494.     0.9462103         6496.
        6498.      0.945415         6500.
        6502.     0.9449178         6504.
        6506.     0.9443213         6508.
        6510.     0.9439236         6512.
        6514.     0.9433271         6516.
        6518.     0.9425316         6520.
        6522.     0.9404438         6524.
        6526.     0.9379582         6528.
        6530.     0.9372622         6532.
        6534.     0.9385547         6536.
        6538.     0.9398472         6540.
        6542.     0.9391512         6544.
        6546.     0.9376599         6548.
        6550.     0.9364669         6552.
        6554.     0.9352738         6556.
        6558.     0.9335836         6560.
        6562.     0.9319928         6564.
        6566.     0.9306009         6568.
        6570.     0.9290102         6572.
        6574.     0.9272205         6576.
        6578.     0.9253315         6580.
        6582.     0.9235418         6584.
        6586.     0.9215534         6588.
        6590.     0.9193661         6592.
        6594.     0.9170793         6596.
        6598.     0.9147925         6600.
        6602.     0.9120087         6604.
        6606.     0.9092249         6608.
        6610.     0.9061428         6612.
        6614.     0.9027624         6616.
        6618.     0.8990837         6620.
        6622.     0.8953056         6624.
        6626.     0.8915276         6628.
        6630.     0.8872524         6632.
        6634.     0.8829772         6636.
        6638.     0.8785031         6640.
        6642.     0.8738303         6644.
        6646.     0.8687596         6648.
        6650.     0.8632914         6652.
        6654.     0.8576243         6656.
        6658.     0.8515595         6660.
        6662.     0.8447986         6664.
        6666.     0.8375408         6668.
        6670.     0.8297858         6672.
        6674.     0.8214343         6676.
        6678.     0.8125856         6680.
        6682.     0.8035381         6684.
        6686.     0.7943912         6688.
        6690.     0.7852442         6692.
        6694.     0.7762961         6696.
        6698.     0.7676463         6700.
        6702.     0.7593942         6704.
        6706.      0.751838         6708.
        6710.     0.7448784         6712.
        6714.     0.7382171         6716.
        6718.     0.7325499         6720.
        6722.     0.7277776         6724.
        6726.     0.7236018         6728.
        6730.     0.7203209         6732.
        6734.     0.7177358         6736.
        6738.     0.7154492         6740.
        6742.     0.7135601         6744.
        6746.     0.7119693         6748.
        6750.     0.7106768         6752.
        6754.     0.7093843         6756.
        6758.     0.7077935         6760.
        6762.     0.7065011         6764.
        6766.     0.7056062         6768.
        6770.      0.705308         6772.
        6774.     0.7060039         6776.
        6778.     0.7077935         6780.
        6782.     0.7108756         6784.
        6786.     0.7154492         6788.
        6790.     0.7219117         6792.
        6794.     0.7298655         6796.
        6798.     0.7397084         6800.
        6802.     0.7515398         6804.
        6806.     0.7650613         6808.
        6810.     0.7803725         6812.
        6814.     0.7967773         6816.
        6818.     0.8137786         6820.
        6822.     0.8318737         6824.
        6826.     0.8505652         6828.
        6830.     0.8683619         6832.
        6834.     0.8839714         6836.
        6838.     0.8965981         6840.
        6842.     0.9049497         6844.
        6846.     0.9081312         6848.
        6850.     0.9047509         6852.
        6854.     0.8934166         6856.
        6858.     0.8739297         6860.
        6862.     0.8460912         6864.
        6866.     0.8104976         6868.
        6870.     0.7677457         6872.
        6874.     0.7184318         6876.
        6878.     0.6645445         6880.
        6882.     0.6097623         6884.
        6886.     0.5520968         6888.
        6890.     0.4954256         6892.
        6894.       0.44124         6896.
        6898.     0.3908325         6900.
        6902.     0.3435071         6904.
        6906.     0.3006557         6908.
        6910.     0.2621789         6912.
        6914.     0.2282756         6916.
        6918.     0.1995423         6920.
        6922.     0.1735929         6924.
        6926.     0.1513221         6928.
        6930.     0.1321334         6932.
        6934.     0.1156292         6936.
        6938.     0.1016105         6940.
        6942.    0.08947091         6944.
        6946.    0.07892211         6948.
        6950.    0.06978512         6952.
        6954.    0.06185116         6956.
        6958.    0.05495119         6960.
        6962.    0.04887643         6964.
        6966.    0.04352746         6968.
        6970.    0.03893411         6972.
        6974.    0.03487765         6976.
        6998.     0.0243885         7000.
        7002.    0.02210177         7004.
        7006.    0.02004371         7008.
        7010.    0.01817456         7012.
        7014.    0.01650425         7016.
        7018.    0.01499301         7020.
        7022.    0.01362097         7024.
        7026.    0.01238813         7028.
        7030.    0.01126464         7032.
        7034.    0.01025053         7036.
        7038.   0.009338818         7040.
        7042.     0.0085146         7044.
        7046.   0.007776881         7048.
        7050.   0.007103786         7052.
        7054.   0.006597721         7056.
        7058.     0.0060499         7060.
        7062.   0.005561732         7064.
        7066.   0.005119299         7068.
        7070.   0.004726578         7072.
        7074.   0.004380585         7076.
        7078.   0.004073367         7080.
        7082.   0.003789017         7084.
        7086.   0.003540459         7088.
        7090.   0.003309797         7092.
        7094.   0.003102003         7096.
        7098.   0.002905145         7100.
        7102.   0.002727177         7104.
        7106.   0.002563129         7108.
        7110.   0.002405046         7112.
        7114.     0.0022579         7116.
        7118.   0.002119702         7120.
        7122.   0.001988464         7124.
        7126.   0.001864184         7128.
        7130.   0.001744877         7132.
        7134.   0.001635511         7136.
        7138.   0.001532111         7140.
        7142.   0.001437659         7144.
        7146.   0.001348178         7148.
        7150.   0.001260686         7152.
        7154.   0.001181147         7156.
        7158.   0.001105586         7160.
        7162.   0.001034995         7164.
        7166.   9.690776E-4         7168.
        7170.   9.067393E-4         7172.
        7174.   8.485767E-4         7176.
        7178.   7.981692E-4         7180.
        7182.   7.512415E-4         7184.
        7186.   7.075947E-4         7188.
        7190.   6.684220E-4         7192.
        7194.   6.338228E-4         7196.
        7198.   6.010131E-4         7200.
        7202.   5.714844E-4         7204.
        7206.   5.452366E-4         7208.
        7210.   5.208779E-4         7212.
        7214.   4.970165E-4         7216.
        7218.   4.756404E-4         7220.
        7222.   4.551593E-4         7224.
        7226.   4.355729E-4         7228.
        7230.   4.166825E-4         7232.
        7234.   3.994823E-4         7236.
        7238.   3.825804E-4         7240.
        7242.   3.652807E-4         7244.
        7246.   3.490747E-4         7248.
        7250.   3.331670E-4         7252.
        7254.   3.189495E-4         7256.
        7258.   3.057263E-4         7260.
        7262.   2.925030E-4         7264.
        7266.   2.801745E-4         7268.
        7270.   2.683431E-4         7272.
        7274.   2.561141E-4         7276.
        7278.   2.435868E-4         7280.
        7282.   2.339427E-4         7284.
        7286.   2.233044E-4         7288.
        7290.   2.138592E-4         7292.
        7294.   2.038175E-4         7296.
        7298.   1.945712E-4         7300.
        7302.   1.867167E-4         7304.
        7306.   1.779675E-4         7308.
        7310.   1.713061E-4         7312.
        7314.   1.638494E-4         7316.
        7318.   1.569892E-4         7320.
        7322.   1.501290E-4         7324.
        7326.   1.448596E-4         7328.
        7330.   1.392919E-4         7332.
        7334.   1.332270E-4         7336.
        7338.   1.284547E-4         7340.
        7342.   1.230859E-4         7344.
        7346.   1.183136E-4         7348.
        7350.   1.137401E-4         7352.
        7354.   1.109563E-4         7356.
        7358.   1.075759E-4         7360.
        7362.   1.048914E-4         7364.
        7366.   1.000197E-4         7368.
        7370.   9.776280E-5         7372.
        7374.   9.477016E-5         7376.
        7378.   9.314957E-5         7380.
        7382.   9.103186E-5         7384.
        7386.   8.850651E-5         7388.
        7390.   8.578231E-5         7392.
        7394.   8.273002E-5         7396.
        7398.   8.083104E-5         7400.
        7402.   7.870339E-5         7404.
        7406.   7.721203E-5         7408.
        7410.   7.559144E-5         7412.
        7414.   7.312574E-5         7416.
        7418.   6.994420E-5         7420.
        7422.   6.854233E-5         7424.
        7426.   6.725977E-5         7428.
        7430.   6.523154E-5         7432.
        7434.   6.262666E-5         7436.
        7438.   6.040952E-5         7440.
        7442.   5.844094E-5         7444.
        7446.   5.666127E-5         7448.
        7450.   5.442424E-5         7452.
        7454.   5.289313E-5         7456.
        7458.   5.080524E-5         7460.
        7462.   4.915482E-5         7464.
        7466.   4.727572E-5         7468.
        7470.   4.573466E-5         7472.
        7474.   4.459129E-5         7476.
        7478.   4.311983E-5         7480.
        7482.   4.193669E-5         7484.
        7486.   4.089275E-5         7488.
        7490.   3.929204E-5         7492.
        7494.   3.839723E-5         7496.
        7498.   3.827792E-5         7500.
        7502.   3.884463E-5         7504.
        7506.   3.794982E-5         7508.
        7510.   3.710472E-5         7512.
        7514.   3.620992E-5         7516.
        7518.   3.570286E-5         7520.
        7522.   3.443024E-5         7524.
        7526.   3.400272E-5         7528.
        7530.   3.457938E-5         7532.
        7534.   3.375417E-5         7536.
        7538.   3.260086E-5         7540.
        7542.   3.122882E-5         7544.
        7546.   3.121887E-5         7548.
        7550.   3.124870E-5         7552.
        7554.   3.021470E-5         7556.
        7558.   2.958833E-5         7560.
        7562.   2.943920E-5         7564.
        7566.   2.945909E-5         7568.
        7570.   2.781860E-5         7572.
        7574.   2.755016E-5         7576.
        7578.   2.606875E-5         7580.
        7582.   2.549210E-5         7584.
        7586.   2.512423E-5         7588.
        7590.   2.486573E-5         7592.
        7594.   2.318548E-5         7596.
        7598.   2.273808E-5         7600.
        7602.   2.216142E-5         7604.
        7606.   2.111748E-5         7608.
        7610.   2.121691E-5         7612.
        7614.   2.063031E-5         7616.
        7618.   2.027238E-5         7620.
        7622.   2.041158E-5         7624.
        7626.   2.070985E-5         7628.
        7630.   2.053089E-5         7632.
        7634.   2.056071E-5         7636.
        7638.   1.896000E-5         7640.
        7642.   1.856231E-5         7644.
        7646.   2.004371E-5         7648.
        7650.   1.912902E-5         7652.
        7654.   1.873133E-5         7656.
        7658.   1.924833E-5         7660.
        7662.   1.735929E-5         7664.
        7666.   1.805525E-5         7668.
        7670.   1.825410E-5         7672.
        7674.   1.795582E-5         7676.
        7678.   1.838334E-5         7680.
        7682.   1.744877E-5         7684.
        7686.   1.663350E-5         7688.
        7690.   1.613638E-5         7692.
        7694.   1.668321E-5         7696.
        7698.   1.564921E-5         7700.
        7702.   1.602702E-5         7704.
        7706.   1.542053E-5         7708.
        7710.   1.615627E-5         7712.
        7714.   1.627557E-5         7716.
        7718.   1.622586E-5         7720.
        7722.   1.722009E-5         7724.
        7726.   1.608667E-5         7728.
        7730.   1.475440E-5         7732.
        7734.   1.622586E-5         7736.
        7738.   1.617615E-5         7740.
        7742.   1.532111E-5         7744.
        7746.   1.524157E-5         7748.
        7750.   1.528134E-5         7752.
        7754.   1.591765E-5         7756.
        7758.   1.576851E-5         7760.
        7762.   1.483394E-5         7764.
        7766.   1.526146E-5         7768.
        7770.   1.430699E-5         7772.
        7774.   1.408826E-5         7776.
        7778.   1.404849E-5         7780.
        7782.   1.415786E-5         7784.
        7786.   1.301449E-5         7788.
        7790.   1.424734E-5         7792.
        7794.   1.363092E-5         7796.
        7798.   1.421751E-5         7800.
        7802.   1.251738E-5         7804.
        7806.   1.314374E-5         7808.
        7810.   1.178165E-5         7812.
        7814.   1.263668E-5         7816.
        7818.   1.265657E-5         7820.
        7822.   1.245772E-5         7824.
        7826.   9.992029E-6         7828.
        7830.   1.195066E-5         7832.
        7834.   1.443624E-5         7836.
        7838.   1.368063E-5         7840.
        7842.   1.092661E-5         7844.
        7846.   1.180153E-5         7848.
        7850.   1.298467E-5         7852.
        7854.   1.328293E-5         7856.
        7858.   1.249749E-5         7860.
        7862.   1.191090E-5         7864.
        7866.   1.197055E-5         7868.
        7870.   1.314374E-5         7872.
        7874.   1.253726E-5         7876.
        7878.   1.345196E-5         7880.
        7882.   1.277588E-5         7884.
        7886.   1.418769E-5         7888.
        7890.   1.145355E-5         7892.
        7894.   1.199043E-5         7896.
        7898.   1.315369E-5         7900.
        7902.   1.217934E-5         7904.
        7906.   1.282559E-5         7908.
        7910.   1.236824E-5         7912.
        7914.   1.150326E-5         7916.
        7918.   1.258697E-5         7920.
        7922.   1.155297E-5         7924.
        7926.   1.094649E-5         7928.
        7930.   1.019087E-5         7932.
        7934.   1.098626E-5         7936.
        7938.   1.011134E-5         7940.
        7942.   1.077747E-5         7944.
        7946.   7.955842E-6         7948.
        7950.   7.844488E-6         7952.
        7954.   8.161648E-6         7956.
        7958.   8.799944E-6         7960.
        7962.   8.324702E-6         7964.
        7966.   7.258886E-6         7968.
        7970.   8.562323E-6         7972.
        7974.   9.772303E-6         7976.
        7978.   8.271013E-6         7980.
        7982.   7.837529E-6         7984.
        7986.   1.069793E-5         7988.
        7990.   1.073770E-5         7992.
        7994.   1.175182E-5         7996.
        7998.   1.144361E-5         8000.
        8002.   4.761376E-7         8004.
        8006.   4.553581E-7         8008.
        8010.   3.527534E-7         8012.
        8014.   3.143761E-7         8016.
        8018.   3.143761E-7         8020.
        8022.   3.843700E-7         8024.
        8026.   3.143761E-7         8028.
        8030.   3.981898E-7         8032.
        8034.   3.593153E-7         8036.
        8038.   5.959425E-7         8040.
        8042.   3.987863E-6         8044.
        8046.   6.066802E-6         8048.
        8050.   2.133621E-6         8052.
        8054.   1.224893E-6         8056.
        8058.   1.055874E-6         8060.
        8062.   2.123679E-6         8064.
        8066.   2.275796E-6         8068.
        8070.   1.880092E-6         8072.
        8074.   4.554576E-6         8076.
        8078.   4.091263E-7         8080.
        8082.   8.836731E-7         8084.
        8086.   3.143761E-7         8088.
        8090.   4.180744E-7         8092.
        8094.   3.143761E-7         8096.
        8098.   5.150120E-6         8100.
        8102.   1.158280E-5         8104.
        8106.   8.241187E-7         8108.
        8110.   5.306215E-7         8112.
        8114.   3.677663E-7         8116.
        8118.   3.095043E-6         8120.
        8122.   2.426920E-6         8124.
        8126.   7.730152E-7         8128.
        8130.   6.893009E-7         8132.
        8134.   6.471454E-6         8136.
        8138.   4.128050E-7         8140.
        8142.   8.205394E-7         8144.
        8146.   1.057863E-6         8148.
        8150.   7.751030E-7         8152.
        8154.   1.107574E-6         8156.
        8158.   2.584008E-6         8160.
        8162.   8.328679E-7         8164.
        8166.   3.629940E-7         8168.
        8170.   5.774498E-7         8172.
        8174.   2.580031E-6         8176.
        8178.   4.365671E-7         8180.
        8182.   1.021076E-6         8184.
        8186.   6.780660E-7         8188.
        8190.   9.511814E-7         8192.
        8194.   4.173785E-7         8196.
        8198.   1.417774E-6         8200.
        8202.   3.608067E-6         8204.
        8206.   2.477625E-6         8208.
        8210.   4.449187E-6         8212.
        8214.   4.032604E-6         8216.
        8218.   5.048709E-7         8220.
        8222.   3.143761E-7         8224.
        8226.   2.932984E-6         8228.
        8230.   8.595133E-7         8232.
        8234.   4.205600E-7         8236.
        8238.   2.015308E-6         8240.
        8242.   3.064222E-6         8244.
        8246.   1.148338E-6         8248.
        8250.   3.251138E-6         8252.
        8254.   2.609858E-6         8256.
        8258.   4.688797E-6         8260.
        8262.   4.091264E-6         8264.
        8266.   1.874127E-6         8268.
        8270.   5.103391E-7         8272.
        8274.   1.015111E-6         8276.
        8278.   1.184130E-6         8280.
        8282.   3.017493E-6         8284.
        8286.   1.090672E-5         8288.
        8290.   6.377996E-6         8292.
        8294.   4.277185E-7         8296.
        8298.   8.487756E-7         8300.
        8302.   1.574863E-6         8304.
        8306.   3.086095E-6         8308.
        8310.   5.383765E-7         8312.
        8314.   1.400872E-6         8316.
        8318.   5.034789E-7         8320.
        8322.   1.551001E-6         8324.
        8326.   1.826404E-5         8328.
        8330.   5.369845E-6         8332.
        8334.   1.791606E-6         8336.
        8338.   4.711664E-6         8340.
        8342.   1.848277E-6         8344.
        8346.   2.920059E-6         8348.
        8350.   6.424725E-6         8352.
        8354.   1.782657E-6         8356.
        8358.   5.026835E-7         8360.
        8362.   2.387150E-6         8364.
        8366.   5.988258E-6         8368.
        8370.   1.549013E-6         8372.
        8374.   8.595133E-7         8376.
        8378.   3.273011E-6         8380.
        8382.   1.220917E-5         8384.
        8386.   7.597919E-7         8388.
        8390.   1.369057E-6         8392.
        8394.   5.543836E-6         8396.
        8398.   1.047920E-5         8400.
        8402.   1.795582E-6         8404.
        8406.   1.157286E-5         8408.
        8410.   2.818647E-6         8412.
        8414.   1.105586E-6         8416.
        8418.   4.086292E-7         8420.
        8422.   5.661155E-7         8424.
        8426.   8.684614E-6         8428.
        8430.   4.600310E-6         8432.
        8434.   3.835746E-6         8436.
        8438.   8.566300E-7         8440.
        8442.   7.037172E-6         8444.
        8446.   1.110557E-5         8448.
        8450.   4.892614E-6         8452.
        8454.   1.213957E-5         8456.
        8458.   3.896394E-6         8460.
        8462.   1.534099E-5         8464.
        8466.   1.799559E-5         8468.
        8470.   1.592759E-5         8472.
        8474.   1.378005E-6         8476.
        8478.   8.775090E-6         8480.
        8482.   1.593753E-5         8484.
        8486.   2.116719E-5         8488.
        8490.   6.320331E-6         8492.
        8494.   2.250941E-5         8496.
        8498.   1.127459E-5         8500.
        8502.   1.475440E-5         8504.
        8506.   1.458538E-5         8508.
        8510.   1.026047E-5         8512.
        8514.   1.650425E-5         8516.
        8518.   1.749848E-5         8520.
        8522.   1.823421E-5         8524.
        8526.   7.749042E-6         8528.
        8530.   2.233044E-6         8532.
        8534.   2.232050E-5         8536.
        8538.   2.834554E-5         8540.
        8542.   2.256906E-5         8544.
        8546.   1.668321E-5         8548.
        8550.   1.079736E-5         8552.
        8554.   2.071979E-5         8556.
        8558.   1.665338E-5         8560.
        8562.   2.181344E-5         8564.
        8566.   2.403058E-5         8568.
        8570.   2.307612E-5         8572.
        8574.   2.793791E-5         8576.
        8578.   3.243184E-5         8580.
        8582.   3.231253E-5         8584.
        8586.   3.471857E-5         8588.
        8590.   2.757005E-5         8592.
        8594.   3.046326E-5         8596.
        8598.   4.319937E-5         8600.
        8602.   4.604287E-5         8604.
        8606.   4.947297E-5         8608.
        8610.   4.637097E-5         8612.
        8614.   3.443024E-5         8616.
        8618.   3.815861E-5         8620.
        8622.   5.343995E-5         8624.
        8626.   3.613038E-5         8628.
        8630.   3.587188E-5         8632.
        8634.   4.508841E-5         8636.
        8638.   5.792394E-5         8640.
        8642.   5.854036E-5         8644.
        8646.   3.337636E-5         8648.
        8650.   3.377405E-5         8652.
        8654.   7.075947E-5         8656.
        8658.   5.280365E-5         8660.
        8662.   4.545627E-5         8664.
        8666.   4.684820E-5         8668.
        8670.   5.361892E-5         8672.
        8674.   5.475234E-5         8676.
        8678.   5.550796E-5         8680.
        8682.   5.561732E-5         8684.
        8686.   5.718821E-5         8688.
        8690.   5.920650E-5         8692.
        8694.   6.571872E-5         8696.
        8698.   6.103588E-5         8700.
        8702.   6.572866E-5         8704.
        8706.   8.413188E-5         8708.
        8710.   6.691179E-5         8712.
        8714.   7.625757E-5         8716.
        8718.   7.646636E-5         8720.
        8722.   6.764752E-5         8724.
        8726.   6.123473E-5         8728.
        8730.   7.584994E-5         8732.
        8734.   8.072167E-5         8736.
        8738.   9.122076E-5         8740.
        8742.   8.407224E-5         8744.
        8746.   7.394101E-5         8748.
        8750.   7.319534E-5         8752.
        8754.   8.150711E-5         8756.
        8758.   7.970756E-5         8760.
        8762.   7.543236E-5         8764.
        8766.   7.788811E-5         8768.
        8770.   8.891414E-5         8772.
        8774.   9.982086E-5         8776.
        8778.   9.327882E-5         8780.
        8782.   1.019088E-4         8784.
        8786.   8.636891E-5         8788.
        8790.   9.355721E-5         8792.
        8794.   1.005168E-4         8796.
        8798.   8.848662E-5         8800.
        8802.   1.004174E-4         8804.
        8806.   1.126464E-4         8808.
        8810.   9.982086E-5         8812.
        8814.   8.318736E-5         8816.
        8818.   9.250332E-5         8820.
        8822.   8.477814E-5         8824.
        8826.   9.711655E-5         8828.
        8830.   9.090261E-5         8832.
        8834.   9.357709E-5         8836.
        8838.   8.689585E-5         8840.
        8842.   8.357511E-5         8844.
        8846.   8.838720E-5         8848.
        8850.   8.340610E-5         8852.
        8854.   1.024059E-4         8856.
        8858.   1.059851E-4         8860.
        8862.   9.866756E-5         8864.
        8866.   1.006162E-4         8868.
        8870.   9.982086E-5         8872.
        8874.   9.593342E-5         8876.
        8878.   8.862581E-5         8880.
        8882.   9.255303E-5         8884.
        8886.   9.338818E-5         8888.
        8890.   1.012128E-4         8892.
        8894.   9.289107E-5         8896.
        8898.   1.052891E-4         8900.
        8902.   9.189684E-5         8904.
        8906.   1.084707E-4         8908.
        8910.   1.079736E-4         8912.
        8914.   1.129447E-4         8916.
        8918.   1.116522E-4         8920.
        8922.   1.125470E-4         8924.
        8926.   1.101609E-4         8928.
        8930.   1.082718E-4         8932.
        8934.   1.284547E-4         8936.
        8938.   1.169216E-4         8940.
        8942.   1.193078E-4         8944.
        8946.   1.234836E-4         8948.
        8950.   1.228870E-4         8952.
        8954.   1.165240E-4         8956.
        8958.   1.165240E-4         8960.
        8962.   1.344201E-4         8964.
        8966.   1.299461E-4         8968.
        8970.   1.269634E-4         8972.
        8974.   1.292501E-4         8976.
        8978.   1.391924E-4         8980.
        8982.   1.311392E-4         8984.
        8986.   1.470469E-4         8988.
        8990.   1.498307E-4         8992.
        8994.   1.291507E-4         8996.
        8998.   1.584805E-4         9000.
        9002.   1.499301E-4         9004.
        9006.   1.542053E-4         9008.
        9010.   1.281565E-4         9012.
        9014.   1.390930E-4         9016.
        9018.   1.545036E-4         9020.
        9022.   1.304432E-4         9024.
        9026.   1.402861E-4         9028.
        9030.   1.373034E-4         9032.
        9034.   1.399878E-4         9036.
        9038.   1.472457E-4         9040.
        9042.   1.334259E-4         9044.
        9046.   1.301449E-4         9048.
        9050.   1.466492E-4         9052.
        9054.   1.490353E-4         9056.
        9058.   1.529128E-4         9060.
        9062.   1.498307E-4         9064.
        9066.   1.532111E-4         9068.
        9070.   1.523163E-4         9072.
        9074.   1.525151E-4         9076.
        9078.   1.466492E-4         9080.
        9082.   1.398884E-4         9084.
        9086.   1.530123E-4         9088.
        9090.   1.534099E-4         9092.
        9094.   1.600713E-4         9096.
        9098.   1.663350E-4         9100.
        9102.   1.595742E-4         9104.
        9106.   1.632528E-4         9108.
        9110.   1.768738E-4         9112.
        9114.   1.594748E-4         9116.
        9118.   1.670309E-4         9120.
        9122.   1.807513E-4         9124.
        9126.   1.751836E-4         9128.
        9130.   1.859213E-4         9132.
        9134.   1.798565E-4         9136.
        9138.   1.866173E-4         9140.
        9142.   1.723004E-4         9144.
        9146.   1.840323E-4         9148.
        9150.   1.934775E-4         9152.
        9154.   2.068996E-4         9156.
        9158.   1.965596E-4         9160.
        9162.   1.901965E-4         9164.
        9166.   1.969573E-4         9168.
        9170.   1.896000E-4         9172.
        9174.   1.931792E-4         9176.
        9178.   1.899977E-4         9180.
        9182.   2.024256E-4         9184.
        9186.   1.839329E-4         9188.
        9190.   1.974544E-4         9192.
        9194.   2.076950E-4         9196.
        9198.   2.108765E-4         9200.
        9202.   2.091864E-4         9204.
        9206.   2.109760E-4         9208.
        9210.   1.853248E-4         9212.
        9214.   1.905942E-4         9216.
        9218.   1.921850E-4         9220.
        9222.   1.920856E-4         9224.
        9226.   1.767744E-4         9228.
        9230.   1.816461E-4         9232.
        9234.   1.660367E-4         9236.
        9238.   1.686217E-4         9240.
        9242.   1.668321E-4         9244.
        9246.   1.682240E-4         9248.
        9250.   1.659373E-4         9252.
        9254.   1.523163E-4         9256.
        9258.   1.404849E-4         9260.
        9262.   1.415786E-4         9264.
        9266.   1.592759E-4         9268.
        9270.   1.451578E-4         9272.
        9274.   1.446607E-4         9276.
        9278.   1.368063E-4         9280.
        9282.   1.401867E-4         9284.
        9286.   1.318351E-4         9288.
        9290.   1.276594E-4         9292.
        9294.   1.125470E-4         9296.
        9298.   1.268640E-4         9300.
        9302.   1.315369E-4         9304.
        9306.   1.164245E-4         9308.
        9310.   1.132430E-4         9312.
        9314.   1.003180E-4         9316.
        9318.   1.084707E-4         9320.
        9322.   1.092661E-4         9324.
        9326.   1.034001E-4         9328.
        9330.   1.132430E-4         9332.
        9334.   1.121493E-4         9336.
        9338.   1.172199E-4         9340.
        9342.   1.059851E-4         9344.
        9346.   9.644047E-5         9348.
        9350.   9.124065E-5         9352.
        9354.   8.731343E-5         9356.
        9358.   8.295869E-5         9360.
        9362.   9.679840E-5         9364.
        9366.   8.558347E-5         9368.
        9370.   9.229453E-5         9372.
        9374.   9.189684E-5         9376.
        9378.   7.906130E-5         9380.
        9382.   8.825795E-5         9384.
        9386.   7.482588E-5         9388.
        9390.   7.897183E-5         9392.
        9394.   7.988651E-5         9396.
        9398.   8.208377E-5         9400.
        9402.   7.970756E-5         9404.
        9406.   8.916270E-5         9408.
        9410.   7.914085E-5         9412.
        9414.   6.528125E-5         9416.
        9418.   6.532102E-5         9420.
        9422.   7.363280E-5         9424.
        9426.   7.085889E-5         9428.
        9430.   6.239799E-5         9432.
        9434.   6.508241E-5         9436.
        9438.   6.975530E-5         9440.
        9442.   7.075947E-5         9444.
        9446.   5.731745E-5         9448.
        9450.   6.324308E-5         9452.
        9454.   6.810487E-5         9456.
        9458.   5.794382E-5         9460.
        9462.   6.603687E-5         9464.
        9466.   6.409812E-5         9468.
        9470.   5.321128E-5         9472.
        9474.   7.061033E-5         9476.
        9478.   5.819238E-5         9480.
        9482.   5.311186E-5         9484.
        9486.   4.739502E-5         9488.
        9490.   2.765953E-5         9492.
        9494.   3.701524E-5         9496.
        9498.   4.452170E-5         9500.
        9502.   3.979910E-5         9504.
        9506.   4.370643E-5         9508.
        9510.   5.167022E-5         9512.
        9514.   3.023459E-5         9516.
        9518.   3.964002E-5         9520.
        9522.   4.690785E-5         9524.
        9526.   3.609061E-5         9528.
        9530.   3.293890E-5         9532.
        9534.   4.520771E-5         9536.
        9538.   3.694565E-5         9540.
        9542.   3.742288E-5         9544.
        9546.   2.263866E-5         9548.
        9550.   2.115725E-5         9552.
        9554.   2.674483E-5         9556.
        9558.   3.030418E-5         9560.
        9562.   3.881480E-5         9564.
        9566.   2.481602E-5         9568.
        9570.   3.578240E-5         9572.
        9574.   2.167425E-5         9576.
        9578.   1.070787E-5         9580.
        9582.   2.929007E-5         9584.
        9586.   3.108962E-5         9588.
        9590.   2.941932E-5         9592.
        9594.   3.649824E-5         9596.
        9598.   3.495719E-5         9600.
        9602.   3.575258E-5         9604.
        9606.   1.628551E-5         9608.
        9610.   1.474446E-5         9612.
        9614.   1.786634E-5         9616.
        9618.   2.199241E-5         9620.
        9622.   1.083713E-5         9624.
        9626.   2.854439E-5         9628.
        9630.   2.552193E-5         9632.
        9634.   2.353346E-5         9636.
        9638.   1.806519E-5         9640.
        9642.   1.481405E-5         9644.
        9646.   3.404250E-5         9648.
        9650.   2.256906E-5         9652.
        9654.   9.542636E-6         9656.
        9658.   2.713258E-5         9660.
        9662.   1.580828E-5         9664.
        9666.   3.177565E-5         9668.
        9670.   3.407232E-5         9672.
        9674.   2.991643E-5         9676.
        9678.   1.761779E-5         9680.
        9682.   3.903353E-6         9684.
        9686.   1.817455E-5         9688.
        9690.   2.481602E-5         9692.
        9694.   1.567903E-5         9696.
        9698.   2.585997E-5         9700.
        9702.   2.813676E-5         9704.
        9706.   1.595742E-5         9708.
        9710.   1.370051E-5         9712.
        9714.   1.728969E-5         9716.
        9718.   1.484388E-5         9720.
        9722.   1.514215E-5         9724.
        9726.   1.528134E-5         9728.
        9730.   1.847283E-6         9732.
        9734.   1.456549E-5         9736.
        9738.   5.453361E-6         9740.
        9742.   1.240801E-5         9744.
        9746.   1.663350E-5         9748.
        9750.   2.256906E-5         9752.
        9754.   6.735920E-6         9756.
        9758.   1.054880E-5         9760.
        9762.   1.990452E-5         9764.
        9766.   2.120696E-5         9768.
        9770.   1.321334E-5         9772.
        9774.   4.140975E-6         9776.
        9778.   1.034995E-5         9780.
        9782.   1.097632E-5         9784.
        9786.   4.303035E-6         9788.
        9790.   9.056456E-6         9792.
        9794.   2.201229E-5         9796.
        9798.   2.598922E-5         9800.
        9802.   8.441028E-6         9804.
        9806.   1.180153E-6         9808.
        9810.   1.780669E-5         9812.
        9814.   1.125470E-5         9816.
        9818.   1.834357E-5         9820.
        9822.   5.730752E-6         9824.
        9826.   7.409014E-6         9828.
        9830.   3.143761E-6         9832.
        9834.   1.294490E-5         9836.
        9838.   4.332861E-6         9840.
        9842.   9.758384E-6         9844.
        9846.   2.562135E-6         9848.
        9850.   1.615627E-6         9852.
        9854.   1.459532E-5         9856.
        9858.   3.123876E-6         9860.
        9862.   3.274005E-6         9864.
        9866.   2.034198E-6         9868.
        9870.   8.307800E-6         9872.
        9874.   1.331276E-5         9876.
        9878.   9.873715E-6         9880.
        9882.   4.204606E-6         9884.
        9886.   7.331465E-6         9888.
        9890.   1.360109E-6         9892.
        9894.   4.623177E-7         9896.
        9898.   1.210974E-6         9900.
        9902.   5.996211E-6         9904.
        9906.   7.305614E-6         9908.
        9910.   2.591962E-5         9912.
        9914.   4.338827E-6         9916.
        9918.   5.894800E-6         9920.
        9922.   4.565512E-6         9924.
        9926.   7.535282E-6         9928.
        9930.   4.971158E-6         9932.
        9934.   6.697145E-6         9936.
        9938.   1.474446E-5         9940.
        9942.   6.519177E-6         9944.
        9946.   7.312574E-6         9948.
        9950.   7.593942E-6         9952.
        9954.   3.058257E-6         9956.
        9958.   7.813667E-7         9960.
        9962.   5.901759E-7         9964.
        9966.   9.672881E-7         9968.
        9970.   7.988652E-6         9972.
        9974.   2.220119E-5         9976.
        9978.   2.903157E-5         9980.
        9982.   2.802739E-5         9984.
        9986.   2.125667E-5         9988.
        9990.   1.746865E-5         9992.
        9994.   1.328293E-5         9996.
        9998.   1.877110E-5        10000.
       10002.   1.058857E-5        10004.
       10006.   8.955045E-7        10008.
       10010.   2.368260E-5        10012.
       10014.   4.145946E-6        10016.
       10018.   6.867158E-6        10020.
       10022.   7.040155E-6        10024.
       10026.   6.453558E-6        10028.
       10030.   3.446007E-6        10032.
       10034.   6.120491E-7        10036.
       10038.   1.101609E-6        10040.
       10042.   4.843897E-6        10044.
       10046.   3.527534E-6        10048.
       10050.   7.657573E-6        10052.
       10054.   4.645050E-6        10056.
       10058.   2.204212E-6        10060.
       10062.   1.991446E-6        10064.
       10066.   1.484388E-5        10068.
       10070.   1.615627E-5        10072.
       10074.   4.174779E-6        10076.
       10078.   4.666923E-6        10080.
       10082.   1.701130E-6        10084.
       10086.   2.097829E-6        10088.
       10090.   6.621583E-6        10092.
       10094.   1.866173E-5        10096.
       10098.   1.953665E-6        10100.
       10102.   5.627352E-6        10104.
       10106.   7.408020E-6        10108.
       10110.   7.627746E-6        10112.
       10114.   2.102800E-6        10116.
       10118.   3.320734E-6        10120.
       10122.   7.666520E-6        10124.
       10126.   5.901759E-6        10128.
       10130.   7.593942E-6        10132.
       10134.   9.852836E-6        10136.
       10138.   1.433682E-5        10140.
       10142.   1.109563E-5        10144.
       10146.   1.470469E-5        10148.
       10150.   3.709478E-7        10152.
       10154.   1.545036E-6        10156.
       10158.   1.021076E-5        10160.
       10162.   1.020082E-5        10164.
       10166.   8.679643E-7        10168.
       10170.   2.906139E-6        10172.
       10174.   2.713258E-6        10176.
       10178.   3.639882E-6        10180.
       10182.   3.410215E-6        10184.
       10186.   4.874718E-6        10188.
       10190.   3.869550E-6        10192.
       10194.   1.110557E-6        10196.
       10198.   2.339427E-6        10200.
       10202.   3.887446E-7        10204.
       10206.   7.962802E-6        10208.
       10210.   6.777678E-6        10212.
       10214.   1.229865E-5        10216.
       10218.   2.314571E-5        10220.
       10222.   8.899368E-6        10224.
       10226.   5.554773E-6        10228.
       10230.   9.589365E-6        10232.
       10234.   1.551996E-5        10236.
       10238.   3.056268E-6        10240.
       10242.   3.439048E-6        10244.
       10246.   2.127656E-6        10248.
       10250.   1.459532E-5        10252.
       10254.   1.149332E-5        10256.
       10258.   1.293495E-5        10260.
       10262.   1.872138E-5        10264.
       10266.   1.551002E-5        10268.
       10270.   1.283553E-6        10272.
       10274.   3.964002E-6        10276.
       10278.   4.826995E-6        10280.
       10282.   1.061839E-5        10284.
       10286.   2.684426E-6        10288.
       10290.   5.398678E-6        10292.
       10294.   6.362089E-6        10296.
       10298.   4.702716E-6        10300.
       10302.   1.183136E-5        10304.
       10306.   2.174385E-5        10308.
       10310.   1.613638E-5        10312.
       10314.   5.627352E-6        10316.
       10318.   4.915481E-6        10320.
       10322.   5.838129E-7        10324.
       10326.   7.493525E-7        10328.
       10330.   5.932581E-6        10332.
       10334.   1.029030E-5        10336.
       10338.   4.689791E-6        10340.
       10342.   2.889237E-6        10344.
       10346.   6.922835E-6        10348.
       10350.   1.433682E-5        10352.
       10354.   8.932177E-6        10356.
       10358.   1.465497E-6        10360.
       10362.   1.710079E-6        10364.
       10366.   8.989843E-6        10368.
       10370.   1.601707E-5        10372.
       10374.   5.863978E-6        10376.
       10378.   1.812484E-6        10380.
       10382.   4.121090E-7        10384.
       10386.   9.191672E-6        10388.
       10390.   4.251335E-6        10392.
       10394.   9.189684E-6        10396.
       10398.   1.280571E-5        10400.
       10402.   9.293083E-6        10404.
       10406.   1.708090E-6        10408.
       10410.   1.001191E-5        10412.
       10414.   1.117516E-5        10416.
       10418.   2.688403E-6        10420.
       10422.   1.598725E-6        10424.
       10426.   1.222905E-5        10428.
       10430.   1.691188E-5        10432.
       10434.   1.614632E-5        10436.
       10438.   7.450772E-6        10440.
       10442.   1.212963E-5        10444.
       10446.   7.962802E-6        10448.
       10450.   2.830578E-6        10452.
       10454.   1.414792E-5        10456.
       10458.   3.066210E-6        10460.
       10462.   9.148920E-6        10464.
       10466.   7.790800E-6        10468.
       10470.   4.582414E-6        10472.
       10474.   4.321925E-6        10476.
       10478.   8.648822E-6        10480.
       10482.   9.819032E-7        10484.
       10486.   9.735517E-7        10488.
       10490.   1.009145E-5        10492.
       10494.   5.141172E-6        10496.
       10498.   3.435071E-6        10500.
       10502.   2.288721E-6        10504.
       10506.   1.003180E-5        10508.
       10510.   8.630926E-7        10512.
       10514.   1.976533E-6        10516.
       10518.   1.076753E-5        10520.
       10522.   5.081518E-6        10524.
       10526.   7.968767E-6        10528.
       10530.   4.247358E-6        10532.
       10534.   3.175576E-5        10536.
       10538.   1.890034E-5        10540.
       10542.   1.700136E-5        10544.
       10546.   1.597730E-5        10548.
       10550.   1.212963E-5        10552.
       10554.   1.581823E-6        10556.
       10558.   1.061839E-5        10560.
       10562.   1.887052E-5        10564.
       10566.   1.946706E-5        10568.
       10570.   2.379196E-5        10572.
       10574.   2.242987E-5        10576.
       10578.   3.072176E-5        10580.
       10582.   2.120696E-5        10584.
       10586.   2.310594E-6        10588.
       10590.   1.020082E-5        10592.
       10594.   2.250941E-5        10596.
       10598.   2.517395E-5        10600.
       10602.   3.488759E-5        10604.
       10606.   9.471051E-6        10608.
       10610.   2.079933E-5        10612.
       10614.   1.198049E-5        10616.
       10618.   2.086892E-5        10620.
       10622.   1.792600E-5        10624.
       10626.   2.623777E-5        10628.
       10630.   2.030221E-5        10632.
       10634.   2.005365E-5        10636.
       10638.   1.266651E-5        10640.
       10642.   8.546415E-6        10644.
       10646.   1.967585E-5        10648.
       10650.   1.268640E-5        10652.
       10654.   1.402861E-5        10656.
       10658.   1.807513E-5        10660.
       10662.   7.555167E-6        10664.
       10666.   1.329288E-5        10668.
       10670.   2.676472E-5        10672.
       10674.   2.035192E-5        10676.
       10678.   3.125864E-5        10680.
       10682.   1.720021E-5        10684.
       10686.   1.745871E-5        10688.
       10690.   1.390930E-5        10692.
       10694.   2.951874E-5        10696.
       10698.   3.109957E-5        10700.
       10702.   2.585997E-6        10704.
       10706.   1.724992E-5        10708.
       10710.   3.500690E-6        10712.
       10714.   1.084707E-5        10716.
       10718.   2.285739E-5        10720.
       10722.   2.310594E-5        10724.
       10726.   1.958636E-5        10728.
       10730.   1.900971E-5        10732.
       10734.   1.216940E-5        10736.
       10738.   1.420757E-5        10740.
       10742.   1.866173E-5        10744.
       10746.   1.787629E-5        10748.
       10750.   1.214951E-5        10752.
       10754.   2.085898E-5        10756.
       10758.   2.611847E-5        10760.
       10762.   3.763167E-5        10764.
       10766.   2.428908E-5        10768.
       10770.   2.335450E-5        10772.
       10774.   1.103597E-5        10776.
       10778.   2.257900E-5        10780.
       10782.   7.189289E-6        10784.
       10786.   1.456549E-5        10788.
       10790.   1.667327E-5        10792.
       10794.   5.275393E-6        10796.
       10798.   1.804531E-5        10800.
       10802.   3.020476E-5        10804.
       10806.   2.916082E-5        10808.
       10810.   2.471660E-5        10812.
       10814.   3.097032E-5        10816.
       10818.   1.646448E-5        10820.
       10822.   2.726183E-5        10824.
       10826.   2.414989E-5        10828.
       10830.   2.657581E-5        10832.
       10834.   2.565118E-5        10836.
       10838.   2.510435E-5        10840.
       10842.   3.111945E-5        10844.
       10846.   2.910116E-5        10848.
       10850.   3.030418E-5        10852.
       10854.   2.591962E-5        10856.
       10858.   4.198640E-5        10860.
       10862.   4.279173E-5        10864.
       10866.   4.502875E-5        10868.
       10870.   5.898777E-5        10872.
       10874.   5.451373E-5        10876.
       10878.   4.674877E-5        10880.
       10882.   3.501684E-5        10884.
       10886.   4.912499E-5        10888.
       10890.   4.782254E-5        10892.
       10894.   4.710670E-5        10896.
       10898.   3.958036E-5        10900.
       10902.   5.208780E-5        10904.
       10906.   3.428111E-5        10908.
       10910.   5.423534E-5        10912.
       10914.   4.805122E-5        10916.
       10918.   6.239799E-5        10920.
       10922.   5.833157E-5        10924.
       10926.   5.150120E-5        10928.
       10930.   5.204803E-5        10932.
       10934.   5.107368E-5        10936.
       10938.   5.997206E-5        10940.
       10942.   5.382771E-5        10944.
       10946.   4.500887E-5        10948.
       10950.   5.109357E-5        10952.
       10954.   6.779666E-5        10956.
       10958.   5.790405E-5        10960.
       10962.   6.610646E-5        10964.
       10966.   5.872927E-5        10968.
       10970.   5.115322E-5        10972.
       10974.   5.915678E-5        10976.
       10978.   4.414389E-5        10980.
       10982.   6.516195E-5        10984.
       10986.   5.906730E-5        10988.
       10990.   7.257891E-5        10992.
       10994.   6.035981E-5        10996.
       10998.   7.273800E-5        11000.
