        1850.   9.086754E-7            0.
        1860.   5.093606E-4            0.
        1870.   5.849174E-4            0.
        1880.   5.652806E-4            0.
        1890.   1.697536E-4            0.
        1900.   7.249666E-5            0.
        1910.   2.773075E-4            0.
        1920.   1.289848E-4            0.
        1930.   1.592873E-5            0.
        1940.   2.794007E-6            0.
        1950.   9.191417E-5            0.
        1960.   7.550698E-5            0.
        1970.   8.239481E-5            0.
        1980.   1.266922E-5            0.
        1990.   2.836869E-5            0.
        2000.   7.323429E-5            0.
        2010.   3.259509E-7            0.
        2020.   5.406598E-6            0.
        2030.   1.734418E-6            0.
        2040.   7.664332E-7            0.
        2050.   3.746940E-5            0.
        2060.   2.827898E-6            0.
        2070.   1.245990E-5            0.
        2080.   1.156278E-5            0.
        2090.   4.134692E-7            0.
        2100.   3.151855E-7            0.
        2110.   2.042426E-6            0.
        2120.   5.668755E-6            0.
        2130.   9.244247E-7            0.
        2140.   3.151855E-7            0.
        2150.   1.020715E-6            0.
        2160.   9.607078E-7            0.
        2170.   3.151855E-7            0.
        2180.   3.167804E-6            0.
        2190.   2.525870E-6            0.
        2200.   5.930910E-6            0.
        2210.   3.151855E-7            0.
        2220.   1.054606E-6            0.
        2230.   1.084509E-5            0.
        2240.   3.270474E-6            0.
        2250.   1.295829E-5            0.
        2260.   8.044109E-7            0.
        2270.   2.333489E-6            0.
        2280.   3.151855E-7            0.
        2290.   1.619787E-6            0.
        2300.   3.559543E-7            0.
        2310.   6.914744E-7            0.
        2320.   7.457996E-7            0.
        2330.   3.151855E-7            0.
        2340.   3.814722E-7            0.
        2350.   6.199048E-7            0.
        2360.   1.010747E-6            0.
        2370.   7.470954E-7            0.
        2380.   4.220416E-7            0.
        2390.   3.713049E-6            0.
        2400.   5.857149E-7            0.
        2410.   2.647479E-6            0.
        2420.   1.205121E-6            0.
        2430.   1.028689E-6            0.
        2440.   2.053391E-6            0.
        2450.   7.985300E-6            0.
        2460.   2.013519E-6            0.
        2470.   3.932344E-6            0.
        2480.   4.618136E-6            0.
        2490.   6.512040E-6            0.
        2500.   7.555681E-7            0.
        2510.   4.529422E-7            0.
        2520.   8.365076E-7            0.
        2530.   2.452108E-6            0.
        2540.   4.497525E-7            0.
        2550.   3.151855E-7            0.
        2560.   1.787248E-6            0.
        2570.   1.473258E-6            0.
        2580.   5.253092E-7            0.
        2590.   7.501854E-7            0.
        2600.   1.022708E-6            0.
        2610.   3.228608E-7            0.
        2620.   6.982526E-7            0.
        2630.   1.281874E-6            0.
        2640.   1.138336E-6            0.
        2650.   3.569511E-6            0.
        2660.   6.356541E-7            0.
        2670.   1.088497E-6            0.
        2680.   6.924712E-7            0.
        2690.   3.151855E-7            0.
        2700.   3.507710E-6            0.
        2710.   2.773075E-6            0.
        2720.   3.018285E-6            0.
        2730.   8.022180E-7            0.
        2740.   3.200698E-7            0.
        2750.   4.275240E-7            0.
        2760.   3.151855E-7            0.
        2770.   7.225743E-7            0.
        2780.   3.884498E-7            0.
        2790.   4.377909E-6            0.
        2800.   4.958042E-7            0.
        2810.   4.410803E-7            0.
        2820.   3.235586E-7            0.
        2830.   9.904122E-7            0.
        2840.   2.768091E-6            0.
        2850.   3.678162E-6            0.
        2860.   4.213439E-7            0.
        2870.   5.875091E-6            0.
        2880.   3.012305E-6            0.
        2890.   8.892379E-7            0.
        2900.   3.999128E-7            0.
        2910.   3.151855E-7            0.
        2920.   5.733546E-7            0.
        2930.   4.759681E-7            0.
        2940.   3.151855E-7            0.
        2950.   4.105785E-7            0.
        2960.   4.836434E-6            0.
        2970.   1.609819E-6            0.
        2980.   3.554559E-7            0.
        2990.   1.403483E-6            0.
        3000.   3.151855E-7            0.
        3010.   4.841417E-7            0.
        3020.   2.284647E-6            0.
        3030.   5.618915E-7            0.
        3040.   5.600972E-7            0.
        3050.   3.151855E-7            0.
        3060.   3.233592E-7            0.
        3070.   7.691245E-7            0.
        3080.   8.028161E-7            0.
        3090.   4.101798E-7            0.
        3100.   5.992712E-7            0.
        3110.   2.630534E-6            0.
        3120.   5.504284E-6            0.
        3130.   4.817494E-6            0.
        3140.   3.151855E-7            0.
        3150.   3.151855E-7            0.
        3160.   8.691027E-7            0.
        3170.   5.733546E-7            0.
        3180.   7.937453E-7            0.
        3190.   1.687568E-6            0.
        3200.   2.951500E-6            0.
        3210.   8.578389E-6            0.
        3220.   2.298602E-6            0.
        3230.   8.582377E-7            0.
        3240.   8.793697E-6            0.
        3250.   4.864344E-6            0.
        3260.   5.402611E-6            0.
        3270.   1.170233E-6            0.
        3280.   8.417906E-7            0.
        3290.   7.939447E-6            0.
        3300.   1.722456E-6            0.
        3310.   1.221070E-6            0.
        3320.   1.648694E-6            0.
        3330.   5.527210E-6            0.
        3340.   7.247672E-7            0.
        3350.   1.032676E-5            0.
        3360.   4.104788E-6            0.
        3370.   7.016417E-6            0.
        3380.   1.780270E-5            0.
        3390.   1.389528E-5            0.
        3400.   1.376569E-5            0.
        3410.   1.599851E-5            0.
        3420.   1.520107E-5            0.
        3430.   2.107218E-5            0.
        3440.   2.736193E-5            0.
        3450.   2.110208E-5            0.
        3460.   2.293618E-5            0.
        3470.   1.782264E-5            0.
        3480.   3.030247E-5            0.
        3490.   2.825904E-5            0.
        3500.   2.423201E-5            0.
        3510.   2.712270E-5            0.
        3520.   2.901661E-5            0.
        3530.   2.350435E-5            0.
        3540.   3.079090E-5            0.
        3550.   3.188736E-5            0.
        3560.   3.593435E-5            0.
        3570.   3.474816E-5            0.
        3580.   2.830889E-5            0.
        3590.   3.089058E-5            0.
        3600.   4.270256E-5            0.
        3610.   4.384887E-5            0.
        3620.   4.057939E-5            0.
        3630.   4.749713E-5            0.
        3640.   4.843411E-5            0.
        3650.   5.110551E-5            0.
        3660.   5.412579E-5            0.
        3670.   5.242128E-5            0.
        3680.   5.569075E-5            0.
        3690.   6.060494E-5            0.
        3700.   6.186090E-5            0.
        3710.   6.163163E-5            0.
        3720.   6.344579E-5            0.
        3730.   6.218984E-5            0.
        3740.   6.715386E-5            0.
        3750.   6.599758E-5            0.
        3760.   6.599758E-5            0.
        3770.   7.152977E-5            0.
        3780.   7.215775E-5            0.
        3790.   7.387224E-5            0.
        3800.   7.580601E-5            0.
        3810.   7.309474E-5            0.
        3820.   7.684268E-5            0.
        3830.   7.817837E-5            0.
        3840.   7.968354E-5            0.
        3850.   8.231506E-5            0.
        3860.   8.450800E-5            0.
        3870.   8.315236E-5            0.
        3880.   8.421893E-5            0.
        3890.   8.103917E-5            0.
        3900.   8.867459E-5            0.
        3910.   8.421893E-5            0.
        3920.   8.747845E-5            0.
        3930.   8.584371E-5            0.
        3940.   9.215339E-5            0.
        3950.   8.806655E-5            0.
        3960.   8.804662E-5            0.
        3970.   8.779742E-5            0.
        3980.   8.804662E-5            0.
        3990.   8.877427E-5            0.
        4000.   9.067814E-5            0.
        4010.   9.353893E-5            0.
        4020.   9.455566E-5            0.
        4030.   8.947202E-5            0.
        4040.   8.777748E-5            0.
        4050.   8.933247E-5            0.
        4060.   8.851510E-5            0.
        4070.   8.847524E-5            0.
        4080.   8.920289E-5            0.
        4090.   8.618262E-5            0.
        4100.   8.594339E-5            0.
        4110.   8.828584E-5            0.
        4120.   8.900354E-5            0.
        4130.   8.937236E-5            0.
        4140.   8.863472E-5            0.
        4150.   8.608293E-5            0.
        4160.   8.644177E-5            0.
        4170.   8.976110E-5            0.
        4180.   8.392987E-5            0.
        4190.   8.665110E-5            0.
        4200.   8.442825E-5            0.
        4210.   8.576397E-5            0.
        4220.   8.226522E-5            0.
        4230.   8.287327E-5            0.
        4240.   8.499643E-5            0.
        4250.   8.031150E-5            0.
        4260.   7.790924E-5            0.
        4270.   7.467964E-5            0.
        4280.   6.887831E-5            0.
        4290.   6.576832E-5            0.
        4300.   6.296733E-5            0.
        4310.   6.286766E-5            0.
        4320.   7.352336E-5            0.
        4330.   1.117404E-4            0.
        4340.   2.633524E-4            0.
        4350.   6.231942E-4            0.
        4360.    0.00174937            0.
        4370.   0.004124724            0.
        4380.    0.01019718            0.
        4390.    0.01973648            0.
        4400.    0.04373922            0.
        4410.    0.07957388            0.
        4420.     0.1269912            0.
        4430.     0.1931782            0.
        4440.     0.2633523            0.
        4450.     0.3435942            0.
        4460.     0.4167587            0.
        4470.     0.4913187            0.
        4480.     0.5534188            0.
        4490.      0.611432            0.
        4500.     0.6560884            0.
        4510.     0.6983523            0.
        4520.     0.7288541            0.
        4530.     0.7566646            0.
        4540.     0.7778962            0.
        4550.     0.7965363            0.
        4560.     0.8110895            0.
        4570.      0.823649            0.
        4580.      0.834215            0.
        4590.     0.8430864            0.
        4600.     0.8502634            0.
        4610.     0.8565431            0.
        4620.     0.8623246            0.
        4630.     0.8677072            0.
        4640.     0.8720931            0.
        4650.     0.8761799            0.
        4660.     0.8793696            0.
        4670.     0.8827588            0.
        4680.     0.8857492            0.
        4690.     0.8888392            0.
        4700.     0.8917299            0.
        4710.     0.8945208            0.
        4720.     0.8968135            0.
        4730.     0.8993055            0.
        4740.     0.9010997            0.
        4750.     0.9033924            0.
        4760.     0.9056849            0.
        4770.     0.9076785            0.
        4780.      0.909672            0.
        4790.     0.9116657            0.
        4800.     0.9131609            0.
        4810.     0.9153538            0.
        4820.     0.9169487            0.
        4830.     0.9189423            0.
        4840.     0.9207365            0.
        4850.     0.9226304            0.
        4860.     0.9240259            0.
        4870.     0.9255211            0.
        4880.     0.9269167            0.
        4890.     0.9282125            0.
        4900.     0.9297076            0.
        4910.     0.9310035            0.
        4920.     0.9321995            0.
        4930.     0.9334956            0.
        4940.     0.9347913            0.
        4950.     0.9355888            0.
        4960.     0.9369842            0.
        4970.     0.9380807            0.
        4980.     0.9389778            0.
        4990.     0.9396756            0.
        5000.     0.9406723            0.
        5010.     0.9412704            0.
        5020.     0.9418685            0.
        5030.     0.9427657            0.
        5040.     0.9431643            0.
        5050.     0.9436627            0.
        5060.     0.9443605            0.
        5070.     0.9452576            0.
        5080.     0.9456564            0.
        5090.     0.9455567            0.
        5100.     0.9460551            0.
        5110.     0.9462544            0.
        5120.     0.9461547            0.
        5130.     0.9461547            0.
        5140.     0.9460551            0.
        5150.     0.9463542            0.
        5160.     0.9461547            0.
        5170.     0.9459554            0.
        5180.      0.945457            0.
        5190.     0.9449586            0.
        5200.     0.9443605            0.
        5210.     0.9438621            0.
        5220.     0.9433637            0.
        5230.     0.9427657            0.
        5240.      0.942068            0.
        5250.     0.9412704            0.
        5260.     0.9400743            0.
        5270.     0.9386787            0.
        5280.     0.9378814            0.
        5290.     0.9363862            0.
        5300.     0.9350902            0.
        5310.     0.9334956            0.
        5320.     0.9319007            0.
        5330.     0.9303058            0.
        5340.     0.9283121            0.
        5350.      0.926518            0.
        5360.     0.9241256            0.
        5370.     0.9224311            0.
        5380.     0.9199392            0.
        5390.     0.9174472            0.
        5400.     0.9149552            0.
        5410.     0.9125628            0.
        5420.     0.9095725            0.
        5430.     0.9069808            0.
        5440.     0.9038907            0.
        5450.      0.900701            0.
        5460.     0.8976109            0.
        5470.     0.8944213            0.
        5480.      0.890733            0.
        5490.     0.8873441            0.
        5500.     0.8834565            0.
        5510.     0.8796687            0.
        5520.     0.8753824            0.
        5530.     0.8713954            0.
        5540.     0.8667103            0.
        5550.     0.8627232            0.
        5560.     0.8579386            0.
        5570.      0.853154            0.
        5580.     0.8477713            0.
        5590.     0.8431861            0.
        5600.     0.8376041            0.
        5610.     0.8325204            0.
        5620.       0.82644            0.
        5630.     0.8212567            0.
        5640.     0.8150766            0.
        5650.     0.8092952            0.
        5660.     0.8029158            0.
        5670.     0.7970346            0.
        5680.     0.7901568            0.
        5690.     0.7847741            0.
        5700.     0.7788931            0.
        5710.     0.7724139            0.
        5720.     0.7653367            0.
        5730.     0.7583592            0.
        5740.     0.7508832            0.
        5750.     0.7433076            0.
        5760.     0.7364297            0.
        5770.     0.7286547            0.
        5780.     0.7209793            0.
        5790.     0.7127061            0.
        5800.     0.7052302            0.
        5810.     0.6964583            0.
        5820.     0.6885838            0.
        5830.      0.679812            0.
        5840.     0.6719373            0.
        5850.     0.6627669            0.
        5860.     0.6543937            0.
        5870.     0.6455224            0.
        5880.     0.6368503            0.
        5890.     0.6275801            0.
        5900.      0.618908            0.
        5910.     0.6098371            0.
        5920.     0.6007664            0.
        5930.     0.5915959            0.
        5940.     0.5828241            0.
        5950.     0.5728562            0.
        5960.     0.5641841            0.
        5970.     0.5543159            0.
        5980.     0.5456438            0.
        5990.     0.5355762            0.
        6000.     0.5267047            0.
        6010.     0.5168365            0.
        6020.     0.5078654            0.
        6030.     0.4977978            0.
        6040.     0.4888267            0.
        6050.     0.4785598            0.
        6060.      0.469788            0.
        6070.     0.4597204            0.
        6080.     0.4510483            0.
        6090.      0.440881            0.
        6100.      0.432209            0.
        6110.     0.4221413            0.
        6120.     0.4134692            0.
        6130.     0.4038004            0.
        6140.     0.3953276            0.
        6150.     0.3854594            0.
        6160.     0.3770863            0.
        6170.     0.3676169            0.
        6180.     0.3594431            0.
        6190.     0.3499736            0.
        6200.     0.3418995            0.
        6210.     0.3326294            0.
        6220.     0.3245554            0.
        6230.     0.3156839            0.
        6240.     0.3078093            0.
        6250.     0.2991372            0.
        6260.     0.2915616            0.
        6270.     0.2829892            0.
        6280.     0.2757125            0.
        6290.     0.2674392            0.
        6300.      0.260362            0.
        6310.     0.2523877            0.
        6320.     0.2455098            0.
        6330.     0.2377348            0.
        6340.     0.2311561            0.
        6350.     0.2235804            0.
        6360.     0.2172009            0.
        6370.     0.2099243            0.
        6380.     0.2036445            0.
        6390.     0.1967666            0.
        6400.     0.1906863            0.
        6410.     0.1838084            0.
        6420.     0.1781266            0.
        6430.     0.1717472            0.
        6440.     0.1662648            0.
        6450.     0.1601844            0.
        6460.     0.1550011            0.
        6470.     0.1493195            0.
        6480.     0.1443355            0.
        6490.      0.138853            0.
        6500.     0.1341682            0.
        6510.     0.1291842            0.
        6520.     0.1244993            0.
        6530.     0.1198143            0.
        6540.     0.1155282            0.
        6550.     0.1108432            0.
        6560.     0.1068561            0.
        6570.     0.1024702            0.
        6580.    0.09866245            0.
        6590.    0.09447592            0.
        6600.    0.09092734            0.
        6610.    0.08701993            0.
        6620.    0.08371057            0.
        6630.    0.08004238            0.
        6640.    0.07695232            0.
        6650.    0.07352336            0.
        6660.     0.0706526            0.
        6670.     0.0674828            0.
        6680.    0.06479146            0.
        6690.    0.06170141            0.
        6700.    0.05922937            0.
        6710.    0.05641841            0.
        6720.    0.05404605            0.
        6730.    0.05141452            0.
        6740.    0.04926145            0.
        6750.    0.04692895            0.
        6760.    0.04477589            0.
        6770.    0.04258294            0.
        6780.    0.04066911            0.
        6790.    0.03871539            0.
        6800.    0.03684142            0.
        6810.    0.03508707            0.
        6820.    0.03339253            0.
        6830.    0.03175779            0.
        6840.    0.03012305            0.
        6850.     0.0286478            0.
        6910.    0.02401271            0.
        6920.    0.02287637            0.
        6930.    0.02163038            0.
        6940.    0.02058375            0.
        6950.    0.01946734            0.
        6960.    0.01851042            0.
        6970.     0.0174937            0.
        6980.    0.01664642            0.
        6990.    0.01569947            0.
        7000.    0.01492197            0.
        7010.    0.01408467            0.
        7020.    0.01337694            0.
        7030.    0.01259945            0.
        7040.    0.01197147            0.
        7050.    0.01128368            0.
        7060.    0.01070554            0.
        7070.    0.01008753            0.
        7080.   0.009578172            0.
        7090.   0.009017975            0.
        7100.   0.008552473            0.
        7110.   0.008050091            0.
        7120.   0.007631438            0.
        7130.   0.007177897            0.
        7140.   0.006800113            0.
        7150.   0.006395416            0.
        7160.   0.006059497            0.
        7170.   0.005694671            0.
        7180.   0.005392643            0.
        7190.   0.005060711            0.
        7200.   0.004792574            0.
        7210.   0.004500515            0.
        7220.   0.004261285            0.
        7230.   0.004002119            0.
        7240.   0.003786812            0.
        7250.   0.003554559            0.
        7260.   0.003361182            0.
        7270.    0.00315983            0.
        7280.   0.002991372            0.
        7290.   0.002803975            0.
        7300.    0.00265346            0.
        7310.   0.002490982            0.
        7320.   0.002355419            0.
        7330.   0.002209887            0.
        7340.   0.002089276            0.
        7350.   0.001958696            0.
        7360.   0.001853036            0.
        7370.   0.001739402            0.
        7380.     0.0016467            0.
        7390.   0.001542037            0.
        7400.   0.001459303            0.
        7410.   0.001367598            0.
        7420.   0.001292839            0.
        7430.   0.001213096            0.
        7440.   0.001145314            0.
        7450.   0.001075538            0.
        7460.   0.001017724            0.
        7470.   9.536307E-4            0.
        7480.   9.023956E-4            0.
        7490.   8.460768E-4            0.
        7500.   7.993273E-4            0.
        7510.   7.512819E-4            0.
        7520.   7.113107E-4            0.
        7530.   6.677508E-4            0.
        7540.   6.322650E-4            0.
        7550.   5.923933E-4            0.
        7560.   5.598979E-4            0.
        7570.   5.311903E-4            0.
        7580.   5.010872E-4            0.
        7590.   4.727783E-4            0.
        7600.   4.431736E-4            0.
        7610.   4.196493E-4            0.
        7620.   3.951282E-4            0.
        7630.   3.750928E-4            0.
        7640.   3.520669E-4            0.
        7650.   3.339252E-4            0.
        7660.   3.138897E-4            0.
        7670.   2.974426E-4            0.
        7680.   2.806965E-4            0.
        7690.   2.657447E-4            0.
        7700.   2.491979E-4            0.
        7710.   2.377348E-4            0.
        7720.   2.239791E-4            0.
        7730.   2.125160E-4            0.
        7740.   2.006542E-4            0.
        7750.   1.911847E-4            0.
        7760.   1.792232E-4            0.
        7770.   1.711491E-4            0.
        7780.   1.613806E-4            0.
        7790.   1.530075E-4            0.
        7800.   1.448338E-4            0.
        7810.   1.371585E-4            0.
        7820.   1.298820E-4            0.
        7830.   1.235025E-4            0.
        7840.   1.168240E-4            0.
        7850.   1.115410E-4            0.
        7860.   1.063577E-4            0.
        7870.   1.015731E-4            0.
        7880.   9.473509E-5            0.
        7890.   8.976110E-5            0.
        7900.   8.616268E-5            0.
        7910.   8.068033E-5            0.
        7920.   7.654363E-5            0.
        7930.   7.392208E-5            0.
        7940.   7.117093E-5            0.
        7950.   6.658569E-5            0.
        7960.   6.278792E-5            0.
        7970.   6.129273E-5            0.
        7980.   5.790363E-5            0.
        7990.   5.558111E-5            0.
        8000.   5.845187E-5            0.
        8010.   6.770209E-5            0.
        8020.   6.476156E-5            0.
        8030.   5.551133E-5            0.
        8040.   5.076660E-5            0.
        8050.   4.391865E-5            0.
        8060.   4.322089E-5            0.
        8070.   5.029811E-5            0.
        8080.   4.379903E-5            0.
        8090.   3.716039E-5            0.
        8100.   4.127714E-5            0.
        8110.   3.487774E-5            0.
        8120.   3.558546E-5            0.
        8130.   3.306358E-5            0.
        8140.   3.595428E-5            0.
        8150.   1.987603E-5            0.
        8160.   2.690341E-5            0.
        8170.   2.838863E-5            0.
        8180.   2.653460E-5            0.
        8190.   3.360185E-5            0.
        8200.   1.926799E-5            0.
        8210.   2.660437E-5            0.
        8220.   2.565742E-5            0.
        8230.   3.452887E-5            0.
        8240.   2.513909E-5            0.
        8250.   3.099026E-5            0.
        8260.   2.867770E-5            0.
        8270.   2.323521E-5            0.
        8280.   2.271688E-5            0.
        8290.   1.672617E-5            0.
        8300.   2.249759E-5            0.
        8310.   1.801203E-5            0.
        8320.   5.426535E-6            0.
        8330.   8.680063E-6            0.
        8340.   2.220852E-5            0.
        8350.   1.092484E-5            0.
        8360.   2.237797E-5            0.
        8370.   1.476249E-5            0.
        8380.   1.709498E-5            0.
        8390.   9.858270E-6            0.
        8400.   1.629754E-5            0.
        8410.   2.139115E-5            0.
        8420.   1.554995E-5            0.
        8430.   2.377348E-5            0.
        8440.   1.301810E-5            0.
        8450.   1.798212E-5            0.
        8460.   1.470268E-5            0.
        8470.   3.470829E-6            0.
        8480.   9.412704E-6            0.
        8490.   2.061365E-5            0.
        8500.   9.711742E-6            0.
        8510.   7.663334E-6            0.
        8520.   5.433512E-6            0.
        8530.   2.997353E-6            0.
        8540.   9.997822E-6            0.
        8550.   1.850046E-5            0.
        8560.   1.273900E-5            0.
        8570.   2.073327E-5            0.
        8580.   1.234028E-5            0.
        8590.   1.111423E-5            0.
        8600.   2.054388E-5            0.
        8610.   1.506152E-5            0.
        8620.   4.842414E-6            0.
        8630.   1.463290E-5            0.
        8640.   2.984394E-6            0.
        8650.   7.165936E-6            0.
        8660.   1.551008E-5            0.
        8670.   5.289974E-6            0.
        8680.   9.684828E-7            0.
        8690.   3.488771E-6            0.
        8700.   1.077532E-5            0.
        8710.   2.045416E-5            0.
        8720.   5.645829E-6            0.
        8730.   9.366852E-6            0.
        8740.   3.161824E-6            0.
        8750.   1.184189E-5            0.
        8760.   1.520107E-5            0.
        8770.   1.421425E-5            0.
        8780.   3.107000E-6            0.
        8790.   8.804662E-6            0.
        8800.   1.892908E-5            0.
        8810.   1.609819E-5            0.
        8820.   5.462418E-6            0.
        8830.   1.222067E-5            0.
        8840.   5.325858E-6            0.
        8850.   1.553001E-5            0.
        8860.   1.077532E-5            0.
        8870.   1.201134E-5            0.
        8880.   9.618044E-6            0.
        8890.   2.244775E-6            0.
        8900.   7.011433E-6            0.
        8910.   1.536056E-6            0.
        8920.   7.554684E-6            0.
        8930.   3.257516E-6            0.
        8940.   2.448120E-6            0.
        8950.   1.344672E-5            0.
        8960.   9.673863E-6            0.
        8970.   9.572191E-7            0.
        8980.   8.933247E-6            0.
        8990.   1.131359E-5            0.
        9000.   6.033581E-6            0.
        9010.   4.674953E-6            0.
        9020.   3.952279E-6            0.
        9030.   3.014298E-6            0.
        9040.   5.546149E-6            0.
        9050.   6.655579E-6            0.
        9060.   9.908111E-6            0.
        9070.   1.757344E-5            0.
        9080.   6.452233E-6            0.
        9090.   1.645703E-5            0.
        9100.   6.190076E-6            0.
        9110.   1.342678E-5            0.
        9120.   5.913965E-6            0.
        9130.   3.115971E-6            0.
        9140.   1.736411E-5            0.
        9150.   8.680063E-6            0.
        9160.   2.475034E-6            0.
        9170.   1.530075E-5            0.
        9180.   1.300813E-5            0.
        9190.   1.260942E-5            0.
        9200.   1.002772E-5            0.
        9210.   2.311560E-6            0.
        9220.   1.636732E-5            0.
        9230.   8.955176E-6            0.
        9240.   4.718812E-6            0.
        9250.   7.806873E-6            0.
        9260.   5.741520E-6            0.
        9270.   1.137339E-5            0.
        9280.   4.471608E-6            0.
        9290.   2.318538E-6            0.
        9300.   3.384108E-6            0.
        9310.   8.000251E-6            0.
        9320.   1.411457E-5            0.
        9330.   1.437374E-5            0.
        9340.   1.079526E-6            0.
        9350.   3.014298E-6            0.
        9360.   8.365077E-6            0.
        9370.   2.609601E-6            0.
        9380.   1.399496E-5            0.
        9390.   7.779959E-6            0.
        9400.   1.087500E-5            0.
        9410.   5.715604E-6            0.
        9420.   7.146000E-6            0.
        9430.   1.832103E-5            0.
        9440.   1.044638E-5            0.
        9450.   9.305050E-6            0.
        9460.   6.272810E-6            0.
        9470.   1.112420E-5            0.
        9480.   7.068250E-6            0.
        9490.   9.027944E-6            0.
        9500.   6.385448E-6            0.
        9510.   5.358752E-6            0.
        9520.   8.442826E-6            0.
        9530.   1.050619E-5            0.
        9540.   1.772296E-5            0.
        9550.   1.495187E-5            0.
        9560.   1.087500E-5            0.
        9570.   1.116407E-5            0.
        9580.   1.609819E-5            0.
        9590.   9.440615E-6            0.
        9600.   1.459303E-5            0.
        9610.   1.329720E-5            0.
        9620.   1.975641E-5            0.
        9630.   1.975641E-5            0.
        9640.   1.489207E-5            0.
        9650.   2.016510E-6            0.
        9660.   1.144317E-5            0.
        9670.   1.554995E-5            0.
        9680.   5.846183E-6            0.
        9690.   1.358627E-5            0.
        9700.   1.171230E-5            0.
        9710.   1.202131E-5            0.
        9720.   3.087064E-6            0.
        9730.   2.301592E-5            0.
        9740.   1.772296E-5            0.
        9750.   2.209887E-5            0.
        9760.   8.918296E-6            0.
        9770.   3.828677E-6            0.
        9780.   7.702210E-6            0.
        9790.   1.454319E-5            0.
        9800.   2.517896E-5            0.
        9810.   1.069558E-5            0.
        9820.   1.059590E-5            0.
        9830.   1.802199E-5            0.
        9840.   1.187179E-5            0.
        9850.   1.945737E-5            0.
        9860.   8.346137E-6            0.
        9870.   1.898888E-5            0.
        9880.   2.926581E-6            0.
        9890.   2.428185E-5            0.
        9900.   1.298820E-5            0.
        9910.   1.198144E-5            0.
        9920.   8.586364E-6            0.
        9930.   1.619787E-5            0.
        9940.   3.208673E-5            0.
        9950.   2.136125E-5            0.
        9960.   1.949725E-5            0.
        9970.   2.218858E-5            0.
        9980.   1.902875E-5            0.
        9990.   2.144099E-5            0.
       10000.   2.123166E-5            0.
       10010.   2.163038E-5            0.
       10020.   2.985391E-5            0.
       10030.   2.294615E-5            0.
       10040.   2.657447E-5            0.
       10050.   2.392300E-5            0.
       10060.   2.179984E-5            0.
       10070.   2.404262E-5            0.
       10080.   2.849828E-5            0.
       10090.   3.215650E-5            0.
       10100.   3.078093E-5            0.
       10110.   2.898670E-5            0.
       10120.   2.612591E-5            0.
       10130.   2.331496E-5            0.
       10140.   3.445909E-5            0.
       10150.   2.618572E-5            0.
       10160.   2.893686E-5            0.
       10170.   3.032240E-5            0.
       10180.   2.906645E-5            0.
       10190.   2.825904E-5            0.
       10200.   2.936548E-5            0.
       10210.   3.309349E-5            0.
       10220.   4.397845E-5            0.
       10230.   3.447903E-5            0.
       10240.   3.681152E-5            0.
       10250.   3.238576E-5            0.
       10260.   3.186743E-5            0.
       10270.   3.464848E-5            0.
       10280.   3.398063E-5            0.
       10290.   3.625331E-5            0.
       10300.   3.494752E-5            0.
       10310.   4.533409E-5            0.
       10320.   4.407813E-5            0.
       10330.   4.400836E-5            0.
       10340.   3.885494E-5            0.
       10350.   3.432951E-5            0.
       10360.   4.925148E-5            0.
       10370.   4.617140E-5            0.
       10380.   5.504284E-5            0.
       10390.   5.222192E-5            0.
       10400.   5.639848E-5            0.
       10410.   5.075664E-5            0.
       10420.   4.658008E-5            0.
       10430.   4.999907E-5            0.
       10440.   5.080648E-5            0.
       10450.   5.241131E-5            0.
       10460.   5.446470E-5            0.
       10470.   6.091394E-5            0.
       10480.   6.385447E-5            0.
       10490.   6.357537E-5            0.
       10500.   5.202256E-5            0.
       10510.   6.309692E-5            0.
       10520.   6.413358E-5            0.
       10530.   6.579822E-5            0.
       10540.   5.491326E-5            0.
       10550.   6.272810E-5            0.
       10560.   5.869109E-5            0.
       10570.   6.921722E-5            0.
       10580.   6.012648E-5            0.
       10590.   7.262624E-5            0.
       10600.   7.627450E-5            0.
       10610.   7.316451E-5            0.
       10620.   6.725354E-5            0.
       10630.   8.005234E-5            0.
       10640.   7.536742E-5            0.
       10650.   8.687040E-5            0.
       10660.   7.663335E-5            0.
       10670.   8.178675E-5            0.
       10680.   8.007228E-5            0.
       10690.   9.347912E-5            0.
       10700.   8.337166E-5            0.
       10710.   8.631220E-5            0.
       10720.   9.840327E-5            0.
       10730.   1.050619E-4            0.
       10740.   1.067564E-4            0.
       10750.   9.204375E-5            0.
       10760.   9.938014E-5            0.
       10770.   1.056599E-4            0.
       10780.   1.099461E-4            0.
       10790.   1.118400E-4            0.
       10800.   1.119397E-4            0.
       10810.   1.115410E-4            0.
       10820.   1.167243E-4            0.
       10830.   1.189173E-4            0.
       10840.   1.248980E-4            0.
       10850.   1.310781E-4            0.
       10860.   1.220073E-4            0.
       10870.   1.229044E-4            0.
       10880.   1.312775E-4            0.
       10890.   1.240009E-4            0.
       10900.   1.344672E-4            0.
       10910.   1.398499E-4            0.
       10920.   1.366602E-4            0.
       10930.   1.396505E-4            0.
       10940.   1.473258E-4            0.
       10950.   1.510140E-4            0.
       10960.   1.438370E-4            0.
       10970.   1.472262E-4            0.
       10980.   1.615799E-4            0.
       10990.   1.473258E-4            0.
       11000.   1.532069E-4            0.
