        1850.   3.189252E-5         1860.
        1870.   1.128000E-5         1880.
        1890.   1.450975E-5         1900.
        1910.   5.917662E-6         1920.
        1930.   4.244944E-6         1940.
        1950.   1.023877E-5         1960.
        1970.   4.253621E-6         1980.
        1990.   6.257991E-6         2000.
        2010.   4.959345E-6         2020.
        2030.   5.178195E-6         2040.
        2050.   4.659508E-6         2060.
        2070.   3.078380E-6         2080.
        2090.   2.236718E-6         2100.
        2110.   1.792267E-6         2120.
        2130.   2.403508E-6         2140.
        2150.   2.178872E-6         2160.
        2170.   1.268759E-6         2180.
        2190.   1.812513E-6         2200.
        2210.   1.517498E-6         2220.
        2230.   1.949416E-6         2240.
        2250.   1.775877E-6         2260.
        2270.   1.533887E-6         2280.
        2290.   1.203200E-6         2300.
        2310.   9.365294E-7         2320.
        2330.   1.452903E-6         2340.
        2350.   1.321785E-6         2360.
        2370.   1.751775E-6         2380.
        2390.   2.136451E-6         2400.
        2410.   1.849149E-6         2420.
        2430.   1.664041E-6         2440.
        2450.   1.348780E-6         2460.
        2470.   1.459651E-6         2480.
        2490.   1.265867E-6         2500.
        2510.   1.231159E-6         2520.
        2530.   1.269723E-6         2540.
        2550.   1.555098E-6         2560.
        2570.   1.333354E-6         2580.
        2590.   1.452903E-6         2600.
        2610.   1.415303E-6         2620.
        2630.   1.367098E-6         2640.
        2650.   1.349744E-6         2660.
        2670.   1.393128E-6         2680.
        2690.   1.363241E-6         2700.
        2710.   1.333354E-6         2720.
        2730.   1.396985E-6         2740.
        2750.   1.363241E-6         2760.
        2770.   1.260082E-6         2780.
        2790.   1.540636E-6         2800.
        2810.   1.299610E-6         2820.
        2830.   1.264903E-6         2840.
        2850.   1.288041E-6         2860.
        2870.   1.377703E-6         2880.
        2890.   1.326605E-6         2900.
        2910.   1.122216E-6         2920.
        2930.   1.342995E-6         2940.
        2950.   1.561846E-6         2960.
        2970.   1.402769E-6         2980.
        2990.   1.208985E-6         3000.
        3010.   1.197416E-6         3020.
        3030.   1.337210E-6         3040.
        3050.   1.482790E-6         3060.
        3070.   1.436513E-6         3080.
        3090.   1.231159E-6         3100.
        3110.   9.949540E-7         3120.
        3130.   1.049908E-6         3140.
        3150.   1.074010E-6         3160.
        3170.   1.452903E-6         3180.
        3190.   1.489539E-6         3200.
        3210.   1.485682E-6         3220.
        3230.   1.583057E-6         3240.
        3250.   1.911816E-6         3260.
        3270.   2.219364E-6         3280.
        3290.   2.557764E-6         3300.
        3310.   2.912554E-6         3320.
        3330.   3.128513E-6         3340.
        3350.   3.304944E-6         3360.
        3370.   3.491980E-6         3380.
        3390.   4.001026E-6         3400.
        3410.   3.964391E-6         3420.
        3430.   3.598995E-6         3440.
        3450.   3.544041E-6         3460.
        3470.   3.711795E-6         3480.
        3490.   3.732041E-6         3500.
        3510.   3.783139E-6         3520.
        3530.   3.759036E-6         3540.
        3550.   4.249765E-6         3560.
        3570.   4.404021E-6         3580.
        3590.   5.008514E-6         3600.
        3610.   5.630360E-6         3620.
        3630.   6.337047E-6         3640.
        3650.   7.732104E-6         3660.
        3670.   1.006523E-5         3680.
        3690.   1.335282E-5         3700.
        3710.   1.878072E-5         3720.
        3730.   2.794934E-5         3740.
        3750.   4.421375E-5         3760.
        3770.   7.266442E-5         3780.
        3790.   1.272616E-4         3800.
        3810.   2.370729E-4         3820.
        3830.   4.706749E-4         3840.
        3850.   9.978462E-4         3860.
        3870.   0.002297457         3880.
        3890.   0.005796186         3900.
        3910.    0.01624513         3920.
        3948.    0.02624287         3950.
        3952.    0.03306872         3954.
        3956.    0.04170708         3958.
        3960.    0.05239898         3962.
        3964.    0.06623386         3966.
        3968.     0.0833756         3970.
        3972.       0.10528         3974.
        3976.     0.1326605         3978.
        3980.     0.1657293         3982.
        3984.     0.2052575         3986.
        3988.     0.2515344         3990.
        3992.     0.3029211         3994.
        3996.     0.3572964         3998.
        4000.     0.4108042         4002.
        4004.     0.4601662         4006.
        4008.     0.5051898         4010.
        4012.     0.5415365         4014.
        4016.     0.5702667         4018.
        4020.     0.5922483         4022.
        4024.     0.6077703         4026.
        4028.      0.619436         4030.
        4032.     0.6289806         4034.
        4036.      0.636115         4038.
        4040.     0.6412247         4042.
        4044.     0.6468165         4046.
        4048.     0.6519262         4050.
        4052.     0.6577109         4054.
        4056.      0.663399         4058.
        4060.     0.6695693         4062.
        4064.     0.6743898         4066.
        4068.     0.6806565         4070.
        4072.     0.6866339         4074.
        4076.      0.689237         4078.
        4080.     0.6938647         4082.
        4084.     0.6968535         4086.
        4088.     0.6991673         4090.
        4092.     0.7002278         4094.
        4096.     0.7001314         4098.
        4100.     0.6999385         4102.
        4104.     0.6997457         4106.
        4108.     0.6991673         4110.
        4112.     0.6976247         4114.
        4116.     0.6960821         4118.
        4120.     0.6958894         4122.
        4124.     0.6935754         4126.
        4128.     0.6915509         4130.
        4132.      0.689719         4134.
        4136.     0.6849949         4138.
        4140.     0.6792104         4142.
        4144.     0.6686052         4146.
        4148.     0.6546257         4150.
        4152.     0.6340904         4154.
        4156.     0.6054565         4158.
        4160.     0.5698811         4162.
        4164.      0.527557         4166.
        4168.     0.4789662         4170.
        4172.     0.4270975         4174.
        4176.     0.3751324         4178.
        4180.     0.3241313         4182.
        4184.     0.2764083         4186.
        4188.     0.2330236         4190.
        4192.     0.1966769         4194.
        4196.     0.1643795         4198.
        4200.     0.1373846         4202.
        4204.     0.1148246         4206.
        4208.    0.09543653         4210.
        4212.    0.07965416         4214.
        4216.    0.06664842         4218.
        4220.     0.0559758         4222.
        4224.    0.04729887         4226.
        4228.    0.03995242         4230.
        4232.    0.03390749         4234.
        4236.    0.02885559         4238.
        4240.    0.02478708         4242.
        4244.    0.02137416         4246.
        4248.    0.01847221         4250.
        4260.    0.01099077         4270.
        4280.   0.006099878         4290.
        4300.   0.003635631         4310.
        4320.   0.002302277         4330.
        4340.   0.001539672         4350.
        4360.   0.001077867         4370.
        4380.   7.829478E-4         4390.
        4400.   5.889703E-4         4410.
        4420.   4.559242E-4         4430.
        4440.   3.619241E-4         4450.
        4460.   2.930872E-4         4470.
        4480.   2.437252E-4         4490.
        4500.   2.067036E-4         4510.
        4520.   1.785518E-4         4530.
        4540.   1.570523E-4         4550.
        4560.   1.403733E-4         4570.
        4580.   1.269723E-4         4590.
        4600.   1.160780E-4         4610.
        4620.   1.069190E-4         4630.
        4640.   9.872411E-5         4650.
        4660.   9.147407E-5         4670.
        4680.   8.515919E-5         4690.
        4700.   7.940349E-5         4710.
        4720.   7.465047E-5         4730.
        4740.   7.048555E-5         4750.
        4760.   6.664842E-5         4770.
        4780.   6.333191E-5         4790.
        4800.   6.021786E-5         4810.
        4820.   5.741232E-5         4830.
        4840.   5.518524E-5         4850.
        4860.   5.318955E-5         4870.
        4880.   5.184944E-5         4890.
        4900.   5.115529E-5         4910.
        4920.   5.133847E-5         4930.
        4940.   5.268821E-5         4950.
        4960.   5.486708E-5         4970.
        4980.   5.770155E-5         4990.
        5000.   6.069026E-5         5010.
        5020.   6.292698E-5         5030.
        5040.   6.483591E-5         5050.
        5060.   6.789211E-5         5070.
        5080.   7.300186E-5         5090.
        5100.   8.098462E-5         5110.
        5120.   9.347939E-5         5130.
        5140.   1.117395E-4         5150.
        5160.   1.409518E-4         5170.
        5180.   1.920493E-4         5190.
        5200.   2.954975E-4         5210.
        5220.   4.966093E-4         5230.
        5240.   7.176780E-4         5250.
        5260.   6.676411E-4         5270.
        5280.   3.721436E-4         5290.
        5300.   1.615836E-4         5310.
        5320.   7.912391E-5         5330.
        5340.   4.760739E-5         5350.
        5360.   3.419672E-5         5370.
        5380.   2.812287E-5         5390.
        5400.   2.592472E-5         5410.
        5420.   2.658995E-5         5430.
        5440.   3.009929E-5         5450.
        5460.   3.711795E-5         5470.
        5480.   4.937170E-5         5490.
        5500.   6.867303E-5         5510.
        5520.   9.718155E-5         5530.
        5540.   1.360349E-4         5550.
        5560.   1.851077E-4         5570.
        5580.   2.431467E-4         5590.
        5600.   3.079344E-4         5610.
        5620.   3.765785E-4         5630.
        5640.   4.428124E-4         5650.
        5660.   4.957416E-4         5670.
        5680.   5.215795E-4         5690.
        5700.   4.860042E-4         5710.
        5720.   4.213129E-4         5730.
        5740.   3.104411E-4         5750.
        5760.   1.967734E-4         5770.
        5780.   1.084616E-4         5790.
        5800.   5.453929E-5         5810.
        5820.   2.673457E-5         5830.
        5840.   1.355528E-5         5850.
        5860.   7.693539E-6         5870.
        5880.   5.076964E-6         5890.
        5900.   3.920042E-6         5910.
        5920.   3.534401E-6         5930.
        5940.   3.415816E-6         5950.
        5960.   3.495836E-6         5970.
        5980.   3.782175E-6         5990.
        6000.   4.132144E-6         6010.
        6020.   4.477293E-6         6030.
        6040.   4.941026E-6         6050.
        6060.   5.277498E-6         6070.
        6080.   5.664103E-6         6090.
        6100.   5.948513E-6         6110.
        6120.   6.035283E-6         6130.
        6140.   5.938873E-6         6150.
        6160.   5.672780E-6         6170.
        6180.   5.248575E-6         6190.
        6200.   4.643119E-6         6210.
        6220.   3.947036E-6         6230.
        6240.   3.336759E-6         6250.
        6260.   2.794934E-6         6270.
        6280.   2.311918E-6         6290.
        6300.   2.025580E-6         6310.
        6320.   1.864575E-6         6330.
        6340.   1.727672E-6         6350.
        6360.   1.623549E-6         6370.
        6380.   1.531959E-6         6390.
        6400.   1.495323E-6         6410.
        6420.   1.474113E-6         6430.
        6440.   1.467364E-6         6450.
        6460.   1.408554E-6         6470.
        6480.   1.384451E-6         6490.
        6500.   1.343959E-6         6510.
        6520.   1.406626E-6         6530.
        6540.   1.450010E-6         6550.
        6560.   1.478934E-6         6570.
        6580.   1.528103E-6         6590.
        6600.   1.659221E-6         6610.
        6620.   1.770093E-6         6630.
        6640.   1.963877E-6         6650.
        6660.   2.265641E-6         6670.
        6680.   2.827713E-6         6690.
        6700.   3.681908E-6         6710.
        6720.   5.067323E-6         6730.
        6740.   7.241375E-6         6750.
        6760.   1.041231E-5         6770.
        6780.   1.496287E-5         6790.
        6800.   2.127775E-5         6810.
        6820.   2.959795E-5         6830.
        6840.   4.013559E-5         6850.
        6860.   5.240862E-5         6870.
        6880.   6.577108E-5         6890.
        6900.   7.897929E-5         6910.
        6920.   9.057745E-5         6930.
        6940.   9.939899E-5         6950.
        6960.   1.040267E-4         6970.
        6980.   1.042195E-4         6990.
        7000.   9.949540E-5         7010.
        7020.   9.082811E-5         7030.
        7040.   7.995303E-5         7050.
        7060.   6.787282E-5         7070.
        7080.   5.573478E-5         7090.
        7100.   4.482114E-5         7110.
        7120.   3.547898E-5         7130.
        7140.   2.762154E-5         7150.
        7160.   2.128739E-5         7170.
        7180.   1.634154E-5         7190.
        7200.   1.271651E-5         7210.
        7220.   9.747078E-6         7230.
        7240.   7.633765E-6         7250.
        7260.   6.056493E-6         7270.
        7280.   4.812800E-6         7290.
        7300.   3.880513E-6         7310.
        7320.   3.231672E-6         7330.
        7340.   2.637785E-6         7350.
        7360.   2.310954E-6         7370.
        7380.   2.064144E-6         7390.
        7400.   1.866503E-6         7410.
        7420.   1.719959E-6         7430.
        7440.   1.600410E-6         7450.
        7460.   1.524246E-6         7470.
        7480.   1.474113E-6         7490.
        7500.   1.397949E-6         7510.
        7520.   1.327569E-6         7530.
        7540.   1.341067E-6         7550.
        7560.   1.306359E-6         7570.
        7580.   1.275508E-6         7590.
        7600.   1.218626E-6         7610.
        7620.   1.234051E-6         7630.
        7640.   1.253333E-6         7650.
        7660.   1.208985E-6         7670.
        7680.   1.193559E-6         7690.
        7700.   1.225374E-6         7710.
        7720.   1.226339E-6         7730.
        7740.   1.213805E-6         7750.
        7760.   1.181990E-6         7770.
        7780.   1.212841E-6         7790.
        7800.   1.201272E-6         7810.
        7820.   1.203200E-6         7830.
        7840.   1.220554E-6         7850.
        7860.   1.197416E-6         7870.
        7880.   1.218626E-6         7890.
        7900.   1.186810E-6         7910.
        7920.   1.217662E-6         7930.
        7940.   1.220554E-6         7950.
        7960.   1.260082E-6         7970.
        7980.   1.436513E-6         7990.
        8000.   4.743385E-6         8010.
        8020.   7.643406E-6         8030.
        8040.   7.305006E-6         8050.
        8060.   8.918914E-6         8070.
        8080.   1.088472E-5         8090.
        8100.   1.334318E-5         8110.
        8120.   8.344308E-6         8130.
        8140.   1.048944E-5         8150.
        8160.   3.971139E-6         8170.
        8180.   9.226463E-6         8190.
        8200.   9.776001E-6         8210.
        8220.   9.588001E-6         8230.
        8240.   1.127036E-5         8250.
        8260.   8.347201E-7         8270.
        8280.   3.191180E-6         8290.
        8300.   3.085129E-7         8310.
        8320.   1.894462E-6         8330.
        8340.   8.224760E-7         8350.
        8360.   2.367836E-6         8370.
        8380.   3.048493E-7         8390.
        8400.   4.467652E-7         8410.
        8420.   3.045600E-6         8430.
        8440.   1.316000E-6         8450.
        8460.   3.425457E-6         8470.
        8480.   1.742134E-6         8490.
        8500.   2.241539E-6         8510.
        8520.   1.101005E-6         8530.
        8540.   2.380370E-6         8550.
        8560.   7.289580E-6         8570.
        8580.   4.299898E-6         8590.
        8600.   1.705498E-6         8610.
        8620.   1.195487E-6         8630.
        8640.   5.193621E-7         8650.
        8660.   1.414339E-6         8670.
        8680.   3.839057E-6         8690.
        8700.   4.467652E-6         8710.
        8720.   7.957704E-6         8730.
        8740.   3.535365E-6         8750.
        8760.   5.320883E-6         8770.
        8780.   8.449396E-7         8790.
        8800.   3.715652E-7         8810.
        8820.   5.349806E-7         8830.
        8840.   5.535878E-6         8850.
        8860.   1.065333E-6         8870.
        8880.   2.458462E-6         8890.
        8900.   6.787283E-6         8910.
        8920.   6.442134E-6         8930.
        8940.   3.843877E-6         8950.
        8960.   1.563775E-6         8970.
        8980.   2.514380E-6         8990.
        9000.   8.279714E-6         9010.
        9020.   3.200821E-6         9030.
        9040.   8.201622E-7         9050.
        9060.   7.627981E-7         9070.
        9080.   3.181539E-6         9090.
        9100.   5.337273E-6         9110.
        9120.   9.032678E-7         9130.
        9140.   3.402318E-7         9150.
        9160.   3.502585E-6         9170.
        9180.   1.429764E-6         9190.
        9200.   2.505703E-6         9210.
        9220.   1.419159E-6         9230.
        9240.   1.216698E-6         9250.
        9260.   2.693703E-6         9270.
        9280.   3.681908E-7         9290.
        9300.   8.592083E-7         9310.
        9320.   5.458749E-6         9330.
        9340.   6.059385E-6         9350.
        9360.   3.957641E-6         9370.
        9380.   1.719959E-6         9390.
        9400.   1.386380E-6         9410.
        9420.   5.175303E-7         9430.
        9440.   4.649867E-7         9450.
        9460.   1.304431E-6         9470.
        9480.   1.209949E-6         9490.
        9500.   2.055467E-6         9510.
        9520.   3.176718E-6         9530.
        9540.   1.729600E-6         9550.
        9560.   4.348103E-6         9570.
        9580.   1.851077E-6         9590.
        9600.   1.859754E-6         9610.
        9620.   3.410031E-6         9630.
        9640.   3.191180E-6         9650.
        9660.   4.741457E-7         9670.
        9680.   3.074523E-6         9690.
        9700.   3.166113E-6         9710.
        9720.   2.497990E-6         9730.
        9740.   4.560206E-6         9750.
        9760.   2.361088E-6         9770.
        9780.   4.056944E-6         9790.
        9800.   3.707939E-6         9810.
        9820.   1.120287E-6         9830.
        9840.   1.886749E-6         9850.
        9860.   3.640452E-6         9870.
        9880.   1.779734E-6         9890.
        9900.   1.173313E-6         9910.
        9920.   3.865087E-6         9930.
        9940.   4.619980E-7         9950.
        9960.   1.399877E-6         9970.
        9980.   2.687918E-6         9990.
       10000.   1.147282E-6        10010.
       10020.   4.818585E-6        10030.
       10040.   1.531959E-6        10050.
       10060.   5.925375E-6        10070.
       10080.   3.326154E-6        10090.
       10100.   5.103960E-6        10110.
       10120.   3.781211E-6        10130.
       10140.   1.374810E-6        10150.
       10160.   1.558954E-6        10170.
       10180.   1.902175E-6        10190.
       10200.   2.771795E-6        10210.
       10220.   3.558503E-6        10230.
       10240.   3.463057E-6        10250.
       10260.   9.988104E-6        10270.
       10280.   3.914257E-6        10290.
       10300.   4.729888E-6        10310.
       10320.   5.404760E-6        10330.
       10340.   3.246134E-7        10350.
       10360.   2.773724E-6        10370.
       10380.   1.097149E-6        10390.
       10400.   5.911878E-6        10410.
       10420.   3.300123E-6        10430.
       10440.   2.034257E-6        10450.
       10460.   1.032554E-6        10470.
       10480.   1.068226E-6        10490.
       10500.   4.075262E-6        10510.
       10520.   2.092103E-6        10530.
       10540.   3.704082E-6        10550.
       10560.   7.357067E-6        10570.
       10580.   6.034319E-6        10590.
       10600.   5.300637E-6        10610.
       10620.   1.133785E-6        10630.
       10640.   1.864575E-6        10650.
       10660.   1.046051E-6        10670.
       10680.   6.723652E-6        10690.
       10700.   3.414852E-6        10710.
       10720.   2.414113E-6        10730.
       10740.   1.405662E-6        10750.
       10760.   1.561846E-6        10770.
       10780.   2.212616E-6        10790.
       10800.   1.333354E-6        10810.
       10820.   3.544041E-6        10830.
       10840.   3.517047E-6        10850.
       10860.   5.949478E-6        10870.
       10880.   1.065333E-6        10890.
       10900.   2.471959E-6        10910.
       10920.   1.641867E-6        10930.
       10940.   2.932800E-6        10950.
       10960.   4.294114E-6        10970.
       10980.   7.412986E-6        10990.
       11000.   1.916636E-6         INDEF
