        1216.    0.09039911
        1354.     0.1097523
        1487.     0.1260043
        1545.     0.1419788
        1648.     0.1489965
        1750.     0.1630151
        1879.     0.1621019
        2000.     0.1531722
        2138.     0.1513938
        2296.     0.1530783
        2537.     0.1617245
        2700.     0.1462659
        2900.      0.145923
        3100.     0.1252659
        4000.     0.1685859
        4200.     0.1620231
        4500.     0.1698851
        5000.     0.2511855
        5600.     0.3695843
        6000.     0.4177129
        6500.     0.4357367
        7000.     0.4385756
        7500.     0.4060155
        8000.     0.3440285
        8500.     0.2571251
        9000.     0.1671043
        9500.    0.08285966
       10000.     0.0296794
       10500.   0.004765696
       11000.   0.001046428
