        1850.   3.189252E-5            0.
        1860.   1.747918E-5            0.
        1870.   1.128000E-5            0.
        1880.   1.293826E-5            0.
        1890.   1.450975E-5            0.
        1900.   1.235980E-5            0.
        1910.   5.917662E-6            0.
        1920.   2.859529E-6            0.
        1930.   4.244944E-6            0.
        1940.   8.586298E-6            0.
        1950.   1.023877E-5            0.
        1960.   7.146893E-6            0.
        1970.   4.253621E-6            0.
        1980.   5.065395E-6            0.
        1990.   6.257991E-6            0.
        2000.   5.949478E-6            0.
        2010.   4.959345E-6            0.
        2020.   4.463795E-6            0.
        2030.   5.178195E-6            0.
        2040.   5.333416E-6            0.
        2050.   4.659508E-6            0.
        2060.   3.937395E-6            0.
        2070.   3.078380E-6            0.
        2080.   2.482564E-6            0.
        2090.   2.236718E-6            0.
        2100.   1.930134E-6            0.
        2110.   1.792267E-6            0.
        2120.   2.101744E-6            0.
        2130.   2.403508E-6            0.
        2140.   2.328308E-6            0.
        2150.   2.178872E-6            0.
        2160.   1.553169E-6            0.
        2170.   1.268759E-6            0.
        2180.   1.648616E-6            0.
        2190.   1.812513E-6            0.
        2200.   1.495323E-6            0.
        2210.   1.517498E-6            0.
        2220.   1.933990E-6            0.
        2230.   1.949416E-6            0.
        2240.   1.722851E-6            0.
        2250.   1.775877E-6            0.
        2260.   1.714175E-6            0.
        2270.   1.533887E-6            0.
        2280.   1.396985E-6            0.
        2290.   1.203200E-6            0.
        2300.   9.891693E-7            0.
        2310.   9.365294E-7            0.
        2320.   1.164636E-6            0.
        2330.   1.452903E-6            0.
        2340.   1.479898E-6            0.
        2350.   1.321785E-6            0.
        2360.   1.326605E-6            0.
        2370.   1.751775E-6            0.
        2380.   2.217436E-6            0.
        2390.   2.136451E-6            0.
        2400.   1.945559E-6            0.
        2410.   1.849149E-6            0.
        2420.   1.744062E-6            0.
        2430.   1.664041E-6            0.
        2440.   1.515569E-6            0.
        2450.   1.348780E-6            0.
        2460.   1.375775E-6            0.
        2470.   1.459651E-6            0.
        2480.   1.422051E-6            0.
        2490.   1.265867E-6            0.
        2500.   1.232123E-6            0.
        2510.   1.231159E-6            0.
        2520.   1.182954E-6            0.
        2530.   1.269723E-6            0.
        2540.   1.444226E-6            0.
        2550.   1.555098E-6            0.
        2560.   1.493395E-6            0.
        2570.   1.333354E-6            0.
        2580.   1.342031E-6            0.
        2590.   1.452903E-6            0.
        2600.   1.474113E-6            0.
        2610.   1.415303E-6            0.
        2620.   1.369026E-6            0.
        2630.   1.367098E-6            0.
        2640.   1.322749E-6            0.
        2650.   1.349744E-6            0.
        2660.   1.396021E-6            0.
        2670.   1.393128E-6            0.
        2680.   1.424944E-6            0.
        2690.   1.363241E-6            0.
        2700.   1.332390E-6            0.
        2710.   1.333354E-6            0.
        2720.   1.345887E-6            0.
        2730.   1.396985E-6            0.
        2740.   1.378667E-6            0.
        2750.   1.363241E-6            0.
        2760.   1.249477E-6            0.
        2770.   1.260082E-6            0.
        2780.   1.438441E-6            0.
        2790.   1.540636E-6            0.
        2800.   1.454831E-6            0.
        2810.   1.299610E-6            0.
        2820.   1.223446E-6            0.
        2830.   1.264903E-6            0.
        2840.   1.323713E-6            0.
        2850.   1.288041E-6            0.
        2860.   1.243693E-6            0.
        2870.   1.377703E-6            0.
        2880.   1.384451E-6            0.
        2890.   1.326605E-6            0.
        2900.   1.244657E-6            0.
        2910.   1.122216E-6            0.
        2920.   1.233087E-6            0.
        2930.   1.342995E-6            0.
        2940.   1.409518E-6            0.
        2950.   1.561846E-6            0.
        2960.   1.558954E-6            0.
        2970.   1.402769E-6            0.
        2980.   1.219590E-6            0.
        2990.   1.208985E-6            0.
        3000.   1.174277E-6            0.
        3010.   1.197416E-6            0.
        3020.   1.333354E-6            0.
        3030.   1.337210E-6            0.
        3040.   1.336246E-6            0.
        3050.   1.482790E-6            0.
        3060.   1.501108E-6            0.
        3070.   1.436513E-6            0.
        3080.   1.368062E-6            0.
        3090.   1.231159E-6            0.
        3100.   1.115467E-6            0.
        3110.   9.949540E-7            0.
        3120.   1.020985E-6            0.
        3130.   1.049908E-6            0.
        3140.   9.669950E-7            0.
        3150.   1.074010E-6            0.
        3160.   1.274544E-6            0.
        3170.   1.452903E-6            0.
        3180.   1.593662E-6            0.
        3190.   1.489539E-6            0.
        3200.   1.391200E-6            0.
        3210.   1.485682E-6            0.
        3220.   1.498216E-6            0.
        3230.   1.583057E-6            0.
        3240.   1.788410E-6            0.
        3250.   1.911816E-6            0.
        3260.   2.035221E-6            0.
        3270.   2.219364E-6            0.
        3280.   2.355303E-6            0.
        3290.   2.557764E-6            0.
        3300.   2.738052E-6            0.
        3310.   2.912554E-6            0.
        3320.   3.146831E-6            0.
        3330.   3.128513E-6            0.
        3340.   3.135262E-6            0.
        3350.   3.304944E-6            0.
        3360.   3.294339E-6            0.
        3370.   3.491980E-6            0.
        3380.   3.889190E-6            0.
        3390.   4.001026E-6            0.
        3400.   3.921970E-6            0.
        3410.   3.964391E-6            0.
        3420.   3.721437E-6            0.
        3430.   3.598995E-6            0.
        3440.   3.520903E-6            0.
        3450.   3.544041E-6            0.
        3460.   3.620206E-6            0.
        3470.   3.711795E-6            0.
        3480.   3.732041E-6            0.
        3490.   3.732041E-6            0.
        3500.   3.802421E-6            0.
        3510.   3.783139E-6            0.
        3520.   3.725293E-6            0.
        3530.   3.759036E-6            0.
        3540.   3.949929E-6            0.
        3550.   4.249765E-6            0.
        3560.   4.332678E-6            0.
        3570.   4.404021E-6            0.
        3580.   4.684575E-6            0.
        3590.   5.008514E-6            0.
        3600.   5.381621E-6            0.
        3610.   5.630360E-6            0.
        3620.   5.853067E-6            0.
        3630.   6.337047E-6            0.
        3640.   7.017703E-6            0.
        3650.   7.732104E-6            0.
        3660.   8.713560E-6            0.
        3670.   1.006523E-5            0.
        3680.   1.152103E-5            0.
        3690.   1.335282E-5            0.
        3700.   1.573416E-5            0.
        3710.   1.878072E-5            0.
        3720.   2.277210E-5            0.
        3730.   2.794934E-5            0.
        3740.   3.494872E-5            0.
        3750.   4.421375E-5            0.
        3760.   5.631324E-5            0.
        3770.   7.266442E-5            0.
        3780.   9.523406E-5            0.
        3790.   1.272616E-4            0.
        3800.   1.725744E-4            0.
        3810.   2.370729E-4            0.
        3820.   3.312657E-4            0.
        3830.   4.706749E-4            0.
        3840.   6.795960E-4            0.
        3850.   9.978462E-4            0.
        3860.   0.001498215            0.
        3870.   0.002297457            0.
        3880.    0.00360478            0.
        3890.   0.005796186            0.
        3900.   0.009583181            0.
        3910.    0.01624513            0.
        3920.    0.02509559            0.
        3948.    0.02624287            0.
        3950.    0.02939549            0.
        3952.    0.03306872            0.
        3954.    0.03715651            0.
        3956.    0.04170708            0.
        3958.    0.04672042            0.
        3960.    0.05239898            0.
        3962.     0.0589838            0.
        3964.    0.06623386            0.
        3966.    0.07461191            0.
        3968.     0.0833756            0.
        3970.    0.09382647            0.
        3972.       0.10528            0.
        3974.     0.1182954            0.
        3976.     0.1326605            0.
        3978.      0.148279            0.
        3980.     0.1657293            0.
        3982.     0.1849149            0.
        3984.     0.2052575            0.
        3986.     0.2280103            0.
        3988.     0.2515344            0.
        3990.     0.2766975            0.
        3992.     0.3029211            0.
        3994.     0.3295303            0.
        3996.     0.3572964            0.
        3998.     0.3833272            0.
        4000.     0.4108042            0.
        4002.     0.4365457            0.
        4004.     0.4601662            0.
        4006.     0.4827262            0.
        4008.     0.5051898            0.
        4010.     0.5239898            0.
        4012.     0.5415365            0.
        4014.     0.5564801            0.
        4016.     0.5702667            0.
        4018.      0.581836            0.
        4020.     0.5922483            0.
        4022.     0.5995755            0.
        4024.     0.6077703            0.
        4026.      0.613555            0.
        4028.      0.619436            0.
        4030.     0.6239672            0.
        4032.     0.6289806            0.
        4034.     0.6320657            0.
        4036.      0.636115            0.
        4038.     0.6380432            0.
        4040.     0.6412247            0.
        4042.     0.6436349            0.
        4044.     0.6468165            0.
        4046.     0.6497088            0.
        4048.     0.6519262            0.
        4050.     0.6550114            0.
        4052.     0.6577109            0.
        4054.     0.6615673            0.
        4056.      0.663399            0.
        4058.      0.666677            0.
        4060.     0.6695693            0.
        4062.     0.6717867            0.
        4064.     0.6743898            0.
        4066.     0.6778606            0.
        4068.     0.6806565            0.
        4070.     0.6824883            0.
        4072.     0.6866339            0.
        4074.     0.6881765            0.
        4076.      0.689237            0.
        4078.      0.692515            0.
        4080.     0.6938647            0.
        4082.     0.6961786            0.
        4084.     0.6968535            0.
        4086.     0.6977211            0.
        4088.     0.6991673            0.
        4090.     0.7002278            0.
        4092.     0.7002278            0.
        4094.     0.7004206            0.
        4096.     0.7001314            0.
        4098.     0.7014811            0.
        4100.     0.6999385            0.
        4102.     0.6998422            0.
        4104.     0.6997457            0.
        4106.     0.6997457            0.
        4108.     0.6991673            0.
        4110.     0.6982996            0.
        4112.     0.6976247            0.
        4114.     0.6968535            0.
        4116.     0.6960821            0.
        4118.     0.6953108            0.
        4120.     0.6958894            0.
        4122.      0.694636            0.
        4124.     0.6935754            0.
        4126.     0.6933827            0.
        4128.     0.6915509            0.
        4130.     0.6907796            0.
        4132.      0.689719            0.
        4134.     0.6880801            0.
        4136.     0.6849949            0.
        4138.     0.6825847            0.
        4140.     0.6792104            0.
        4142.     0.6743898            0.
        4144.     0.6686052            0.
        4146.     0.6625314            0.
        4148.     0.6546257            0.
        4150.     0.6455632            0.
        4152.     0.6340904            0.
        4154.     0.6204001            0.
        4156.     0.6054565            0.
        4158.     0.5879098            0.
        4160.     0.5698811            0.
        4162.     0.5498278            0.
        4164.      0.527557            0.
        4166.     0.5032616            0.
        4168.     0.4789662            0.
        4170.     0.4539959            0.
        4172.     0.4270975            0.
        4174.     0.4015488            0.
        4176.     0.3751324            0.
        4178.     0.3493908            0.
        4180.     0.3241313            0.
        4182.      0.299161            0.
        4184.     0.2764083            0.
        4186.     0.2537518            0.
        4188.     0.2330236            0.
        4190.     0.2141272            0.
        4192.     0.1966769            0.
        4194.      0.179998            0.
        4196.     0.1643795            0.
        4198.     0.1501108            0.
        4200.     0.1373846            0.
        4202.     0.1254297            0.
        4204.     0.1148246            0.
        4206.     0.1046051            0.
        4208.    0.09543653            0.
        4210.    0.08738627            0.
        4212.    0.07965416            0.
        4214.     0.0728958            0.
        4216.    0.06664842            0.
        4218.    0.06094093            0.
        4220.     0.0559758            0.
        4222.    0.05144452            0.
        4224.    0.04729887            0.
        4226.    0.04346175            0.
        4228.    0.03995242            0.
        4230.    0.03686729            0.
        4232.    0.03390749            0.
        4234.    0.03115016            0.
        4236.    0.02885559            0.
        4238.    0.02681169            0.
        4240.    0.02478708            0.
        4242.    0.02299385            0.
        4244.    0.02137416            0.
        4246.    0.01989908            0.
        4248.    0.01847221            0.
        4250.    0.01522318            0.
        4260.    0.01099077            0.
        4270.   0.008106175            0.
        4280.   0.006099878            0.
        4290.   0.004672042            0.
        4300.   0.003635631            0.
        4310.   0.002872062            0.
        4320.   0.002302277            0.
        4330.   0.001871323            0.
        4340.   0.001539672            0.
        4350.   0.001281292            0.
        4360.   0.001077867            0.
        4370.   9.150298E-4            0.
        4380.   7.829478E-4            0.
        4390.   6.759324E-4            0.
        4400.   5.889703E-4            0.
        4410.   5.165662E-4            0.
        4420.   4.559242E-4            0.
        4430.   4.052124E-4            0.
        4440.   3.619241E-4            0.
        4450.   3.247098E-4            0.
        4460.   2.930872E-4            0.
        4470.   2.664780E-4            0.
        4480.   2.437252E-4            0.
        4490.   2.238646E-4            0.
        4500.   2.067036E-4            0.
        4510.   1.916636E-4            0.
        4520.   1.785518E-4            0.
        4530.   1.670790E-4            0.
        4540.   1.570523E-4            0.
        4550.   1.482790E-4            0.
        4560.   1.403733E-4            0.
        4570.   1.333354E-4            0.
        4580.   1.269723E-4            0.
        4590.   1.211877E-4            0.
        4600.   1.160780E-4            0.
        4610.   1.114503E-4            0.
        4620.   1.069190E-4            0.
        4630.   1.025805E-4            0.
        4640.   9.872411E-5            0.
        4650.   9.502196E-5            0.
        4660.   9.147407E-5            0.
        4670.   8.820576E-5            0.
        4680.   8.515919E-5            0.
        4690.   8.224760E-5            0.
        4700.   7.940349E-5            0.
        4710.   7.684863E-5            0.
        4720.   7.465047E-5            0.
        4730.   7.252944E-5            0.
        4740.   7.048555E-5            0.
        4750.   6.848986E-5            0.
        4760.   6.664842E-5            0.
        4770.   6.497088E-5            0.
        4780.   6.333191E-5            0.
        4790.   6.173149E-5            0.
        4800.   6.021786E-5            0.
        4810.   5.879098E-5            0.
        4820.   5.741232E-5            0.
        4830.   5.622647E-5            0.
        4840.   5.518524E-5            0.
        4850.   5.412472E-5            0.
        4860.   5.318955E-5            0.
        4870.   5.243754E-5            0.
        4880.   5.184944E-5            0.
        4890.   5.145416E-5            0.
        4900.   5.115529E-5            0.
        4910.   5.110708E-5            0.
        4920.   5.133847E-5            0.
        4930.   5.186872E-5            0.
        4940.   5.268821E-5            0.
        4950.   5.367160E-5            0.
        4960.   5.486708E-5            0.
        4970.   5.619755E-5            0.
        4980.   5.770155E-5            0.
        4990.   5.926339E-5            0.
        5000.   6.069026E-5            0.
        5010.   6.193396E-5            0.
        5020.   6.292698E-5            0.
        5030.   6.381395E-5            0.
        5040.   6.483591E-5            0.
        5050.   6.616637E-5            0.
        5060.   6.789211E-5            0.
        5070.   7.016739E-5            0.
        5080.   7.300186E-5            0.
        5090.   7.654975E-5            0.
        5100.   8.098462E-5            0.
        5110.   8.657642E-5            0.
        5120.   9.347939E-5            0.
        5130.   1.017128E-4            0.
        5140.   1.117395E-4            0.
        5150.   1.245621E-4            0.
        5160.   1.409518E-4            0.
        5170.   1.624513E-4            0.
        5180.   1.920493E-4            0.
        5190.   2.343734E-4            0.
        5200.   2.954975E-4            0.
        5210.   3.824595E-4            0.
        5220.   4.966093E-4            0.
        5230.   6.214606E-4            0.
        5240.   7.176780E-4            0.
        5250.   7.398524E-4            0.
        5260.   6.676411E-4            0.
        5270.   5.269785E-4            0.
        5280.   3.721436E-4            0.
        5290.   2.462318E-4            0.
        5300.   1.615836E-4            0.
        5310.   1.101005E-4            0.
        5320.   7.912391E-5            0.
        5330.   5.989970E-5            0.
        5340.   4.760739E-5            0.
        5350.   3.956677E-5            0.
        5360.   3.419672E-5            0.
        5370.   3.057169E-5            0.
        5380.   2.812287E-5            0.
        5390.   2.659959E-5            0.
        5400.   2.592472E-5            0.
        5410.   2.596329E-5            0.
        5420.   2.658995E-5            0.
        5430.   2.794934E-5            0.
        5440.   3.009929E-5            0.
        5450.   3.307836E-5            0.
        5460.   3.711795E-5            0.
        5470.   4.249765E-5            0.
        5480.   4.937170E-5            0.
        5490.   5.798113E-5            0.
        5500.   6.867303E-5            0.
        5510.   8.171734E-5            0.
        5520.   9.718155E-5            0.
        5530.   1.152103E-4            0.
        5540.   1.360349E-4            0.
        5550.   1.594626E-4            0.
        5560.   1.851077E-4            0.
        5570.   2.129703E-4            0.
        5580.   2.431467E-4            0.
        5590.   2.748657E-4            0.
        5600.   3.079344E-4            0.
        5610.   3.420636E-4            0.
        5620.   3.765785E-4            0.
        5630.   4.106113E-4            0.
        5640.   4.428124E-4            0.
        5650.   4.718319E-4            0.
        5660.   4.957416E-4            0.
        5670.   5.126134E-4            0.
        5680.   5.215795E-4            0.
        5690.   5.226401E-4            0.
        5700.   4.860042E-4            0.
        5710.   4.641190E-4            0.
        5720.   4.213129E-4            0.
        5730.   3.686729E-4            0.
        5740.   3.104411E-4            0.
        5750.   2.519200E-4            0.
        5760.   1.967734E-4            0.
        5770.   1.483754E-4            0.
        5780.   1.084616E-4            0.
        5790.   7.741745E-5            0.
        5800.   5.453929E-5            0.
        5810.   3.819775E-5            0.
        5820.   2.673457E-5            0.
        5830.   1.884821E-5            0.
        5840.   1.355528E-5            0.
        5850.   1.004595E-5            0.
        5860.   7.693539E-6            0.
        5870.   6.113375E-6            0.
        5880.   5.076964E-6            0.
        5890.   4.374134E-6            0.
        5900.   3.920042E-6            0.
        5910.   3.674195E-6            0.
        5920.   3.534401E-6            0.
        5930.   3.451488E-6            0.
        5940.   3.415816E-6            0.
        5950.   3.422565E-6            0.
        5960.   3.495836E-6            0.
        5970.   3.633703E-6            0.
        5980.   3.782175E-6            0.
        5990.   3.952821E-6            0.
        6000.   4.132144E-6            0.
        6010.   4.296042E-6            0.
        6020.   4.477293E-6            0.
        6030.   4.705786E-6            0.
        6040.   4.941026E-6            0.
        6050.   5.125170E-6            0.
        6060.   5.277498E-6            0.
        6070.   5.475139E-6            0.
        6080.   5.664103E-6            0.
        6090.   5.817396E-6            0.
        6100.   5.948513E-6            0.
        6110.   6.009252E-6            0.
        6120.   6.035283E-6            0.
        6130.   6.015036E-6            0.
        6140.   5.938873E-6            0.
        6150.   5.825108E-6            0.
        6160.   5.672780E-6            0.
        6170.   5.500206E-6            0.
        6180.   5.248575E-6            0.
        6190.   4.955488E-6            0.
        6200.   4.643119E-6            0.
        6210.   4.286400E-6            0.
        6220.   3.947036E-6            0.
        6230.   3.640452E-6            0.
        6240.   3.336759E-6            0.
        6250.   3.043672E-6            0.
        6260.   2.794934E-6            0.
        6270.   2.551016E-6            0.
        6280.   2.311918E-6            0.
        6290.   2.125847E-6            0.
        6300.   2.025580E-6            0.
        6310.   1.940739E-6            0.
        6320.   1.864575E-6            0.
        6330.   1.801908E-6            0.
        6340.   1.727672E-6            0.
        6350.   1.662113E-6            0.
        6360.   1.623549E-6            0.
        6370.   1.571487E-6            0.
        6380.   1.531959E-6            0.
        6390.   1.518462E-6            0.
        6400.   1.495323E-6            0.
        6410.   1.463508E-6            0.
        6420.   1.474113E-6            0.
        6430.   1.490503E-6            0.
        6440.   1.467364E-6            0.
        6450.   1.436513E-6            0.
        6460.   1.408554E-6            0.
        6470.   1.397949E-6            0.
        6480.   1.384451E-6            0.
        6490.   1.363241E-6            0.
        6500.   1.343959E-6            0.
        6510.   1.364205E-6            0.
        6520.   1.406626E-6            0.
        6530.   1.423980E-6            0.
        6540.   1.450010E-6            0.
        6550.   1.478934E-6            0.
        6560.   1.478934E-6            0.
        6570.   1.479898E-6            0.
        6580.   1.528103E-6            0.
        6590.   1.608123E-6            0.
        6600.   1.659221E-6            0.
        6610.   1.704533E-6            0.
        6620.   1.770093E-6            0.
        6630.   1.849149E-6            0.
        6640.   1.963877E-6            0.
        6650.   2.095959E-6            0.
        6660.   2.265641E-6            0.
        6670.   2.499918E-6            0.
        6680.   2.827713E-6            0.
        6690.   3.219139E-6            0.
        6700.   3.681908E-6            0.
        6710.   4.282544E-6            0.
        6720.   5.067323E-6            0.
        6730.   6.054565E-6            0.
        6740.   7.241375E-6            0.
        6750.   8.674032E-6            0.
        6760.   1.041231E-5            0.
        6770.   1.250441E-5            0.
        6780.   1.496287E-5            0.
        6790.   1.784554E-5            0.
        6800.   2.127775E-5            0.
        6810.   2.520164E-5            0.
        6820.   2.959795E-5            0.
        6830.   3.459200E-5            0.
        6840.   4.013559E-5            0.
        6850.   4.606483E-5            0.
        6860.   5.240862E-5            0.
        6870.   5.905129E-5            0.
        6880.   6.577108E-5            0.
        6890.   7.244268E-5            0.
        6900.   7.897929E-5            0.
        6910.   8.505314E-5            0.
        6920.   9.057745E-5            0.
        6930.   9.538832E-5            0.
        6940.   9.939899E-5            0.
        6950.   1.022913E-4            0.
        6960.   1.040267E-4            0.
        6970.   1.047015E-4            0.
        6980.   1.042195E-4            0.
        6990.   1.024841E-4            0.
        7000.   9.949540E-5            0.
        7010.   9.554257E-5            0.
        7020.   9.082811E-5            0.
        7030.   8.558339E-5            0.
        7040.   7.995303E-5            0.
        7050.   7.394668E-5            0.
        7060.   6.787282E-5            0.
        7070.   6.184719E-5            0.
        7080.   5.573478E-5            0.
        7090.   5.000801E-5            0.
        7100.   4.482114E-5            0.
        7110.   3.996205E-5            0.
        7120.   3.547898E-5            0.
        7130.   3.134298E-5            0.
        7140.   2.762154E-5            0.
        7150.   2.432431E-5            0.
        7160.   2.128739E-5            0.
        7170.   1.864575E-5            0.
        7180.   1.634154E-5            0.
        7190.   1.438441E-5            0.
        7200.   1.271651E-5            0.
        7210.   1.111610E-5            0.
        7220.   9.747078E-6            0.
        7230.   8.601724E-6            0.
        7240.   7.633765E-6            0.
        7250.   6.799816E-6            0.
        7260.   6.056493E-6            0.
        7270.   5.426934E-6            0.
        7280.   4.812800E-6            0.
        7290.   4.261334E-6            0.
        7300.   3.880513E-6            0.
        7310.   3.568144E-6            0.
        7320.   3.231672E-6            0.
        7330.   2.920267E-6            0.
        7340.   2.637785E-6            0.
        7350.   2.428575E-6            0.
        7360.   2.310954E-6            0.
        7370.   2.189477E-6            0.
        7380.   2.064144E-6            0.
        7390.   1.953272E-6            0.
        7400.   1.866503E-6            0.
        7410.   1.789375E-6            0.
        7420.   1.719959E-6            0.
        7430.   1.655364E-6            0.
        7440.   1.600410E-6            0.
        7450.   1.554134E-6            0.
        7460.   1.524246E-6            0.
        7470.   1.511713E-6            0.
        7480.   1.474113E-6            0.
        7490.   1.428800E-6            0.
        7500.   1.397949E-6            0.
        7510.   1.348780E-6            0.
        7520.   1.327569E-6            0.
        7530.   1.351672E-6            0.
        7540.   1.341067E-6            0.
        7550.   1.323713E-6            0.
        7560.   1.306359E-6            0.
        7570.   1.275508E-6            0.
        7580.   1.275508E-6            0.
        7590.   1.253333E-6            0.
        7600.   1.218626E-6            0.
        7610.   1.213805E-6            0.
        7620.   1.234051E-6            0.
        7630.   1.263939E-6            0.
        7640.   1.253333E-6            0.
        7650.   1.227303E-6            0.
        7660.   1.208985E-6            0.
        7670.   1.211877E-6            0.
        7680.   1.193559E-6            0.
        7690.   1.188739E-6            0.
        7700.   1.225374E-6            0.
        7710.   1.235015E-6            0.
        7720.   1.226339E-6            0.
        7730.   1.228267E-6            0.
        7740.   1.213805E-6            0.
        7750.   1.196451E-6            0.
        7760.   1.181990E-6            0.
        7770.   1.188739E-6            0.
        7780.   1.212841E-6            0.
        7790.   1.220554E-6            0.
        7800.   1.201272E-6            0.
        7810.   1.182954E-6            0.
        7820.   1.203200E-6            0.
        7830.   1.230195E-6            0.
        7840.   1.220554E-6            0.
        7850.   1.200308E-6            0.
        7860.   1.197416E-6            0.
        7870.   1.211877E-6            0.
        7880.   1.218626E-6            0.
        7890.   1.211877E-6            0.
        7900.   1.186810E-6            0.
        7910.   1.201272E-6            0.
        7920.   1.217662E-6            0.
        7930.   1.212841E-6            0.
        7940.   1.220554E-6            0.
        7950.   1.233087E-6            0.
        7960.   1.260082E-6            0.
        7970.   1.331426E-6            0.
        7980.   1.436513E-6            0.
        7990.   1.438441E-6            0.
        8000.   4.743385E-6            0.
        8010.   8.709703E-6            0.
        8020.   7.643406E-6            0.
        8030.   8.655714E-6            0.
        8040.   7.305006E-6            0.
        8050.   7.199919E-6            0.
        8060.   8.918914E-6            0.
        8070.   1.003631E-5            0.
        8080.   1.088472E-5            0.
        8090.   1.449046E-5            0.
        8100.   1.334318E-5            0.
        8110.   9.650667E-6            0.
        8120.   8.344308E-6            0.
        8130.   1.136677E-5            0.
        8140.   1.048944E-5            0.
        8150.   3.570072E-6            0.
        8160.   3.971139E-6            0.
        8170.   7.440945E-6            0.
        8180.   9.226463E-6            0.
        8190.   1.177169E-5            0.
        8200.   9.776001E-6            0.
        8210.   5.743160E-6            0.
        8220.   9.588001E-6            0.
        8230.   1.568595E-5            0.
        8240.   1.127036E-5            0.
        8250.   4.166852E-6            0.
        8260.   8.347201E-7            0.
        8270.   1.395057E-6            0.
        8280.   3.191180E-6            0.
        8290.   1.007487E-6            0.
        8300.   3.085129E-7            0.
        8310.   4.459939E-7            0.
        8320.   1.894462E-6            0.
        8330.   3.146831E-6            0.
        8340.   8.224760E-7            0.
        8350.   6.270524E-7            0.
        8360.   2.367836E-6            0.
        8370.   9.756719E-7            0.
        8380.   3.048493E-7            0.
        8390.   3.677088E-7            0.
        8400.   4.467652E-7            0.
        8410.   1.184882E-6            0.
        8420.   3.045600E-6            0.
        8430.   2.030400E-6            0.
        8440.   1.316000E-6            0.
        8450.   2.890380E-6            0.
        8460.   3.425457E-6            0.
        8470.   1.404698E-6            0.
        8480.   1.742134E-6            0.
        8490.   2.092103E-6            0.
        8500.   2.241539E-6            0.
        8510.   1.382523E-6            0.
        8520.   1.101005E-6            0.
        8530.   1.488575E-6            0.
        8540.   2.380370E-6            0.
        8550.   3.606708E-6            0.
        8560.   7.289580E-6            0.
        8570.   8.437827E-6            0.
        8580.   4.299898E-6            0.
        8590.   1.131856E-6            0.
        8600.   1.705498E-6            0.
        8610.   2.387118E-6            0.
        8620.   1.195487E-6            0.
        8630.   1.204164E-6            0.
        8640.   5.193621E-7            0.
        8650.   5.087570E-7            0.
        8660.   1.414339E-6            0.
        8670.   2.180800E-6            0.
        8680.   3.839057E-6            0.
        8690.   4.367385E-6            0.
        8700.   4.467652E-6            0.
        8710.   6.908760E-6            0.
        8720.   7.957704E-6            0.
        8730.   3.705047E-6            0.
        8740.   3.535365E-6            0.
        8750.   7.428411E-6            0.
        8760.   5.320883E-6            0.
        8770.   1.627405E-6            0.
        8780.   8.449396E-7            0.
        8790.   7.818873E-7            0.
        8800.   3.715652E-7            0.
        8810.   3.048493E-7            0.
        8820.   5.349806E-7            0.
        8830.   2.388082E-6            0.
        8840.   5.535878E-6            0.
        8850.   2.718770E-6            0.
        8860.   1.065333E-6            0.
        8870.   1.114503E-6            0.
        8880.   2.458462E-6            0.
        8890.   5.037437E-6            0.
        8900.   6.787283E-6            0.
        8910.   6.331262E-6            0.
        8920.   6.442134E-6            0.
        8930.   6.327406E-6            0.
        8940.   3.843877E-6            0.
        8950.   2.067036E-6            0.
        8960.   1.563775E-6            0.
        8970.   1.248513E-6            0.
        8980.   2.514380E-6            0.
        8990.   5.214832E-6            0.
        9000.   8.279714E-6            0.
        9010.   5.398975E-6            0.
        9020.   3.200821E-6            0.
        9030.   3.083200E-6            0.
        9040.   8.201622E-7            0.
        9050.   3.590318E-7            0.
        9060.   7.627981E-7            0.
        9070.   2.886523E-6            0.
        9080.   3.181539E-6            0.
        9090.   2.712021E-6            0.
        9100.   5.337273E-6            0.
        9110.   4.923672E-6            0.
        9120.   9.032678E-7            0.
        9130.   3.048493E-7            0.
        9140.   3.402318E-7            0.
        9150.   1.607159E-6            0.
        9160.   3.502585E-6            0.
        9170.   1.669826E-6            0.
        9180.   1.429764E-6            0.
        9190.   1.386380E-6            0.
        9200.   2.505703E-6            0.
        9210.   3.298195E-6            0.
        9220.   1.419159E-6            0.
        9230.   1.372882E-6            0.
        9240.   1.216698E-6            0.
        9250.   9.363366E-7            0.
        9260.   2.693703E-6            0.
        9270.   1.505928E-6            0.
        9280.   3.681908E-7            0.
        9290.   3.048493E-7            0.
        9300.   8.592083E-7            0.
        9310.   3.664554E-6            0.
        9320.   5.458749E-6            0.
        9330.   7.257765E-6            0.
        9340.   6.059385E-6            0.
        9350.   3.243241E-6            0.
        9360.   3.957641E-6            0.
        9370.   4.881252E-6            0.
        9380.   1.719959E-6            0.
        9390.   9.279489E-7            0.
        9400.   1.386380E-6            0.
        9410.   7.348390E-7            0.
        9420.   5.175303E-7            0.
        9430.   6.145190E-7            0.
        9440.   4.649867E-7            0.
        9450.   7.614483E-7            0.
        9460.   1.304431E-6            0.
        9470.   8.348165E-7            0.
        9480.   1.209949E-6            0.
        9490.   3.733970E-6            0.
        9500.   2.055467E-6            0.
        9510.   1.156923E-6            0.
        9520.   3.176718E-6            0.
        9530.   4.018380E-6            0.
        9540.   1.729600E-6            0.
        9550.   1.932062E-6            0.
        9560.   4.348103E-6            0.
        9570.   3.603816E-6            0.
        9580.   1.851077E-6            0.
        9590.   1.337210E-6            0.
        9600.   1.859754E-6            0.
        9610.   1.962913E-6            0.
        9620.   3.410031E-6            0.
        9630.   5.674709E-6            0.
        9640.   3.191180E-6            0.
        9650.   8.960371E-7            0.
        9660.   4.741457E-7            0.
        9670.   9.127160E-7            0.
        9680.   3.074523E-6            0.
        9690.   4.353888E-6            0.
        9700.   3.166113E-6            0.
        9710.   2.425682E-6            0.
        9720.   2.497990E-6            0.
        9730.   4.171673E-6            0.
        9740.   4.560206E-6            0.
        9750.   2.460390E-6            0.
        9760.   2.361088E-6            0.
        9770.   4.335570E-6            0.
        9780.   4.056944E-6            0.
        9790.   2.121990E-6            0.
        9800.   3.707939E-6            0.
        9810.   4.033805E-6            0.
        9820.   1.120287E-6            0.
        9830.   6.281129E-7            0.
        9840.   1.886749E-6            0.
        9850.   4.716390E-6            0.
        9860.   3.640452E-6            0.
        9870.   4.006811E-6            0.
        9880.   1.779734E-6            0.
        9890.   4.936206E-7            0.
        9900.   1.173313E-6            0.
        9910.   3.269272E-6            0.
        9920.   3.865087E-6            0.
        9930.   2.036185E-6            0.
        9940.   4.619980E-7            0.
        9950.   3.660698E-7            0.
        9960.   1.399877E-6            0.
        9970.   5.929232E-6            0.
        9980.   2.687918E-6            0.
        9990.   5.164698E-7            0.
       10000.   1.147282E-6            0.
       10010.   5.893560E-6            0.
       10020.   4.818585E-6            0.
       10030.   1.423016E-6            0.
       10040.   1.531959E-6            0.
       10050.   3.000288E-6            0.
       10060.   5.925375E-6            0.
       10070.   5.601436E-6            0.
       10080.   3.326154E-6            0.
       10090.   3.508370E-6            0.
       10100.   5.103960E-6            0.
       10110.   4.911139E-6            0.
       10120.   3.781211E-6            0.
       10130.   1.826975E-6            0.
       10140.   1.374810E-6            0.
       10150.   1.622585E-6            0.
       10160.   1.558954E-6            0.
       10170.   2.068964E-6            0.
       10180.   1.902175E-6            0.
       10190.   1.693928E-6            0.
       10200.   2.771795E-6            0.
       10210.   3.271201E-6            0.
       10220.   3.558503E-6            0.
       10230.   4.928493E-6            0.
       10240.   3.463057E-6            0.
       10250.   6.133621E-6            0.
       10260.   9.988104E-6            0.
       10270.   7.252945E-6            0.
       10280.   3.914257E-6            0.
       10290.   2.741908E-6            0.
       10300.   4.729888E-6            0.
       10310.   6.821991E-6            0.
       10320.   5.404760E-6            0.
       10330.   1.072082E-6            0.
       10340.   3.246134E-7            0.
       10350.   8.252719E-7            0.
       10360.   2.773724E-6            0.
       10370.   2.076677E-6            0.
       10380.   1.097149E-6            0.
       10390.   3.239385E-6            0.
       10400.   5.911878E-6            0.
       10410.   3.251918E-6            0.
       10420.   3.300123E-6            0.
       10430.   2.421826E-6            0.
       10440.   2.034257E-6            0.
       10450.   2.350482E-6            0.
       10460.   1.032554E-6            0.
       10470.   5.789437E-7            0.
       10480.   1.068226E-6            0.
       10490.   2.136451E-6            0.
       10500.   4.075262E-6            0.
       10510.   4.349067E-6            0.
       10520.   2.092103E-6            0.
       10530.   1.427836E-6            0.
       10540.   3.704082E-6            0.
       10550.   7.977950E-6            0.
       10560.   7.357067E-6            0.
       10570.   6.134585E-6            0.
       10580.   6.034319E-6            0.
       10590.   6.022749E-6            0.
       10600.   5.300637E-6            0.
       10610.   1.547385E-6            0.
       10620.   1.133785E-6            0.
       10630.   3.919078E-6            0.
       10640.   1.864575E-6            0.
       10650.   7.264514E-7            0.
       10660.   1.046051E-6            0.
       10670.   3.154544E-6            0.
       10680.   6.723652E-6            0.
       10690.   6.908760E-6            0.
       10700.   3.414852E-6            0.
       10710.   2.201046E-6            0.
       10720.   2.414113E-6            0.
       10730.   1.434585E-6            0.
       10740.   1.405662E-6            0.
       10750.   2.316739E-6            0.
       10760.   1.561846E-6            0.
       10770.   1.866503E-6            0.
       10780.   2.212616E-6            0.
       10790.   1.481826E-6            0.
       10800.   1.333354E-6            0.
       10810.   2.755406E-6            0.
       10820.   3.544041E-6            0.
       10830.   2.601149E-6            0.
       10840.   3.517047E-6            0.
       10850.   5.082749E-6            0.
       10860.   5.949478E-6            0.
       10870.   2.724554E-6            0.
       10880.   1.065333E-6            0.
       10890.   2.504739E-6            0.
       10900.   2.471959E-6            0.
       10910.   2.505703E-6            0.
       10920.   1.641867E-6            0.
       10930.   1.134749E-6            0.
       10940.   2.932800E-6            0.
       10950.   2.519201E-6            0.
       10960.   4.294114E-6            0.
       10970.   9.057745E-6            0.
       10980.   7.412986E-6            0.
       10990.   3.909436E-6            0.
       11000.   1.916636E-6            0.
