        1850.   3.038365E-7            0.
        1860.   3.177696E-5            0.
        1870.   4.102081E-6            0.
        1880.   4.546016E-7            0.
        1890.   3.925275E-6            0.
        1900.   3.038365E-7            0.
        1910.   3.038365E-7            0.
        1920.   5.911454E-5            0.
        1930.   4.706487E-6            0.
        1940.   3.038365E-7            0.
        1950.   9.830004E-6            0.
        1960.   2.715503E-5            0.
        1970.   5.832661E-7            0.
        1980.   3.040287E-7            0.
        1990.   1.914112E-5            0.
        2000.   3.174813E-6            0.
        2010.   2.392640E-6            0.
        2020.   1.411562E-5            0.
        2030.   1.744033E-5            0.
        2040.   6.624443E-7            0.
        2050.   6.283323E-6            0.
        2060.   1.679653E-6            0.
        2070.   2.951884E-6            0.
        2080.   2.607882E-6            0.
        2090.   5.515564E-6            0.
        2100.   5.479050E-6            0.
        2110.   2.498339E-6            0.
        2120.   3.038365E-7            0.
        2130.   1.844927E-6            0.
        2140.   1.336611E-6            0.
        2150.   1.454802E-5            0.
        2160.   1.357751E-6            0.
        2170.   3.340087E-7            0.
        2180.   4.239490E-7            0.
        2190.   3.038365E-7            0.
        2200.   3.924314E-7            0.
        2210.   4.606553E-7            0.
        2220.   1.985219E-6            0.
        2230.   7.332625E-7            0.
        2240.   3.058544E-7            0.
        2250.   1.616233E-6            0.
        2260.   9.441800E-7            0.
        2270.   4.303870E-7            0.
        2280.   3.038365E-7            0.
        2290.   3.038365E-7            0.
        2300.   3.308378E-7            0.
        2310.   2.162024E-6            0.
        2320.   3.937767E-7            0.
        2330.   9.022848E-7            0.
        2340.   4.032896E-7            0.
        2350.   2.128393E-6            0.
        2360.   3.539954E-6            0.
        2370.   7.071261E-7            0.
        2380.   7.931267E-6            0.
        2390.   3.286277E-7            0.
        2400.   4.445122E-7            0.
        2410.   3.038365E-7            0.
        2420.   1.044498E-6            0.
        2430.   4.202015E-6            0.
        2440.   6.784913E-7            0.
        2450.   3.038365E-7            0.
        2460.   6.466855E-7            0.
        2470.   1.259740E-6            0.
        2480.   3.922393E-6            0.
        2490.   3.416959E-7            0.
        2500.   4.292339E-7            0.
        2510.   8.409794E-7            0.
        2520.   4.633459E-7            0.
        2530.   3.602413E-7            0.
        2540.   1.303941E-6            0.
        2550.   4.728588E-7            0.
        2560.   3.038365E-7            0.
        2570.   2.199499E-6            0.
        2580.   1.827631E-6            0.
        2590.   1.569149E-6            0.
        2600.   1.001257E-6            0.
        2610.   3.343931E-7            0.
        2620.   1.602781E-6            0.
        2630.   3.546681E-7            0.
        2640.   6.668644E-7            0.
        2650.   4.214506E-7            0.
        2660.   3.268981E-6            0.
        2670.   9.993357E-7            0.
        2680.   4.467223E-7            0.
        2690.   3.038365E-7            0.
        2700.   4.214506E-7            0.
        2710.   3.038365E-7            0.
        2720.   3.940650E-7            0.
        2730.   8.427090E-7            0.
        2740.   6.616755E-7            0.
        2750.   4.355758E-7            0.
        2760.   6.346743E-7            0.
        2770.   1.343338E-6            0.
        2780.   3.162321E-7            0.
        2790.   9.413934E-7            0.
        2800.   3.038365E-7            0.
        2810.   3.038365E-7            0.
        2820.   6.456285E-7            0.
        2830.   7.048199E-7            0.
        2840.   1.160767E-6            0.
        2850.   3.713878E-7            0.
        2860.   2.036147E-6            0.
        2870.   7.422951E-7            0.
        2880.   7.401810E-7            0.
        2890.   1.889129E-6            0.
        2900.   1.291449E-6            0.
        2910.   3.038365E-7            0.
        2920.   1.392344E-6            0.
        2930.   2.208147E-6            0.
        2940.   4.711291E-7            0.
        2950.   2.063052E-6            0.
        2960.   3.038365E-7            0.
        2970.   4.520072E-7            0.
        2980.   4.665168E-7            0.
        2990.   3.038365E-7            0.
        3000.   2.730877E-6            0.
        3010.   3.038365E-7            0.
        3020.   7.132758E-7            0.
        3030.   4.129947E-7            0.
        3040.   6.917517E-7            0.
        3050.   1.289527E-6            0.
        3060.   5.771163E-7            0.
        3070.   1.025280E-6            0.
        3080.   6.610990E-7            0.
        3090.   6.194920E-6            0.
        3100.   1.108878E-5            0.
        3110.   1.145393E-6            0.
        3120.   3.038365E-7            0.
        3130.   4.203936E-7            0.
        3140.   2.057286E-6            0.
        3150.   2.207187E-6            0.
        3160.   2.938431E-6            0.
        3170.   1.038733E-6            0.
        3180.   1.054107E-6            0.
        3190.   4.556586E-7            0.
        3200.   7.305720E-7            0.
        3210.   4.787203E-7            0.
        3220.   5.600123E-7            0.
        3230.   8.324274E-7            0.
        3240.   1.876637E-6            0.
        3250.   3.820537E-7            0.
        3260.   3.038365E-7            0.
        3270.   1.742111E-6            0.
        3280.   3.497675E-6            0.
        3290.   1.174220E-6            0.
        3300.   3.038365E-7            0.
        3310.   4.005030E-7            0.
        3320.   4.688230E-7            0.
        3330.   1.333729E-6            0.
        3340.   6.558141E-7            0.
        3350.   8.107111E-7            0.
        3360.   3.038365E-7            0.
        3370.   2.922096E-6            0.
        3380.   3.744626E-7            0.
        3390.   3.528423E-7            0.
        3400.   3.448669E-7            0.
        3410.   4.153009E-6            0.
        3420.   2.162985E-6            0.
        3430.   4.723783E-7            0.
        3440.   4.288495E-7            0.
        3450.   4.561391E-7            0.
        3460.   2.195656E-6            0.
        3470.   3.343931E-7            0.
        3480.   2.375344E-6            0.
        3490.   1.299136E-6            0.
        3500.   5.315698E-6            0.
        3510.   5.635676E-6            0.
        3520.   3.050856E-7            0.
        3530.   4.954399E-7            0.
        3540.   1.338533E-6            0.
        3550.   6.362117E-7            0.
        3560.   5.014936E-7            0.
        3570.   6.040215E-7            0.
        3580.   1.647943E-6            0.
        3590.   2.804866E-6            0.
        3600.   5.826896E-7            0.
        3610.   3.195952E-7            0.
        3620.   3.792671E-6            0.
        3630.   2.450294E-6            0.
        3640.   3.038365E-7            0.
        3650.   3.306455E-7            0.
        3660.   8.733618E-7            0.
        3670.   3.827263E-7            0.
        3680.   2.491613E-6            0.
        3690.   2.468551E-6            0.
        3700.   9.278447E-7            0.
        3710.   1.938135E-6            0.
        3720.   7.431598E-7            0.
        3730.   5.622224E-7            0.
        3740.   5.922986E-7            0.
        3750.   1.464411E-6            0.
        3760.   3.083527E-7            0.
        3770.   3.038365E-7            0.
        3780.   6.165133E-7            0.
        3790.   3.461161E-7            0.
        3800.   5.668347E-7            0.
        3810.   3.612983E-7            0.
        3820.   2.318651E-6            0.
        3830.   7.097206E-7            0.
        3840.   3.038365E-7            0.
        3850.   3.038365E-7            0.
        3860.   3.915666E-7            0.
        3870.   3.588000E-7            0.
        3880.   5.951813E-7            0.
        3890.   3.184422E-7            0.
        3900.   2.770274E-6            0.
        3910.   9.203497E-7            0.
        3920.   3.735017E-7            0.
        3930.   3.038365E-7            0.
        3940.   6.623482E-7            0.
        3950.   3.434256E-7            0.
        3960.   5.601084E-7            0.
        3970.   3.062387E-7            0.
        3980.   4.503737E-7            0.
        3990.   3.038365E-7            0.
        4000.   1.149236E-6            0.
        4010.   3.731174E-7            0.
        4020.   1.300097E-6            0.
        4030.   5.328189E-7            0.
        4040.   3.038365E-7            0.
        4050.   3.038365E-7            0.
        4060.   6.860824E-7            0.
        4070.   4.851582E-7            0.
        4080.   1.689262E-6            0.
        4090.   1.168454E-6            0.
        4100.   3.382367E-7            0.
        4110.   3.038365E-7            0.
        4120.   4.266395E-7            0.
        4130.   6.365000E-7            0.
        4140.   4.005030E-7            0.
        4150.   3.038365E-7            0.
        4160.   7.109696E-7            0.
        4170.   3.038365E-7            0.
        4180.   3.038365E-7            0.
        4190.   3.985812E-7            0.
        4200.   3.254567E-7            0.
        4210.   4.038661E-7            0.
        4220.   4.562352E-7            0.
        4230.   5.260925E-7            0.
        4240.   3.838794E-7            0.
        4250.   5.767320E-7            0.
        4260.   3.038365E-7            0.
        4270.   3.038365E-7            0.
        4280.   3.038365E-7            0.
        4290.   3.038365E-7            0.
        4300.   3.038365E-7            0.
        4310.   3.038365E-7            0.
        4320.   3.038365E-7            0.
        4330.   3.038365E-7            0.
        4340.   3.038365E-7            0.
        4350.   3.038365E-7            0.
        4360.   3.038365E-7            0.
        4370.   3.038365E-7            0.
        4380.   3.038365E-7            0.
        4390.   6.280441E-7            0.
        4400.   1.442311E-5            0.
        4410.   2.838498E-5            0.
        4420.   3.639888E-5            0.
        4430.   4.349993E-5            0.
        4440.   3.941611E-5            0.
        4450.   2.845224E-5            0.
        4460.   1.809374E-5            0.
        4470.   7.294190E-6            0.
        4480.   1.491316E-6            0.
        4490.   3.309339E-7            0.
        4500.   3.829185E-7            0.
        4510.   3.038365E-7            0.
        4520.   1.276075E-6            0.
        4530.   1.569149E-6            0.
        4540.   5.101417E-7            0.
        4550.   8.043692E-7            0.
        4560.   3.754235E-7            0.
        4570.   3.038365E-7            0.
        4580.   5.062981E-7            0.
        4590.   3.586078E-7            0.
        4600.   6.484151E-7            0.
        4610.   7.085674E-7            0.
        4620.   4.559469E-7            0.
        4630.   8.023512E-7            0.
        4640.   3.038365E-7            0.
        4650.   3.038365E-7            0.
        4660.   3.038365E-7            0.
        4670.   3.038365E-7            0.
        4680.   6.020037E-7            0.
        4690.   3.038365E-7            0.
        4700.   5.795186E-7            0.
        4710.   6.292933E-7            0.
        4720.   6.359234E-7            0.
        4730.   5.855723E-7            0.
        4740.   3.038365E-7            0.
        4750.   3.038365E-7            0.
        4760.   7.174078E-7            0.
        4770.   3.038365E-7            0.
        4780.   4.075176E-7            0.
        4790.   3.038365E-7            0.
        4800.   5.558805E-7            0.
        4810.   3.038365E-7            0.
        4820.   3.038365E-7            0.
        4830.   3.076801E-7            0.
        4840.   3.737900E-7            0.
        4850.   3.038365E-7            0.
        4860.   3.038365E-7            0.
        4870.   3.698503E-7            0.
        4880.   3.038365E-7            0.
        4890.   4.696878E-7            0.
        4900.   6.187233E-7            0.
        4910.   6.255457E-7            0.
        4920.   3.038365E-7            0.
        4930.   7.192335E-7            0.
        4940.   6.294854E-7            0.
        4950.   3.231506E-7            0.
        4960.   3.610100E-7            0.
        4970.   5.856684E-7            0.
        4980.   3.087371E-7            0.
        4990.   5.851879E-7            0.
        5000.   3.038365E-7            0.
        5010.   3.569743E-7            0.
        5020.   3.070075E-7            0.
        5030.   9.666652E-7            0.
        5040.   3.322791E-7            0.
        5050.   3.038365E-7            0.
        5060.   3.715799E-7            0.
        5070.   4.574844E-7            0.
        5080.   3.186343E-7            0.
        5090.   3.875309E-7            0.
        5100.   5.911455E-7            0.
        5110.   5.319541E-7            0.
        5120.   3.307417E-7            0.
        5130.   3.038365E-7            0.
        5140.   4.227959E-7            0.
        5150.   1.251091E-6            0.
        5160.   7.772718E-7            0.
        5170.   3.193070E-7            0.
        5180.   3.038365E-7            0.
        5190.   3.038365E-7            0.
        5200.   3.038365E-7            0.
        5210.   3.038365E-7            0.
        5220.   8.053300E-7            0.
        5230.   5.531900E-7            0.
        5240.   4.963047E-7            0.
        5250.   4.651716E-7            0.
        5260.   5.589554E-7            0.
        5270.   4.382663E-7            0.
        5280.   7.881300E-7            0.
        5290.   3.038365E-7            0.
        5300.   3.391015E-7            0.
        5310.   4.245255E-7            0.
        5320.   1.078129E-6            0.
        5330.   6.757047E-7            0.
        5340.   5.965265E-7            0.
        5350.   3.735978E-7            0.
        5360.   1.168454E-6            0.
        5370.   6.759930E-7            0.
        5380.   3.038365E-7            0.
        5390.   3.038365E-7            0.
        5400.   1.261661E-6            0.
        5410.   3.038365E-7            0.
        5420.   3.661989E-7            0.
        5430.   9.106446E-7            0.
        5440.   6.556219E-7            0.
        5450.   5.112947E-7            0.
        5460.   3.096980E-7            0.
        5470.   3.038365E-7            0.
        5480.   3.770570E-7            0.
        5490.   3.038365E-7            0.
        5500.   1.145393E-6            0.
        5510.   1.426936E-6            0.
        5520.   6.627325E-7            0.
        5530.   3.038365E-7            0.
        5540.   3.972359E-7            0.
        5550.   3.038365E-7            0.
        5560.   4.073254E-7            0.
        5570.   6.951147E-7            0.
        5580.   1.069481E-6            0.
        5590.   5.872058E-7            0.
        5600.   8.337727E-7            0.
        5610.   3.879152E-7            0.
        5620.   6.996311E-7            0.
        5630.   3.973320E-7            0.
        5640.   4.154930E-7            0.
        5650.   4.624810E-7            0.
        5660.   5.760594E-7            0.
        5670.   9.379341E-7            0.
        5680.   3.038365E-7            0.
        5690.   3.038365E-7            0.
        5700.   3.811889E-7            0.
        5710.   7.272088E-7            0.
        5720.   3.366032E-7            0.
        5730.   3.038365E-7            0.
        5740.   3.321830E-7            0.
        5750.   3.038365E-7            0.
        5760.   1.295293E-6            0.
        5770.   3.038365E-7            0.
        5780.   4.318283E-7            0.
        5790.   3.139259E-7            0.
        5800.   5.167719E-7            0.
        5810.   5.013014E-7            0.
        5820.   1.833397E-6            0.
        5830.   9.733914E-7            0.
        5840.   1.027202E-6            0.
        5850.   3.038365E-7            0.
        5860.   3.038365E-7            0.
        5870.   8.495314E-7            0.
        5880.   3.948337E-7            0.
        5890.   6.290049E-7            0.
        5900.   5.129282E-7            0.
        5910.   5.295518E-7            0.
        5920.   9.564795E-7            0.
        5930.   5.564570E-7            0.
        5940.   4.592140E-7            0.
        5950.   3.038365E-7            0.
        5960.   4.259668E-7            0.
        5970.   8.662511E-7            0.
        5980.   1.020476E-6            0.
        5990.   3.038365E-7            0.
        6000.   1.182868E-6            0.
        6010.   1.487473E-6            0.
        6020.   3.038365E-7            0.
        6030.   3.038365E-7            0.
        6040.   1.715206E-6            0.
        6050.   1.233795E-6            0.
        6060.   8.561616E-7            0.
        6070.   3.474613E-7            0.
        6080.   3.038365E-7            0.
        6090.   4.722822E-7            0.
        6100.   9.628214E-7            0.
        6110.   1.196320E-6            0.
        6120.   3.038365E-7            0.
        6130.   7.280736E-7            0.
        6140.   4.679582E-7            0.
        6150.   8.945015E-7            0.
        6160.   3.038365E-7            0.
        6170.   3.038365E-7            0.
        6180.   4.075176E-7            0.
        6190.   1.051224E-6            0.
        6200.   3.054700E-7            0.
        6210.   3.038365E-7            0.
        6220.   5.024545E-7            0.
        6230.   2.197577E-6            0.
        6240.   1.378891E-6            0.
        6250.   5.059137E-7            0.
        6260.   1.575875E-6            0.
        6270.   6.365960E-7            0.
        6280.   4.464340E-7            0.
        6290.   3.038365E-7            0.
        6300.   6.117088E-7            0.
        6310.   3.135416E-7            0.
        6320.   3.959868E-7            0.
        6330.   2.036147E-6            0.
        6340.   4.175109E-7            0.
        6350.   1.256857E-6            0.
        6360.   4.095354E-7            0.
        6370.   3.650458E-7            0.
        6380.   1.496121E-6            0.
        6390.   1.977532E-6            0.
        6400.   7.165429E-7            0.
        6410.   3.636044E-7            0.
        6420.   1.391383E-6            0.
        6430.   4.181835E-7            0.
        6440.   1.454802E-6            0.
        6450.   4.630575E-7            0.
        6460.   6.723416E-7            0.
        6470.   7.477722E-7            0.
        6480.   1.214577E-6            0.
        6490.   7.716986E-7            0.
        6500.   4.235646E-7            0.
        6510.   5.607810E-7            0.
        6520.   3.038365E-7            0.
        6530.   5.721197E-7            0.
        6540.   1.218421E-6            0.
        6550.   1.181907E-6            0.
        6560.   1.389461E-6            0.
        6570.   3.411194E-7            0.
        6580.   6.641739E-7            0.
        6590.   7.618012E-7            0.
        6600.   3.546681E-7            0.
        6610.   5.604928E-7            0.
        6620.   1.344299E-6            0.
        6630.   9.575366E-7            0.
        6640.   4.904432E-7            0.
        6650.   4.496050E-7            0.
        6660.   7.826528E-7            0.
        6670.   7.282659E-7            0.
        6680.   4.601748E-7            0.
        6690.   4.526798E-7            0.
        6700.   1.026241E-6            0.
        6710.   6.903103E-7            0.
        6720.   1.644099E-6            0.
        6730.   1.352947E-6            0.
        6740.   4.066527E-6            0.
        6750.   7.183686E-6            0.
        6760.   9.460058E-6            0.
        6770.   1.444232E-5            0.
        6780.   2.133197E-5            0.
        6790.   3.137338E-5            0.
        6800.   4.983226E-5            0.
        6810.   7.613208E-5            0.
        6820.   1.180946E-4            0.
        6830.   1.789195E-4            0.
        6840.   2.797179E-4            0.
        6850.   4.091511E-4            0.
        6860.   6.301580E-4            0.
        6870.   9.056480E-4            0.
        6880.   0.001360634            0.
        6890.   0.001871833            0.
        6920.   0.003683129            0.
        6922.   0.003932002            0.
        6924.   0.004241412            0.
        6926.   0.004548899            0.
        6928.   0.004893862            0.
        6930.   0.005219608            0.
        6932.   0.005583788            0.
        6934.   0.006005623            0.
        6936.   0.006427458            0.
        6938.   0.006868511            0.
        6940.   0.007348961            0.
        6942.   0.007886103            0.
        6944.    0.00840499            0.
        6946.   0.008978647            0.
        6948.   0.009608996            0.
        6950.    0.01024319            0.
        6952.    0.01097347            0.
        6954.    0.01170376            0.
        6956.    0.01247248            0.
        6958.    0.01332768            0.
        6960.    0.01421171            0.
        6962.    0.01515339            0.
        6964.    0.01621038            0.
        6966.    0.01727698            0.
        6968.    0.01846849            0.
        6970.    0.01966001            0.
        6972.    0.02096683            0.
        6974.     0.0223217            0.
        6976.    0.02380148            0.
        6978.    0.02535814            0.
        6980.    0.02703972            0.
        6982.    0.02881738            0.
        6984.    0.03070074            0.
        6986.    0.03273785            0.
        6988.    0.03484222            0.
        6990.    0.03707151            0.
        6992.    0.03948337            0.
        6994.    0.04199131            0.
        6996.    0.04466262            0.
        6998.    0.04747805            0.
        7000.    0.05054332            0.
        7002.       0.05382            0.
        7004.    0.05728884            0.
        7006.    0.06096909            0.
        7008.    0.06493761            0.
        7010.    0.06905986            0.
        7012.     0.0733743            0.
        7014.    0.07797702            0.
        7016.    0.08296409            0.
        7018.    0.08821059            0.
        7020.    0.09381264            0.
        7022.    0.09974141            0.
        7024.     0.1058911            0.
        7026.     0.1125213            0.
        7028.     0.1197281            0.
        7030.      0.127127            0.
        7032.     0.1350064            0.
        7034.     0.1432701            0.
        7036.     0.1520143            0.
        7038.      0.161239            0.
        7040.      0.170944            0.
        7042.     0.1813218            0.
        7044.     0.1920839            0.
        7046.     0.2032303            0.
        7048.     0.2148572            0.
        7050.     0.2269645            0.
        7052.     0.2397445            0.
        7054.     0.2530049            0.
        7056.     0.2669379            0.
        7058.     0.2813514            0.
        7060.     0.2962454            0.
        7062.     0.3115237            0.
        7064.     0.3270903            0.
        7066.     0.3433294            0.
        7068.     0.3599531            0.
        7070.     0.3768649            0.
        7072.     0.3942571            0.
        7074.     0.4122259            0.
        7076.     0.4303869            0.
        7078.      0.448548            0.
        7080.      0.466805            0.
        7082.     0.4853505            0.
        7084.     0.5040879            0.
        7086.     0.5228255            0.
        7088.     0.5410826            0.
        7090.     0.5595319            0.
        7092.     0.5775008            0.
        7094.     0.5950851            0.
        7096.     0.6122853            0.
        7098.     0.6293893            0.
        7100.     0.6458207            0.
        7102.     0.6618677            0.
        7104.     0.6772421            0.
        7106.     0.6919439            0.
        7108.     0.7060691            0.
        7110.     0.7195216            0.
        7112.     0.7322056            0.
        7114.     0.7437363            0.
        7116.     0.7551711            0.
        7118.     0.7658371            0.
        7120.     0.7760227            0.
        7122.     0.7857277            0.
        7124.     0.7943758            0.
        7126.     0.8027356            0.
        7128.     0.8104228            0.
        7130.     0.8174374            0.
        7132.     0.8238754            0.
        7134.     0.8299292            0.
        7136.     0.8355983            0.
        7138.      0.840403            0.
        7140.     0.8450152            0.
        7142.     0.8489549            0.
        7144.     0.8527985            0.
        7146.     0.8559695            0.
        7148.     0.8591405            0.
        7150.     0.8620231            0.
        7152.     0.8646175            0.
        7154.     0.8668277            0.
        7156.     0.8688455            0.
        7158.     0.8710557            0.
        7160.     0.8728813            0.
        7162.     0.8744187            0.
        7164.      0.875764            0.
        7166.     0.8771092            0.
        7168.     0.8782623            0.
        7170.     0.8797036            0.
        7172.     0.8808568            0.
        7174.     0.8819137            0.
        7176.     0.8830669            0.
        7178.     0.8842199            0.
        7180.     0.8850847            0.
        7182.     0.8858534            0.
        7184.     0.8868144            0.
        7186.     0.8877753            0.
        7188.     0.8884478            0.
        7190.     0.8894087            0.
        7192.     0.8903696            0.
        7194.     0.8912345            0.
        7196.     0.8923874            0.
        7198.     0.8934445            0.
        7200.     0.8945014            0.
        7202.     0.8956546            0.
        7204.     0.8967116            0.
        7206.     0.8978648            0.
        7208.     0.8988256            0.
        7210.     0.8998825            0.
        7212.     0.9007473            0.
        7214.     0.9019004            0.
        7216.     0.9030535            0.
        7218.     0.9039183            0.
        7220.     0.9049754            0.
        7222.     0.9061285            0.
        7224.     0.9071854            0.
        7226.     0.9085306            0.
        7228.      0.909876            0.
        7230.      0.910933            0.
        7232.     0.9120859            0.
        7234.      0.913047            0.
        7236.     0.9141039            0.
        7238.     0.9153531            0.
        7240.     0.9165061            0.
        7242.     0.9175632            0.
        7244.      0.918524            0.
        7246.      0.919581            0.
        7248.     0.9204458            0.
        7250.     0.9211185            0.
        7252.     0.9220793            0.
        7254.     0.9230403            0.
        7256.     0.9239051            0.
        7258.     0.9246739            0.
        7260.     0.9257308            0.
        7262.     0.9263073            0.
        7264.      0.927076            0.
        7266.     0.9278448            0.
        7268.     0.9282291            0.
        7270.     0.9287096            0.
        7272.     0.9293822            0.
        7274.     0.9300548            0.
        7276.      0.930247            0.
        7278.     0.9305352            0.
        7280.     0.9308235            0.
        7282.      0.931304            0.
        7284.     0.9315923            0.
        7286.     0.9317844            0.
        7288.     0.9320728            0.
        7290.     0.9322648            0.
        7292.     0.9320728            0.
        7294.     0.9318806            0.
        7296.     0.9318806            0.
        7298.     0.9314962            0.
        7300.     0.9311118            0.
        7302.     0.9311118            0.
        7304.     0.9310158            0.
        7306.     0.9308235            0.
        7308.     0.9306315            0.
        7310.     0.9299588            0.
        7312.     0.9295745            0.
        7314.     0.9289978            0.
        7316.     0.9283252            0.
        7318.     0.9280369            0.
        7320.     0.9274604            0.
        7322.     0.9269799            0.
        7324.     0.9262112            0.
        7326.     0.9254425            0.
        7328.     0.9246739            0.
        7330.     0.9242893            0.
        7332.     0.9236168            0.
        7334.     0.9229441            0.
        7336.     0.9220793            0.
        7338.     0.9210224            0.
        7340.     0.9198693            0.
        7342.     0.9190045            0.
        7344.     0.9182358            0.
        7346.     0.9175632            0.
        7348.     0.9169866            0.
        7350.     0.9161218            0.
        7352.     0.9153531            0.
        7354.     0.9144882            0.
        7356.     0.9134313            0.
        7358.     0.9125664            0.
        7360.     0.9117017            0.
        7362.     0.9106447            0.
        7364.     0.9097798            0.
        7366.      0.908819            0.
        7368.     0.9076659            0.
        7370.      0.906705            0.
        7372.     0.9060323            0.
        7374.     0.9052636            0.
        7376.     0.9043027            0.
        7378.     0.9038223            0.
        7380.     0.9027653            0.
        7382.     0.9020926            0.
        7384.     0.9013239            0.
        7386.     0.9006514            0.
        7388.     0.8997865            0.
        7390.     0.8991138            0.
        7392.     0.8982491            0.
        7394.     0.8974804            0.
        7396.     0.8967116            0.
        7398.      0.896135            0.
        7400.     0.8952702            0.
        7402.     0.8947898            0.
        7404.     0.8942133            0.
        7406.     0.8937328            0.
        7408.     0.8933485            0.
        7410.     0.8925797            0.
        7412.     0.8920993            0.
        7414.     0.8915228            0.
        7416.     0.8909461            0.
        7418.     0.8902736            0.
        7420.     0.8898892            0.
        7422.      0.889697            0.
        7424.     0.8895049            0.
        7426.     0.8890244            0.
        7428.     0.8888322            0.
        7430.     0.8883518            0.
        7432.     0.8881595            0.
        7434.     0.8878713            0.
        7436.     0.8877753            0.
        7438.     0.8876792            0.
        7440.      0.887583            0.
        7442.      0.887487            0.
        7444.     0.8873908            0.
        7446.     0.8871026            0.
        7448.     0.8871026            0.
        7450.     0.8871988            0.
        7452.     0.8870066            0.
        7454.     0.8872948            0.
        7456.     0.8873908            0.
        7458.     0.8872948            0.
        7460.     0.8873908            0.
        7462.     0.8873908            0.
        7464.      0.887487            0.
        7466.     0.8876792            0.
        7468.     0.8879674            0.
        7470.     0.8881595            0.
        7472.     0.8883518            0.
        7474.     0.8887362            0.
        7476.     0.8890244            0.
        7478.     0.8892166            0.
        7480.     0.8895049            0.
        7482.     0.8900814            0.
        7484.     0.8904658            0.
        7486.     0.8906579            0.
        7488.     0.8913305            0.
        7490.      0.891811            0.
        7492.     0.8921954            0.
        7494.     0.8925797            0.
        7496.     0.8928679            0.
        7498.     0.8930602            0.
        7500.     0.8936367            0.
        7502.      0.893925            0.
        7504.     0.8945014            0.
        7506.     0.8952702            0.
        7508.     0.8955585            0.
        7510.     0.8962312            0.
        7512.     0.8969037            0.
        7514.     0.8975765            0.
        7516.     0.8980568            0.
        7518.     0.8987296            0.
        7520.     0.8991138            0.
        7522.     0.8997865            0.
        7524.     0.9006514            0.
        7526.     0.9013239            0.
        7528.     0.9019004            0.
        7530.     0.9026692            0.
        7532.     0.9032457            0.
        7534.     0.9038223            0.
        7536.     0.9042067            0.
        7538.     0.9046871            0.
        7540.     0.9048792            0.
        7542.     0.9055519            0.
        7544.     0.9061285            0.
        7546.      0.906705            0.
        7548.     0.9074737            0.
        7550.     0.9083384            0.
        7552.      0.908819            0.
        7554.     0.9094916            0.
        7556.     0.9105486            0.
        7558.      0.911029            0.
        7560.     0.9115095            0.
        7562.     0.9123743            0.
        7564.     0.9128547            0.
        7566.     0.9134313            0.
        7568.     0.9140078            0.
        7570.     0.9148726            0.
        7572.     0.9159296            0.
        7574.     0.9166022            0.
        7576.     0.9171788            0.
        7578.     0.9171788            0.
        7580.     0.9177552            0.
        7582.     0.9182358            0.
        7584.     0.9187162            0.
        7586.     0.9191005            0.
        7588.     0.9196771            0.
        7590.     0.9203497            0.
        7592.     0.9210224            0.
        7594.     0.9215028            0.
        7596.     0.9218872            0.
        7598.     0.9222715            0.
        7600.     0.9229441            0.
        7602.     0.9234247            0.
        7604.     0.9239051            0.
        7606.     0.9242893            0.
        7608.     0.9247699            0.
        7610.     0.9254425            0.
        7612.     0.9257308            0.
        7614.     0.9264035            0.
        7616.     0.9268839            0.
        7618.     0.9272681            0.
        7620.     0.9280369            0.
        7622.     0.9283252            0.
        7624.     0.9288056            0.
        7626.     0.9292861            0.
        7628.     0.9297665            0.
        7630.     0.9299588            0.
        7632.     0.9304392            0.
        7634.     0.9305352            0.
        7636.     0.9308235            0.
        7638.     0.9314962            0.
        7640.     0.9317844            0.
        7642.     0.9322648            0.
        7644.      0.932457            0.
        7646.     0.9328414            0.
        7648.     0.9331298            0.
        7650.     0.9332258            0.
        7652.     0.9333219            0.
        7654.      0.933418            0.
        7656.     0.9338024            0.
        7658.     0.9340906            0.
        7660.      0.934571            0.
        7662.     0.9350516            0.
        7664.     0.9353397            0.
        7666.     0.9355319            0.
        7668.     0.9358202            0.
        7670.     0.9360123            0.
        7672.     0.9362046            0.
        7674.     0.9363007            0.
        7676.     0.9365889            0.
        7678.     0.9369733            0.
        7680.     0.9370694            0.
        7682.     0.9373577            0.
        7684.     0.9375499            0.
        7686.     0.9375499            0.
        7688.     0.9378381            0.
        7690.     0.9379342            0.
        7692.     0.9383186            0.
        7694.     0.9384147            0.
        7696.     0.9388951            0.
        7698.      0.938799            0.
        7700.     0.9389911            0.
        7702.     0.9391834            0.
        7704.     0.9390873            0.
        7706.     0.9390873            0.
        7708.     0.9392794            0.
        7710.     0.9390873            0.
        7712.     0.9394717            0.
        7714.     0.9395677            0.
        7716.     0.9395677            0.
        7718.     0.9393755            0.
        7720.     0.9396638            0.
        7722.     0.9398561            0.
        7724.     0.9397599            0.
        7726.     0.9398561            0.
        7728.     0.9397599            0.
        7730.     0.9399521            0.
        7732.     0.9401443            0.
        7734.     0.9402404            0.
        7736.     0.9403365            0.
        7738.     0.9406248            0.
        7740.     0.9405286            0.
        7742.     0.9403365            0.
        7744.     0.9404325            0.
        7746.     0.9406248            0.
        7748.     0.9407207            0.
        7750.     0.9408169            0.
        7752.     0.9408169            0.
        7754.     0.9406248            0.
        7756.     0.9405286            0.
        7758.     0.9404325            0.
        7760.     0.9404325            0.
        7762.     0.9404325            0.
        7764.     0.9403365            0.
        7766.     0.9403365            0.
        7768.     0.9401443            0.
        7770.     0.9402404            0.
        7772.     0.9406248            0.
        7774.     0.9405286            0.
        7776.     0.9407207            0.
        7778.     0.9408169            0.
        7780.     0.9406248            0.
        7782.     0.9406248            0.
        7784.     0.9402404            0.
        7786.     0.9399521            0.
        7788.     0.9399521            0.
        7790.     0.9398561            0.
        7792.     0.9397599            0.
        7794.     0.9397599            0.
        7796.     0.9399521            0.
        7798.     0.9397599            0.
        7800.     0.9394717            0.
        7802.     0.9394717            0.
        7804.     0.9389911            0.
        7806.     0.9391834            0.
        7808.     0.9389911            0.
        7810.     0.9389911            0.
        7812.     0.9388951            0.
        7814.      0.938799            0.
        7816.     0.9386069            0.
        7818.     0.9385107            0.
        7820.     0.9385107            0.
        7822.     0.9384147            0.
        7824.     0.9382225            0.
        7826.     0.9381264            0.
        7828.     0.9379342            0.
        7830.     0.9380302            0.
        7832.     0.9376459            0.
        7834.     0.9378381            0.
        7836.     0.9378381            0.
        7838.     0.9375499            0.
        7840.     0.9372615            0.
        7842.     0.9369733            0.
        7844.     0.9364929            0.
        7846.     0.9365889            0.
        7848.     0.9362046            0.
        7850.     0.9361085            0.
        7852.     0.9360123            0.
        7854.     0.9357241            0.
        7856.     0.9357241            0.
        7858.     0.9357241            0.
        7860.     0.9361085            0.
        7862.     0.9360123            0.
        7864.     0.9358202            0.
        7866.     0.9357241            0.
        7868.     0.9354359            0.
        7870.     0.9351476            0.
        7872.     0.9348594            0.
        7874.     0.9346671            0.
        7876.     0.9343789            0.
        7878.     0.9344749            0.
        7880.     0.9337062            0.
        7882.      0.933418            0.
        7884.     0.9332258            0.
        7886.     0.9330336            0.
        7888.     0.9328414            0.
        7890.     0.9328414            0.
        7892.     0.9329375            0.
        7894.     0.9330336            0.
        7896.     0.9329375            0.
        7898.     0.9327454            0.
        7900.     0.9326493            0.
        7902.     0.9325531            0.
        7904.      0.932457            0.
        7906.     0.9320728            0.
        7908.     0.9317844            0.
        7910.        0.9314            0.
        7912.     0.9312079            0.
        7914.     0.9307274            0.
        7916.     0.9307274            0.
        7918.     0.9307274            0.
        7920.     0.9306315            0.
        7922.      0.930247            0.
        7924.     0.9299588            0.
        7926.     0.9298627            0.
        7928.     0.9295745            0.
        7930.     0.9296704            0.
        7932.     0.9295745            0.
        7934.       0.92919            0.
        7936.     0.9290939            0.
        7938.     0.9287096            0.
        7940.     0.9285174            0.
        7942.     0.9280369            0.
        7944.     0.9280369            0.
        7946.     0.9276527            0.
        7948.     0.9271721            0.
        7950.     0.9273643            0.
        7952.     0.9271721            0.
        7954.     0.9272681            0.
        7956.     0.9273643            0.
        7958.     0.9273643            0.
        7960.     0.9272681            0.
        7962.     0.9272681            0.
        7964.     0.9272681            0.
        7966.     0.9268839            0.
        7968.     0.9268839            0.
        7970.     0.9266917            0.
        7972.     0.9264035            0.
        7974.     0.9264035            0.
        7976.     0.9261151            0.
        7978.     0.9257308            0.
        7980.     0.9256347            0.
        7982.     0.9253464            0.
        7984.     0.9248658            0.
        7986.     0.9245777            0.
        7988.     0.9245777            0.
        7990.     0.9248658            0.
        7992.     0.9248658            0.
        7994.     0.9250581            0.
        7996.     0.9250581            0.
        7998.     0.9248658            0.
        8000.     0.9224637            0.
        8002.      0.922848            0.
        8004.     0.9231364            0.
        8006.     0.9231364            0.
        8008.     0.9218872            0.
        8010.     0.9215989            0.
        8012.     0.9214068            0.
        8014.     0.9216951            0.
        8016.     0.9220793            0.
        8018.     0.9219832            0.
        8020.     0.9216951            0.
        8022.     0.9213105            0.
        8024.     0.9210224            0.
        8026.     0.9209263            0.
        8028.     0.9215989            0.
        8030.     0.9221755            0.
        8032.      0.921791            0.
        8034.     0.9225598            0.
        8036.     0.9222715            0.
        8038.     0.9218872            0.
        8040.      0.921791            0.
        8042.     0.9218872            0.
        8044.     0.9218872            0.
        8046.      0.922752            0.
        8048.     0.9231364            0.
        8050.     0.9231364            0.
        8052.     0.9234247            0.
        8054.     0.9239051            0.
        8056.     0.9236168            0.
        8058.     0.9236168            0.
        8060.     0.9233285            0.
        8062.      0.922848            0.
        8064.     0.9234247            0.
        8066.     0.9236168            0.
        8068.     0.9240974            0.
        8070.     0.9244816            0.
        8072.     0.9249621            0.
        8074.     0.9247699            0.
        8076.     0.9242893            0.
        8078.     0.9244816            0.
        8080.     0.9240011            0.
        8082.     0.9235207            0.
        8084.     0.9237128            0.
        8086.     0.9242893            0.
        8088.     0.9252504            0.
        8090.     0.9263073            0.
        8092.     0.9266917            0.
        8094.     0.9265956            0.
        8096.     0.9262112            0.
        8098.     0.9263073            0.
        8100.     0.9260191            0.
        8102.     0.9260191            0.
        8104.     0.9261151            0.
        8106.     0.9264995            0.
        8108.     0.9268839            0.
        8110.     0.9275564            0.
        8112.     0.9276527            0.
        8114.     0.9276527            0.
        8116.     0.9273643            0.
        8118.     0.9272681            0.
        8120.     0.9274604            0.
        8122.     0.9272681            0.
        8124.     0.9276527            0.
        8126.     0.9279408            0.
        8128.     0.9282291            0.
        8130.     0.9284213            0.
        8132.     0.9289019            0.
        8134.     0.9295745            0.
        8136.      0.930151            0.
        8138.      0.930247            0.
        8140.      0.930151            0.
        8142.     0.9308235            0.
        8144.     0.9310158            0.
        8146.     0.9306315            0.
        8148.     0.9309196            0.
        8150.     0.9308235            0.
        8152.     0.9312079            0.
        8154.      0.931304            0.
        8156.     0.9320728            0.
        8158.     0.9322648            0.
        8160.     0.9330336            0.
        8162.     0.9333219            0.
        8164.     0.9338984            0.
        8166.     0.9346671            0.
        8168.      0.934571            0.
        8170.     0.9346671            0.
        8172.      0.934571            0.
        8174.     0.9342827            0.
        8176.     0.9340906            0.
        8178.     0.9342827            0.
        8180.     0.9343789            0.
        8182.     0.9347633            0.
        8184.     0.9351476            0.
        8186.     0.9363007            0.
        8188.     0.9364929            0.
        8190.     0.9363007            0.
        8192.     0.9364929            0.
        8194.     0.9364929            0.
        8196.     0.9359163            0.
        8198.     0.9350516            0.
        8200.     0.9360123            0.
        8202.     0.9365889            0.
        8204.     0.9373577            0.
        8206.     0.9377419            0.
        8208.     0.9380302            0.
        8210.     0.9383186            0.
        8212.      0.938799            0.
        8214.     0.9388951            0.
        8216.     0.9389911            0.
        8218.     0.9389911            0.
        8220.      0.938799            0.
        8222.      0.938799            0.
        8224.     0.9390873            0.
        8226.     0.9393755            0.
        8228.     0.9393755            0.
        8230.     0.9394717            0.
        8232.     0.9403365            0.
        8234.     0.9403365            0.
        8236.     0.9405286            0.
        8238.     0.9412973            0.
        8240.     0.9412013            0.
        8242.     0.9412013            0.
        8244.     0.9404325            0.
        8246.      0.940913            0.
        8248.      0.940913            0.
        8250.     0.9414895            0.
        8252.     0.9422582            0.
        8254.     0.9428349            0.
        8256.     0.9432191            0.
        8258.      0.943027            0.
        8260.     0.9434113            0.
        8262.     0.9435074            0.
        8264.     0.9433153            0.
        8266.     0.9435074            0.
        8268.     0.9436036            0.
        8270.     0.9436036            0.
        8272.     0.9434113            0.
        8274.     0.9434113            0.
        8276.      0.943027            0.
        8278.     0.9436996            0.
        8280.     0.9433153            0.
        8282.     0.9434113            0.
        8284.     0.9434113            0.
        8286.     0.9433153            0.
        8288.     0.9433153            0.
        8290.     0.9436036            0.
        8292.     0.9436036            0.
        8294.     0.9439878            0.
        8296.     0.9444683            0.
        8298.     0.9453332            0.
        8300.     0.9461019            0.
        8302.     0.9458137            0.
        8304.     0.9459097            0.
        8306.     0.9461979            0.
        8308.     0.9450449            0.
        8310.     0.9448526            0.
        8312.     0.9446605            0.
        8314.     0.9446605            0.
        8316.     0.9451409            0.
        8318.     0.9461979            0.
        8320.     0.9460057            0.
        8322.     0.9461019            0.
        8324.     0.9465823            0.
        8326.     0.9458137            0.
        8328.      0.945237            0.
        8330.     0.9449488            0.
        8332.     0.9451409            0.
        8334.     0.9457175            0.
        8336.     0.9463901            0.
        8338.     0.9469665            0.
        8340.     0.9475432            0.
        8342.     0.9476393            0.
        8344.     0.9472548            0.
        8346.     0.9465823            0.
        8348.     0.9461019            0.
        8350.     0.9458137            0.
        8352.     0.9459097            0.
        8354.     0.9461979            0.
        8356.     0.9469665            0.
        8358.     0.9470628            0.
        8360.     0.9469665            0.
        8362.     0.9469665            0.
        8364.     0.9460057            0.
        8366.     0.9461979            0.
        8368.     0.9454292            0.
        8370.     0.9449488            0.
        8372.     0.9453332            0.
        8374.     0.9456214            0.
        8376.      0.946294            0.
        8378.     0.9466783            0.
        8380.     0.9475432            0.
        8382.     0.9481197            0.
        8384.     0.9476393            0.
        8386.     0.9483119            0.
        8388.     0.9476393            0.
        8390.     0.9470628            0.
        8392.      0.946294            0.
        8394.     0.9466783            0.
        8396.     0.9464862            0.
        8398.      0.946294            0.
        8400.     0.9470628            0.
        8402.     0.9460057            0.
        8404.     0.9455254            0.
        8406.      0.945237            0.
        8408.     0.9453332            0.
        8410.     0.9448526            0.
        8412.     0.9455254            0.
        8414.     0.9455254            0.
        8416.     0.9458137            0.
        8418.     0.9454292            0.
        8420.     0.9451409            0.
        8422.     0.9454292            0.
        8424.     0.9457175            0.
        8426.     0.9457175            0.
        8428.      0.946294            0.
        8430.     0.9461019            0.
        8432.     0.9457175            0.
        8434.     0.9450449            0.
        8436.     0.9445643            0.
        8438.     0.9435074            0.
        8440.     0.9439878            0.
        8442.     0.9446605            0.
        8444.     0.9460057            0.
        8446.     0.9457175            0.
        8448.     0.9455254            0.
        8450.     0.9447566            0.
        8452.     0.9444683            0.
        8454.     0.9433153            0.
        8456.     0.9432191            0.
        8458.      0.943027            0.
        8460.     0.9434113            0.
        8462.     0.9436036            0.
        8464.     0.9429309            0.
        8466.     0.9425465            0.
        8468.      0.943027            0.
        8470.     0.9434113            0.
        8472.     0.9429309            0.
        8474.     0.9427387            0.
        8476.     0.9426426            0.
        8478.     0.9424504            0.
        8480.     0.9425465            0.
        8482.     0.9429309            0.
        8484.     0.9427387            0.
        8486.     0.9423544            0.
        8488.     0.9424504            0.
        8490.     0.9423544            0.
        8492.     0.9415857            0.
        8494.     0.9411052            0.
        8496.     0.9408169            0.
        8498.     0.9404325            0.
        8500.     0.9397599            0.
        8502.     0.9390873            0.
        8504.     0.9394717            0.
        8506.     0.9397599            0.
        8508.     0.9397599            0.
        8510.     0.9400482            0.
        8512.     0.9398561            0.
        8514.     0.9391834            0.
        8516.     0.9383186            0.
        8518.     0.9382225            0.
        8520.     0.9383186            0.
        8522.     0.9378381            0.
        8524.     0.9374537            0.
        8526.     0.9369733            0.
        8528.     0.9373577            0.
        8530.     0.9368773            0.
        8532.     0.9357241            0.
        8534.     0.9351476            0.
        8536.     0.9358202            0.
        8538.     0.9349554            0.
        8540.     0.9348594            0.
        8542.     0.9340906            0.
        8544.     0.9338024            0.
        8546.     0.9338984            0.
        8548.     0.9333219            0.
        8550.      0.932457            0.
        8552.     0.9318806            0.
        8554.     0.9310158            0.
        8556.     0.9309196            0.
        8558.     0.9305352            0.
        8560.     0.9311118            0.
        8562.      0.931304            0.
        8564.     0.9306315            0.
        8566.     0.9308235            0.
        8568.     0.9303431            0.
        8570.     0.9288056            0.
        8572.     0.9279408            0.
        8574.     0.9269799            0.
        8576.     0.9269799            0.
        8578.     0.9268839            0.
        8580.     0.9262112            0.
        8582.     0.9257308            0.
        8584.     0.9252504            0.
        8586.     0.9241933            0.
        8588.     0.9234247            0.
        8590.      0.922848            0.
        8592.     0.9222715            0.
        8594.     0.9226559            0.
        8596.     0.9223676            0.
        8598.     0.9215028            0.
        8600.      0.921791            0.
        8602.     0.9215989            0.
        8604.     0.9211185            0.
        8606.      0.920638            0.
        8608.     0.9200614            0.
        8610.     0.9191967            0.
        8612.     0.9181397            0.
        8614.     0.9177552            0.
        8616.      0.917467            0.
        8618.     0.9168905            0.
        8620.     0.9158335            0.
        8622.     0.9159296            0.
        8624.     0.9153531            0.
        8626.     0.9144882            0.
        8628.     0.9140078            0.
        8630.     0.9133351            0.
        8632.     0.9128547            0.
        8634.     0.9127586            0.
        8636.     0.9119899            0.
        8638.     0.9119899            0.
        8640.     0.9113173            0.
        8642.     0.9106447            0.
        8644.     0.9092034            0.
        8646.     0.9082424            0.
        8648.     0.9065128            0.
        8650.     0.9063206            0.
        8652.     0.9061285            0.
        8654.     0.9064167            0.
        8656.     0.9058402            0.
        8658.     0.9050714            0.
        8660.     0.9038223            0.
        8662.     0.9031496            0.
        8664.     0.9030535            0.
        8666.     0.9020926            0.
        8668.     0.9019966            0.
        8670.     0.9011317            0.
        8672.     0.9011317            0.
        8674.     0.9005552            0.
        8676.     0.8986333            0.
        8678.     0.8971921            0.
        8680.     0.8968077            0.
        8682.     0.8963273            0.
        8684.     0.8954625            0.
        8686.     0.8946937            0.
        8688.     0.8944054            0.
        8690.     0.8943093            0.
        8692.     0.8940212            0.
        8694.     0.8932524            0.
        8696.     0.8923874            0.
        8698.     0.8910423            0.
        8700.     0.8898892            0.
        8702.     0.8883518            0.
        8704.     0.8883518            0.
        8706.      0.887583            0.
        8708.     0.8873908            0.
        8710.     0.8870066            0.
        8712.     0.8864299            0.
        8714.     0.8855652            0.
        8716.     0.8848925            0.
        8718.     0.8848925            0.
        8720.     0.8847004            0.
        8722.     0.8838356            0.
        8724.     0.8831628            0.
        8726.     0.8822021            0.
        8728.     0.8819137            0.
        8730.     0.8816255            0.
        8732.     0.8797998            0.
        8734.     0.8787428            0.
        8736.     0.8777819            0.
        8738.     0.8780701            0.
        8740.     0.8773975            0.
        8742.     0.8770132            0.
        8744.      0.876821            0.
        8746.     0.8765327            0.
        8748.     0.8762444            0.
        8750.     0.8750914            0.
        8752.     0.8740344            0.
        8754.     0.8729774            0.
        8756.      0.872497            0.
        8758.     0.8721126            0.
        8760.     0.8716321            0.
        8762.     0.8717282            0.
        8764.     0.8711517            0.
        8766.     0.8701908            0.
        8768.     0.8696142            0.
        8770.     0.8691337            0.
        8772.     0.8685573            0.
        8774.     0.8679807            0.
        8776.     0.8675963            0.
        8778.     0.8667315            0.
        8780.     0.8655785            0.
        8782.     0.8648098            0.
        8784.     0.8644254            0.
        8786.     0.8645214            0.
        8788.     0.8639449            0.
        8790.     0.8633685            0.
        8792.     0.8627918            0.
        8794.     0.8617347            0.
        8796.     0.8611583            0.
        8798.     0.8605819            0.
        8800.     0.8605819            0.
        8802.     0.8602935            0.
        8804.     0.8598131            0.
        8806.     0.8596208            0.
        8808.     0.8595249            0.
        8810.     0.8595249            0.
        8812.     0.8584678            0.
        8814.     0.8576031            0.
        8816.     0.8573148            0.
        8818.     0.8570266            0.
        8820.     0.8570266            0.
        8822.     0.8567382            0.
        8824.     0.8566421            0.
        8826.     0.8558733            0.
        8828.     0.8548164            0.
        8830.     0.8546242            0.
        8832.     0.8545281            0.
        8834.      0.854432            0.
        8836.     0.8542398            0.
        8838.     0.8537593            0.
        8840.     0.8531829            0.
        8842.     0.8535672            0.
        8844.     0.8538556            0.
        8846.      0.853375            0.
        8848.     0.8538556            0.
        8850.     0.8536633            0.
        8852.     0.8527024            0.
        8854.     0.8517414            0.
        8856.     0.8515494            0.
        8858.     0.8516455            0.
        8860.      0.852222            0.
        8862.     0.8528945            0.
        8864.     0.8527985            0.
        8866.     0.8530868            0.
        8868.     0.8527024            0.
        8870.     0.8520297            0.
        8872.     0.8515494            0.
        8874.     0.8508767            0.
        8876.     0.8505884            0.
        8878.     0.8505884            0.
        8880.     0.8509727            0.
        8882.     0.8512611            0.
        8884.     0.8509727            0.
        8886.     0.8512611            0.
        8888.     0.8509727            0.
        8890.     0.8509727            0.
        8892.     0.8503962            0.
        8894.     0.8500118            0.
        8896.     0.8507807            0.
        8898.     0.8515494            0.
        8900.     0.8521259            0.
        8902.     0.8525102            0.
        8904.      0.852318            0.
        8906.     0.8528945            0.
        8908.     0.8535672            0.
        8910.     0.8537593            0.
        8912.     0.8536633            0.
        8914.     0.8531829            0.
        8916.     0.8528945            0.
        8918.     0.8517414            0.
        8920.     0.8515494            0.
        8922.     0.8525102            0.
        8924.     0.8538556            0.
        8926.     0.8547203            0.
        8928.     0.8552969            0.
        8930.     0.8560655            0.
        8932.     0.8559695            0.
        8934.     0.8551047            0.
        8936.      0.855489            0.
        8938.     0.8560655            0.
        8940.      0.856546            0.
        8942.     0.8566421            0.
        8944.     0.8564499            0.
        8946.     0.8567382            0.
        8948.     0.8573148            0.
        8950.     0.8576991            0.
        8952.     0.8582756            0.
        8954.     0.8589482            0.
        8956.     0.8595249            0.
        8958.     0.8594287            0.
        8960.     0.8592365            0.
        8962.     0.8597169            0.
        8964.     0.8607739            0.
        8966.     0.8617347            0.
        8968.     0.8628879            0.
        8970.     0.8630801            0.
        8972.     0.8633685            0.
        8974.     0.8632723            0.
        8976.     0.8632723            0.
        8978.     0.8636566            0.
        8980.     0.8638488            0.
        8982.     0.8655785            0.
        8984.     0.8669237            0.
        8986.     0.8668277            0.
        8988.     0.8671159            0.
        8990.     0.8672119            0.
        8992.     0.8674041            0.
        8994.     0.8674041            0.
        8996.      0.868365            0.
        8998.     0.8699025            0.
        9000.     0.8717282            0.
        9002.      0.872497            0.
        9004.     0.8732657            0.
        9006.     0.8734578            0.
        9008.     0.8740344            0.
        9010.     0.8738422            0.
        9012.     0.8741304            0.
        9014.     0.8754757            0.
        9016.     0.8772053            0.
        9018.     0.8787428            0.
        9020.     0.8798959            0.
        9022.      0.880088            0.
        9024.     0.8802803            0.
        9026.     0.8799918            0.
        9028.      0.880953            0.
        9030.     0.8822021            0.
        9032.     0.8837395            0.
        9034.     0.8846042            0.
        9036.     0.8856612            0.
        9038.     0.8863338            0.
        9040.     0.8864299            0.
        9042.     0.8858534            0.
        9044.     0.8864299            0.
        9046.     0.8870066            0.
        9048.     0.8882557            0.
        9050.      0.889697            0.
        9052.     0.8902736            0.
        9054.     0.8906579            0.
        9056.     0.8912345            0.
        9058.     0.8920032            0.
        9060.     0.8921954            0.
        9062.     0.8920993            0.
        9064.     0.8936367            0.
        9066.      0.894982            0.
        9068.     0.8955585            0.
        9070.     0.8967116            0.
        9072.     0.8978648            0.
        9074.     0.8989218            0.
        9076.     0.8996903            0.
        9078.     0.9008435            0.
        9080.     0.9013239            0.
        9082.     0.9018043            0.
        9084.     0.9016121            0.
        9086.     0.9022848            0.
        9088.     0.9026692            0.
        9090.     0.9046871            0.
        9092.     0.9057441            0.
        9094.     0.9065128            0.
        9096.     0.9085306            0.
        9098.     0.9097798            0.
        9100.     0.9101642            0.
        9102.     0.9105486            0.
        9104.     0.9106447            0.
        9106.     0.9113173            0.
        9108.     0.9124703            0.
        9110.     0.9134313            0.
        9112.     0.9140078            0.
        9114.     0.9141039            0.
        9116.     0.9146805            0.
        9118.     0.9145843            0.
        9120.     0.9166022            0.
        9122.     0.9178515            0.
        9124.     0.9196771            0.
        9126.     0.9211185            0.
        9128.     0.9215028            0.
        9130.      0.921791            0.
        9132.      0.921791            0.
        9134.     0.9213105            0.
        9136.     0.9220793            0.
        9138.     0.9232324            0.
        9140.     0.9238089            0.
        9142.     0.9252504            0.
        9144.     0.9269799            0.
        9146.     0.9277487            0.
        9148.     0.9272681            0.
        9150.     0.9267877            0.
        9152.     0.9271721            0.
        9154.     0.9275564            0.
        9156.     0.9281331            0.
        9158.     0.9284213            0.
        9160.     0.9292861            0.
        9162.      0.930247            0.
        9164.     0.9309196            0.
        9166.      0.932457            0.
        9168.     0.9343789            0.
        9170.     0.9357241            0.
        9172.      0.936685            0.
        9174.     0.9370694            0.
        9176.     0.9360123            0.
        9178.     0.9356281            0.
        9180.     0.9353397            0.
        9182.     0.9358202            0.
        9184.     0.9368773            0.
        9186.     0.9378381            0.
        9188.     0.9380302            0.
        9190.     0.9387029            0.
        9192.     0.9389911            0.
        9194.     0.9389911            0.
        9196.     0.9386069            0.
        9198.     0.9387029            0.
        9200.     0.9395677            0.
        9202.     0.9400482            0.
        9204.     0.9412013            0.
        9206.      0.941874            0.
        9208.       0.94197            0.
        9210.     0.9417778            0.
        9212.     0.9415857            0.
        9214.     0.9415857            0.
        9216.     0.9423544            0.
        9218.     0.9432191            0.
        9220.      0.944084            0.
        9222.     0.9448526            0.
        9224.     0.9445643            0.
        9226.     0.9443723            0.
        9228.     0.9438918            0.
        9230.     0.9439878            0.
        9232.     0.9439878            0.
        9234.     0.9436996            0.
        9236.     0.9439878            0.
        9238.     0.9450449            0.
        9240.     0.9461019            0.
        9242.     0.9463901            0.
        9244.     0.9465823            0.
        9246.     0.9466783            0.
        9248.     0.9467745            0.
        9250.     0.9467745            0.
        9252.     0.9463901            0.
        9254.     0.9457175            0.
        9256.     0.9455254            0.
        9258.     0.9444683            0.
        9260.     0.9438918            0.
        9262.     0.9436996            0.
        9264.     0.9447566            0.
        9266.     0.9461979            0.
        9268.     0.9472548            0.
        9270.     0.9475432            0.
        9272.     0.9477353            0.
        9274.     0.9471589            0.
        9276.     0.9471589            0.
        9278.     0.9471589            0.
        9280.     0.9467745            0.
        9282.     0.9461979            0.
        9284.     0.9461019            0.
        9286.     0.9456214            0.
        9288.     0.9453332            0.
        9290.     0.9454292            0.
        9292.     0.9455254            0.
        9294.     0.9451409            0.
        9296.     0.9437958            0.
        9298.     0.9435074            0.
        9300.     0.9431231            0.
        9302.     0.9438918            0.
        9304.     0.9436996            0.
        9306.     0.9443723            0.
        9308.     0.9453332            0.
        9310.     0.9449488            0.
        9312.     0.9439878            0.
        9314.     0.9432191            0.
        9316.     0.9429309            0.
        9318.     0.9424504            0.
        9320.     0.9421622            0.
        9322.     0.9428349            0.
        9324.     0.9434113            0.
        9326.     0.9437958            0.
        9328.       0.94418            0.
        9330.     0.9436996            0.
        9332.     0.9438918            0.
        9334.     0.9435074            0.
        9336.     0.9432191            0.
        9338.     0.9422582            0.
        9340.     0.9421622            0.
        9342.     0.9422582            0.
        9344.     0.9427387            0.
        9346.     0.9432191            0.
        9348.      0.944084            0.
        9350.     0.9432191            0.
        9352.     0.9433153            0.
        9354.     0.9427387            0.
        9356.     0.9420661            0.
        9358.     0.9412013            0.
        9360.     0.9411052            0.
        9362.     0.9406248            0.
        9364.     0.9401443            0.
        9366.     0.9412973            0.
        9368.     0.9421622            0.
        9370.     0.9434113            0.
        9372.     0.9443723            0.
        9374.     0.9445643            0.
        9376.     0.9445643            0.
        9378.     0.9446605            0.
        9380.     0.9427387            0.
        9382.     0.9414895            0.
        9384.     0.9413935            0.
        9386.     0.9412973            0.
        9388.      0.941874            0.
        9390.     0.9427387            0.
        9392.     0.9433153            0.
        9394.      0.943027            0.
        9396.     0.9431231            0.
        9398.     0.9436996            0.
        9400.     0.9437958            0.
        9402.     0.9433153            0.
        9404.     0.9436996            0.
        9406.     0.9436036            0.
        9408.     0.9429309            0.
        9410.     0.9431231            0.
        9412.     0.9429309            0.
        9414.     0.9433153            0.
        9416.     0.9431231            0.
        9418.     0.9434113            0.
        9420.       0.94418            0.
        9422.     0.9443723            0.
        9424.     0.9444683            0.
        9426.     0.9450449            0.
        9428.     0.9449488            0.
        9430.     0.9445643            0.
        9432.     0.9438918            0.
        9434.       0.94418            0.
        9436.       0.94418            0.
        9438.     0.9448526            0.
        9440.      0.945237            0.
        9442.     0.9449488            0.
        9444.     0.9446605            0.
        9446.     0.9446605            0.
        9448.     0.9439878            0.
        9450.     0.9437958            0.
        9452.     0.9433153            0.
        9454.     0.9424504            0.
        9456.     0.9426426            0.
        9458.     0.9424504            0.
        9460.     0.9412013            0.
        9462.     0.9415857            0.
        9464.     0.9408169            0.
        9466.     0.9398561            0.
        9468.     0.9388951            0.
        9470.     0.9384147            0.
        9472.     0.9376459            0.
        9474.     0.9375499            0.
        9476.     0.9374537            0.
        9478.      0.936781            0.
        9480.     0.9362046            0.
        9482.     0.9350516            0.
        9484.     0.9340906            0.
        9486.     0.9325531            0.
        9488.     0.9312079            0.
        9490.     0.9298627            0.
        9492.       0.92919            0.
        9494.     0.9275564            0.
        9496.     0.9266917            0.
        9498.     0.9249621            0.
        9500.     0.9229441            0.
        9502.     0.9209263            0.
        9504.     0.9188122            0.
        9506.     0.9165061            0.
        9508.     0.9132391            0.
        9510.     0.9107407            0.
        9512.     0.9083384            0.
        9514.     0.9058402            0.
        9516.     0.9037262            0.
        9518.     0.9007473            0.
        9520.     0.8979608            0.
        9522.     0.8946937            0.
        9524.     0.8917149            0.
        9526.      0.888544            0.
        9528.     0.8852769            0.
        9530.     0.8817216            0.
        9532.     0.8769169            0.
        9534.     0.8728813            0.
        9536.      0.868365            0.
        9538.     0.8643293            0.
        9540.     0.8601014            0.
        9542.     0.8562577            0.
        9544.     0.8507807            0.
        9546.     0.8451113            0.
        9548.     0.8393459            0.
        9550.     0.8331962            0.
        9552.     0.8274308            0.
        9554.     0.8222419            0.
        9556.     0.8174374            0.
        9558.     0.8101345            0.
        9560.     0.8034082            0.
        9562.     0.7974508            0.
        9564.     0.7914931            0.
        9566.     0.7846707            0.
        9568.     0.7776561            0.
        9570.     0.7707376            0.
        9572.     0.7630504            0.
        9574.     0.7553633            0.
        9576.     0.7476761            0.
        9578.     0.7404694            0.
        9580.     0.7327821            0.
        9582.     0.7248066            0.
        9584.     0.7173116            0.
        9586.     0.7089519            0.
        9588.     0.7004958            0.
        9590.     0.6916556            0.
        9592.     0.6831036            0.
        9594.     0.6740711            0.
        9596.     0.6644621            0.
        9598.     0.6556218            0.
        9600.     0.6471659            0.
        9602.     0.6389023            0.
        9604.      0.630062            0.
        9606.      0.621606            0.
        9608.      0.613054            0.
        9610.     0.6032529            0.
        9612.     0.5931633            0.
        9614.     0.5833622            0.
        9616.     0.5740415            0.
        9618.     0.5646247            0.
        9620.     0.5555922            0.
        9622.     0.5463676            0.
        9624.     0.5366625            0.
        9626.       0.52763            0.
        9628.     0.5183092            0.
        9630.     0.5084119            0.
        9632.     0.4982265            0.
        9634.     0.4887135            0.
        9636.     0.4792967            0.
        9638.     0.4693994            0.
        9640.     0.4605593            0.
        9642.     0.4521033            0.
        9644.     0.4438396            0.
        9646.      0.435864            0.
        9648.     0.4273121            0.
        9650.     0.4189523            0.
        9652.     0.4098238            0.
        9654.     0.4011756            0.
        9656.     0.3932962            0.
        9658.     0.3854169            0.
        9660.     0.3775375            0.
        9662.     0.3694659            0.
        9664.     0.3618748            0.
        9666.      0.354572            0.
        9668.     0.3469809            0.
        9670.     0.3397742            0.
        9672.     0.3322791            0.
        9674.     0.3249763            0.
        9676.     0.3175774            0.
        9678.     0.3108511            0.
        9680.     0.3039325            0.
        9682.     0.2973023            0.
        9684.     0.2907683            0.
        9686.     0.2847145            0.
        9688.     0.2778922            0.
        9690.     0.2713581            0.
        9692.     0.2652083            0.
        9694.      0.259539            0.
        9696.     0.2536775            0.
        9698.     0.2484886            0.
        9700.     0.2430115            0.
        9702.     0.2372461            0.
        9704.     0.2314808            0.
        9706.     0.2264841            0.
        9708.     0.2212952            0.
        9710.     0.2162024            0.
        9712.     0.2117823            0.
        9714.       0.20717            0.
        9716.     0.2025577            0.
        9718.     0.1983297            0.
        9720.     0.1936213            0.
        9722.     0.1893933            0.
        9724.     0.1853576            0.
        9726.     0.1812257            0.
        9728.     0.1769017            0.
        9730.     0.1724815            0.
        9732.     0.1685418            0.
        9734.     0.1647943            0.
        9736.     0.1610468            0.
        9738.     0.1571071            0.
        9740.     0.1540322            0.
        9742.     0.1506691            0.
        9744.     0.1471138            0.
        9746.     0.1434623            0.
        9748.     0.1400031            0.
        9750.     0.1369282            0.
        9752.     0.1338533            0.
        9754.     0.1308745            0.
        9756.      0.128184            0.
        9758.     0.1253974            0.
        9760.     0.1228991            0.
        9762.     0.1199203            0.
        9764.     0.1170376            0.
        9766.     0.1143471            0.
        9768.     0.1118488            0.
        9770.     0.1094465            0.
        9772.     0.1071403            0.
        9774.     0.1050263            0.
        9776.     0.1027202            0.
        9778.     0.1002219            0.
        9780.    0.09791565            0.
        9782.    0.09581131            0.
        9784.    0.09349554            0.
        9786.    0.09149687            0.
        9788.    0.08944054            0.
        9790.    0.08724009            0.
        9792.    0.08521258            0.
        9794.    0.08380007            0.
        9796.    0.08166687            0.
        9798.     0.0798796            0.
        9800.    0.07810193            0.
        9802.    0.07643957            0.
        9804.    0.07503666            0.
        9806.    0.07331666            0.
        9808.    0.07141407            0.
        9810.    0.07006881            0.
        9812.    0.06835841            0.
        9814.    0.06671527            0.
        9816.    0.06524509            0.
        9818.    0.06415928            0.
        9820.     0.0628044            0.
        9822.    0.06148797            0.
        9824.    0.06016193            0.
        9826.     0.0590665            0.
        9828.    0.05781733            0.
        9830.    0.05626068            0.
        9832.    0.05498268            0.
        9834.    0.05416592            0.
        9836.    0.05289753            0.
        9838.    0.05177328            0.
        9840.    0.05079316            0.
        9842.    0.04988991            0.
        9844.    0.04896745            0.
        9846.    0.04741079            0.
        9848.     0.0465652            0.
        9850.    0.04584453            0.
        9852.    0.04501815            0.
        9854.    0.04415334            0.
        9856.    0.04311557            0.
        9858.    0.04212584            0.
        9860.    0.04110729            0.
        9862.    0.04046349            0.
        9864.    0.03956024            0.
        9866.    0.03870504            0.
        9868.    0.03830146            0.
        9870.    0.03735978            0.
        9872.    0.03661028            0.
        9874.    0.03587038            0.
        9876.    0.03534189            0.
        9878.    0.03443864            0.
        9880.    0.03398702            0.
        9882.    0.03328557            0.
        9884.    0.03259372            0.
        9886.    0.03197874            0.
        9888.     0.0314022            0.
        9890.    0.03068153            0.
        9892.    0.03027795            0.
        9894.    0.02980711            0.
        9896.    0.02921135            0.
        9898.    0.02865403            0.
        9930.     0.0231769            0.
        9940.    0.02133197            0.
        9950.    0.01944861            0.
        9960.       0.01794            0.
        9970.    0.01646982            0.
        9980.    0.01524948            0.
        9990.     0.0139907            0.
       10000.     0.0130298            0.
       10010.    0.01201125            0.
       10020.    0.01119448            0.
       10030.    0.01032967            0.
       10040.   0.009666651            0.
       10050.   0.008969999            0.
       10060.   0.008404029            0.
       10070.   0.007793858            0.
       10080.   0.007312447            0.
       10090.   0.006826231            0.
       10100.   0.006424576            0.
       10110.   0.006012349            0.
       10120.   0.005663543            0.
       10130.   0.005311854            0.
       10140.   0.005013975            0.
       10150.   0.004698799            0.
       10160.   0.004457614            0.
       10170.   0.004214506            0.
       10180.   0.003995421            0.
       10190.   0.003767688            0.
       10200.   0.003584156            0.
       10210.    0.00338621            0.
       10220.    0.00322574            0.
       10230.   0.003050857            0.
       10240.   0.002921135            0.
       10250.   0.002768352            0.
       10260.   0.002662653            0.
       10270.   0.002515635            0.
       10280.   0.002405132            0.
       10290.    0.00230712            0.
       10300.   0.002219678            0.
       10310.   0.002103409            0.
       10320.   0.002028459            0.
       10330.   0.001945822            0.
       10340.   0.001871833            0.
       10350.   0.001787273            0.
       10360.   0.001731541            0.
       10370.   0.001656591            0.
       10380.    0.00161239            0.
       10390.   0.001542244            0.
       10400.   0.001501886            0.
       10410.   0.001437506            0.
       10420.   0.001401953            0.
       10430.   0.001352947            0.
       10440.   0.001306824            0.
       10450.   0.001275114            0.
       10460.   0.001236678            0.
       10470.   0.001203047            0.
       10480.    0.00117518            0.
       10490.   0.001139627            0.
       10500.   0.001108878            0.
       10510.   0.001080051            0.
       10520.    0.00105699            0.
       10530.    0.00101471            0.
       10540.   0.001015671            0.
       10550.   9.868440E-4            0.
       10560.   9.685870E-4            0.
       10570.   9.372615E-4            0.
       10580.   9.191005E-4            0.
       10590.   9.063206E-4            0.
       10600.   8.818177E-4            0.
       10610.   8.632722E-4            0.
       10620.   8.563538E-4            0.
       10630.   8.377124E-4            0.
       10640.   8.252207E-4            0.
       10650.   8.127289E-4            0.
       10660.   7.962976E-4            0.
       10670.   7.966820E-4            0.
       10680.   7.835176E-4            0.
       10690.   7.712182E-4            0.
       10700.   7.615130E-4            0.
       10710.   7.609365E-4            0.
       10720.   7.441207E-4            0.
       10730.   7.323017E-4            0.
       10740.   7.319173E-4            0.
       10750.   7.180803E-4            0.
       10760.   7.159664E-4            0.
       10770.   7.194256E-4            0.
       10780.   7.200982E-4            0.
       10790.   7.001115E-4            0.
       10800.   7.127954E-4            0.
       10810.   7.071261E-4            0.
       10820.   6.983819E-4            0.
       10830.   7.077027E-4            0.
       10840.   7.005920E-4            0.
       10850.   6.991506E-4            0.
       10860.   7.046278E-4            0.
       10870.   7.050121E-4            0.
       10880.   7.022255E-4            0.
       10890.   6.954992E-4            0.
       10900.   6.959796E-4            0.
       10910.   6.959796E-4            0.
       10920.   6.959796E-4            0.
       10930.   6.959796E-4            0.
       10940.   6.959796E-4            0.
       10950.   6.959796E-4            0.
       10960.   6.959796E-4            0.
       10970.   6.959796E-4            0.
       10980.   6.959796E-4            0.
       10990.   6.959796E-4            0.
       11000.   6.959796E-4            0.
