         100.            0.            0.
        1860.   1.000000E-5            0.
        1870.   3.000000E-5            0.
        1880.   2.200000E-4            0.
        1890.   3.400000E-4            0.
        1900.   2.000000E-4            0.
        1910.   7.000000E-5            0.
        1920.   5.000000E-5            0.
        1930.   1.000000E-5            0.
        1940.   4.000000E-5            0.
        1950.            0.            0.
        1960.   7.000000E-5            0.
        1970.            0.            0.
        1980.            0.            0.
        1990.            0.            0.
        2000.            0.            0.
        2010.   1.000000E-5            0.
        2020.   3.000000E-5            0.
        2030.            0.            0.
        2040.            0.            0.
        2050.   1.000000E-5            0.
        2060.   1.000000E-5            0.
        2070.            0.            0.
        2080.            0.            0.
        2090.            0.            0.
        2100.   2.000000E-5            0.
        2110.            0.            0.
        2120.            0.            0.
        2130.            0.            0.
        2140.            0.            0.
        2150.            0.            0.
        2160.            0.            0.
        2170.            0.            0.
        2180.            0.            0.
        2190.            0.            0.
        2200.            0.            0.
        2210.            0.            0.
        2220.            0.            0.
        2230.            0.            0.
        2240.            0.            0.
        2250.            0.            0.
        2260.            0.            0.
        2270.            0.            0.
        2280.            0.            0.
        2290.            0.            0.
        2300.            0.            0.
        2310.            0.            0.
        2320.   1.000000E-5            0.
        2330.            0.            0.
        2340.            0.            0.
        2350.            0.            0.
        2360.            0.            0.
        2370.            0.            0.
        2380.            0.            0.
        2390.            0.            0.
        2400.            0.            0.
        2410.            0.            0.
        2420.            0.            0.
        2430.            0.            0.
        2440.            0.            0.
        2450.            0.            0.
        2460.            0.            0.
        2470.            0.            0.
        2480.            0.            0.
        2490.            0.            0.
        2500.            0.            0.
        2510.            0.            0.
        2520.            0.            0.
        2530.            0.            0.
        2540.            0.            0.
        2550.            0.            0.
        2560.            0.            0.
        2570.            0.            0.
        2580.            0.            0.
        2590.            0.            0.
        2600.            0.            0.
        2610.            0.            0.
        2620.            0.            0.
        2630.            0.            0.
        2640.            0.            0.
        2650.            0.            0.
        2660.            0.            0.
        2670.            0.            0.
        2680.            0.            0.
        2690.            0.            0.
        2700.            0.            0.
        2710.            0.            0.
        2720.            0.            0.
        2730.            0.            0.
        2740.            0.            0.
        2750.            0.            0.
        2760.            0.            0.
        2770.            0.            0.
        2780.            0.            0.
        2790.            0.            0.
        2800.            0.            0.
        2810.            0.            0.
        2820.            0.            0.
        2830.            0.            0.
        2840.            0.            0.
        2850.            0.            0.
        2860.            0.            0.
        2870.            0.            0.
        2880.            0.            0.
        2890.            0.            0.
        2900.            0.            0.
        2910.            0.            0.
        2920.            0.            0.
        2930.            0.            0.
        2940.            0.            0.
        2950.            0.            0.
        2960.            0.            0.
        2970.            0.            0.
        2980.   1.000000E-5            0.
        2990.            0.            0.
        3000.            0.            0.
        3010.            0.            0.
        3020.            0.            0.
        3030.            0.            0.
        3040.            0.            0.
        3050.            0.            0.
        3060.            0.            0.
        3070.            0.            0.
        3080.            0.            0.
        3090.            0.            0.
        3100.            0.            0.
        3110.            0.            0.
        3120.   1.000000E-5            0.
        3130.            0.            0.
        3140.            0.            0.
        3150.            0.            0.
        3160.            0.            0.
        3170.            0.            0.
        3180.            0.            0.
        3190.            0.            0.
        3200.            0.            0.
        3210.            0.            0.
        3220.            0.            0.
        3230.            0.            0.
        3240.            0.            0.
        3250.            0.            0.
        3260.            0.            0.
        3270.            0.            0.
        3280.            0.            0.
        3290.            0.            0.
        3300.            0.            0.
        3310.            0.            0.
        3320.            0.            0.
        3330.            0.            0.
        3340.            0.            0.
        3350.            0.            0.
        3360.            0.            0.
        3370.            0.            0.
        3380.            0.            0.
        3390.            0.            0.
        3400.            0.            0.
        3410.            0.            0.
        3420.            0.            0.
        3430.            0.            0.
        3440.   1.000000E-5            0.
        3450.            0.            0.
        3460.            0.            0.
        3470.   1.000000E-5            0.
        3480.            0.            0.
        3490.            0.            0.
        3500.            0.            0.
        3510.            0.            0.
        3520.            0.            0.
        3530.            0.            0.
        3540.            0.            0.
        3550.            0.            0.
        3560.            0.            0.
        3570.            0.            0.
        3580.            0.            0.
        3590.            0.            0.
        3600.            0.            0.
        3610.            0.            0.
        3620.            0.            0.
        3630.            0.            0.
        3640.            0.            0.
        3650.            0.            0.
        3660.            0.            0.
        3670.            0.            0.
        3680.            0.            0.
        3690.            0.            0.
        3700.            0.            0.
        3710.            0.            0.
        3720.            0.            0.
        3730.            0.            0.
        3740.            0.            0.
        3750.            0.            0.
        3760.            0.            0.
        3770.            0.            0.
        3780.            0.            0.
        3790.            0.            0.
        3800.            0.            0.
        3810.            0.            0.
        3820.            0.            0.
        3830.            0.            0.
        3840.            0.            0.
        3850.            0.            0.
        3860.            0.            0.
        3870.            0.            0.
        3880.            0.            0.
        3890.            0.            0.
        3900.            0.            0.
        3910.            0.            0.
        3920.            0.            0.
        3930.            0.            0.
        3940.            0.            0.
        3950.            0.            0.
        3960.            0.            0.
        3970.            0.            0.
        3980.            0.            0.
        3990.            0.            0.
        4000.            0.            0.
        4010.            0.            0.
        4020.   1.000000E-5            0.
        4030.            0.            0.
        4040.            0.            0.
        4050.            0.            0.
        4060.            0.            0.
        4070.            0.            0.
        4080.            0.            0.
        4090.            0.            0.
        4100.            0.            0.
        4110.            0.            0.
        4120.            0.            0.
        4130.            0.            0.
        4140.            0.            0.
        4150.   1.000000E-5            0.
        4160.            0.            0.
        4170.            0.            0.
        4180.            0.            0.
        4190.            0.            0.
        4200.            0.            0.
        4210.            0.            0.
        4220.            0.            0.
        4230.            0.            0.
        4240.            0.            0.
        4250.            0.            0.
        4260.            0.            0.
        4270.            0.            0.
        4280.            0.            0.
        4290.            0.            0.
        4300.            0.            0.
        4310.            0.            0.
        4320.            0.            0.
        4330.            0.            0.
        4340.            0.            0.
        4350.            0.            0.
        4360.            0.            0.
        4370.            0.            0.
        4380.            0.            0.
        4390.            0.            0.
        4400.   3.000000E-5            0.
        4410.   5.000000E-5            0.
        4420.   7.000000E-5            0.
        4430.   7.000000E-5            0.
        4440.   6.000000E-5            0.
        4450.   5.000000E-5            0.
        4460.   3.000000E-5            0.
        4470.   2.000000E-5            0.
        4480.   1.000000E-5            0.
        4490.   1.000000E-5            0.
        4500.            0.            0.
        4510.            0.            0.
        4520.            0.            0.
        4530.            0.            0.
        4540.            0.            0.
        4550.   1.000000E-5            0.
        4560.   1.000000E-5            0.
        4570.   1.000000E-5            0.
        4580.   1.000000E-5            0.
        4590.            0.            0.
        4600.            0.            0.
        4610.            0.            0.
        4620.            0.            0.
        4630.            0.            0.
        4640.            0.            0.
        4650.            0.            0.
        4660.            0.            0.
        4670.            0.            0.
        4680.            0.            0.
        4690.            0.            0.
        4700.            0.            0.
        4710.            0.            0.
        4720.            0.            0.
        4730.            0.            0.
        4740.            0.            0.
        4750.            0.            0.
        4760.            0.            0.
        4770.            0.            0.
        4780.            0.            0.
        4790.            0.            0.
        4800.            0.            0.
        4810.            0.            0.
        4820.            0.            0.
        4830.            0.            0.
        4840.            0.            0.
        4850.            0.            0.
        4860.            0.            0.
        4870.            0.            0.
        4880.            0.            0.
        4890.            0.            0.
        4900.            0.            0.
        4910.            0.            0.
        4920.            0.            0.
        4930.            0.            0.
        4940.            0.            0.
        4950.            0.            0.
        4960.            0.            0.
        4970.            0.            0.
        4980.            0.            0.
        4990.            0.            0.
        5000.            0.            0.
        5010.            0.            0.
        5020.            0.            0.
        5030.            0.            0.
        5040.            0.            0.
        5050.            0.            0.
        5060.            0.            0.
        5070.            0.            0.
        5080.            0.            0.
        5090.            0.            0.
        5100.            0.            0.
        5110.            0.            0.
        5120.            0.            0.
        5130.            0.            0.
        5140.            0.            0.
        5150.            0.            0.
        5160.            0.            0.
        5170.            0.            0.
        5180.            0.            0.
        5190.            0.            0.
        5200.            0.            0.
        5210.            0.            0.
        5220.            0.            0.
        5230.            0.            0.
        5240.            0.            0.
        5250.            0.            0.
        5260.            0.            0.
        5270.            0.            0.
        5280.            0.            0.
        5290.            0.            0.
        5300.            0.            0.
        5310.            0.            0.
        5320.            0.            0.
        5330.            0.            0.
        5340.            0.            0.
        5350.            0.            0.
        5360.            0.            0.
        5370.            0.            0.
        5380.            0.            0.
        5390.            0.            0.
        5400.            0.            0.
        5410.            0.            0.
        5420.            0.            0.
        5430.            0.            0.
        5440.            0.            0.
        5450.            0.            0.
        5460.            0.            0.
        5470.            0.            0.
        5480.            0.            0.
        5490.            0.            0.
        5500.            0.            0.
        5510.            0.            0.
        5520.            0.            0.
        5530.            0.            0.
        5540.            0.            0.
        5550.            0.            0.
        5560.            0.            0.
        5570.            0.            0.
        5580.            0.            0.
        5590.            0.            0.
        5600.            0.            0.
        5610.   1.000000E-5            0.
        5620.   1.000000E-5            0.
        5630.   1.000000E-5            0.
        5640.   1.000000E-5            0.
        5650.   1.000000E-5            0.
        5660.   1.000000E-5            0.
        5670.   1.000000E-5            0.
        5680.   1.000000E-5            0.
        5690.   1.000000E-5            0.
        5700.   1.000000E-5            0.
        5710.   1.000000E-5            0.
        5720.            0.            0.
        5730.            0.            0.
        5740.   1.000000E-5            0.
        5750.   1.000000E-5            0.
        5760.   1.000000E-5            0.
        5770.   1.000000E-5            0.
        5780.   1.000000E-5            0.
        5790.   1.000000E-5            0.
        5800.   1.000000E-5            0.
        5810.   1.000000E-5            0.
        5820.   1.000000E-5            0.
        5830.   1.000000E-5            0.
        5840.   1.000000E-5            0.
        5850.   2.000000E-5            0.
        5860.   4.000000E-5            0.
        5870.   8.000000E-5            0.
        5880.   1.600000E-4            0.
        5890.   3.400000E-4            0.
        5900.   6.600000E-4            0.
        5910.       0.00131            0.
        5920.       0.00231            0.
        5930.       0.00424            0.
        5940.       0.00512            0.
        5942.       0.00573            0.
        5944.       0.00635            0.
        5946.       0.00695            0.
        5948.       0.00779            0.
        5950.       0.00861            0.
        5952.       0.00946            0.
        5954.       0.01039            0.
        5956.       0.01139            0.
        5958.       0.01263            0.
        5960.       0.01378            0.
        5962.       0.01514            0.
        5964.        0.0165            0.
        5966.       0.01796            0.
        5968.       0.01959            0.
        5970.       0.02117            0.
        5972.       0.02296            0.
        5974.       0.02497            0.
        5976.       0.02697            0.
        5978.       0.02922            0.
        5980.       0.03145            0.
        5982.       0.03391            0.
        5984.       0.03645            0.
        5986.       0.03905            0.
        5988.       0.04185            0.
        5990.       0.04487            0.
        5992.       0.04807            0.
        5994.       0.05117            0.
        5996.       0.05431            0.
        5998.       0.05795            0.
        6000.       0.06154            0.
        6002.       0.06554            0.
        6004.        0.0695            0.
        6006.       0.07367            0.
        6008.       0.07791            0.
        6010.       0.08231            0.
        6012.         0.087            0.
        6014.       0.09168            0.
        6016.        0.0968            0.
        6018.        0.1019            0.
        6020.       0.10723            0.
        6022.        0.1129            0.
        6024.       0.11867            0.
        6026.       0.12461            0.
        6028.       0.13085            0.
        6030.       0.13737            0.
        6032.       0.14419            0.
        6034.       0.15079            0.
        6036.       0.15775            0.
        6038.       0.16461            0.
        6040.       0.17235            0.
        6042.       0.17973            0.
        6044.        0.1876            0.
        6046.       0.19512            0.
        6048.       0.20309            0.
        6050.       0.21121            0.
        6052.       0.21892            0.
        6054.       0.22772            0.
        6056.       0.23569            0.
        6058.         0.244            0.
        6060.       0.25209            0.
        6062.       0.26047            0.
        6064.       0.26885            0.
        6066.       0.27713            0.
        6068.       0.28541            0.
        6070.       0.29367            0.
        6072.       0.30173            0.
        6074.       0.30992            0.
        6076.       0.31854            0.
        6078.       0.32586            0.
        6080.       0.33393            0.
        6082.       0.34187            0.
        6084.       0.35073            0.
        6086.       0.35848            0.
        6088.       0.36706            0.
        6090.        0.3747            0.
        6092.       0.38259            0.
        6094.       0.39147            0.
        6096.       0.39881            0.
        6098.       0.40689            0.
        6100.       0.41479            0.
        6102.       0.42343            0.
        6104.       0.43086            0.
        6106.       0.43972            0.
        6108.        0.4475            0.
        6110.       0.45543            0.
        6112.       0.46273            0.
        6114.       0.47045            0.
        6116.       0.47889            0.
        6118.       0.48671            0.
        6120.       0.49311            0.
        6122.       0.50018            0.
        6124.       0.50709            0.
        6126.       0.51415            0.
        6128.       0.52154            0.
        6130.       0.52781            0.
        6132.       0.53384            0.
        6134.       0.54014            0.
        6136.        0.5461            0.
        6138.       0.55132            0.
        6140.       0.55853            0.
        6142.       0.56387            0.
        6144.       0.56958            0.
        6146.       0.57496            0.
        6148.       0.58026            0.
        6150.       0.58524            0.
        6152.        0.5911            0.
        6154.       0.59551            0.
        6156.       0.60089            0.
        6158.       0.60569            0.
        6160.       0.61031            0.
        6162.       0.61598            0.
        6164.       0.62011            0.
        6166.       0.62536            0.
        6168.       0.62965            0.
        6170.       0.63301            0.
        6172.       0.63891            0.
        6174.        0.6446            0.
        6176.       0.64646            0.
        6178.       0.65877            0.
        6180.       0.65967            0.
        6182.       0.66195            0.
        6184.        0.6674            0.
        6186.       0.67271            0.
        6188.       0.67769            0.
        6190.       0.68157            0.
        6192.       0.68755            0.
        6194.       0.69196            0.
        6196.       0.69684            0.
        6198.       0.70202            0.
        6200.       0.70576            0.
        6202.        0.7096            0.
        6204.       0.71465            0.
        6206.       0.71835            0.
        6208.       0.72259            0.
        6210.       0.72788            0.
        6212.       0.73057            0.
        6214.       0.73509            0.
        6216.       0.74042            0.
        6218.       0.74322            0.
        6220.       0.74674            0.
        6222.        0.7512            0.
        6224.       0.75481            0.
        6226.       0.75873            0.
        6228.        0.7619            0.
        6230.       0.76644            0.
        6232.       0.76884            0.
        6234.       0.77084            0.
        6236.       0.77487            0.
        6238.       0.77855            0.
        6240.       0.78225            0.
        6242.       0.78575            0.
        6244.       0.79004            0.
        6246.       0.79308            0.
        6248.       0.79578            0.
        6250.        0.7995            0.
        6252.       0.80224            0.
        6254.        0.8062            0.
        6256.       0.80915            0.
        6258.       0.81256            0.
        6260.       0.81589            0.
        6262.       0.81983            0.
        6264.       0.82307            0.
        6266.       0.82529            0.
        6268.       0.82863            0.
        6270.       0.83223            0.
        6272.       0.83637            0.
        6274.       0.83965            0.
        6276.       0.84229            0.
        6278.       0.84503            0.
        6280.       0.84896            0.
        6282.       0.85118            0.
        6284.       0.85426            0.
        6286.       0.85811            0.
        6288.       0.86132            0.
        6290.       0.86311            0.
        6292.       0.86572            0.
        6294.        0.8688            0.
        6296.       0.87014            0.
        6298.       0.87274            0.
        6300.       0.87604            0.
        6302.       0.87738            0.
        6304.       0.87928            0.
        6306.        0.8814            0.
        6308.       0.88378            0.
        6310.       0.88632            0.
        6312.       0.88832            0.
        6314.       0.89064            0.
        6316.       0.89228            0.
        6318.       0.89338            0.
        6320.       0.89676            0.
        6322.        0.8966            0.
        6324.       0.89854            0.
        6326.       0.90014            0.
        6328.       0.90182            0.
        6330.       0.90372            0.
        6332.       0.90514            0.
        6334.       0.90562            0.
        6336.       0.90668            0.
        6338.       0.90742            0.
        6340.       0.90742            0.
        6342.       0.90894            0.
        6344.       0.90912            0.
        6346.       0.91122            0.
        6348.        0.9116            0.
        6350.       0.91202            0.
        6352.       0.91368            0.
        6354.       0.91506            0.
        6356.       0.91296            0.
        6358.       0.91398            0.
        6360.       0.91576            0.
        6362.       0.91472            0.
        6364.       0.91506            0.
        6366.       0.91684            0.
        6368.       0.91506            0.
        6370.       0.91624            0.
        6372.       0.91756            0.
        6374.       0.91806            0.
        6376.       0.91814            0.
        6378.       0.91586            0.
        6380.       0.91588            0.
        6382.       0.91626            0.
        6384.       0.91692            0.
        6386.       0.91786            0.
        6388.       0.91644            0.
        6390.       0.91614            0.
        6392.       0.91686            0.
        6394.       0.91702            0.
        6396.       0.91768            0.
        6398.       0.91706            0.
        6400.       0.91618            0.
        6402.       0.91671            0.
        6404.       0.91694            0.
        6406.       0.91667            0.
        6408.       0.91537            0.
        6410.       0.91644            0.
        6412.       0.91619            0.
        6414.       0.91619            0.
        6416.       0.91643            0.
        6418.       0.91501            0.
        6420.       0.91532            0.
        6422.       0.91418            0.
        6424.       0.91494            0.
        6426.       0.91346            0.
        6428.       0.91372            0.
        6430.       0.91384            0.
        6432.        0.9122            0.
        6434.       0.91242            0.
        6436.       0.91114            0.
        6438.        0.9117            0.
        6440.       0.91169            0.
        6442.       0.91148            0.
        6444.       0.91178            0.
        6446.       0.91231            0.
        6448.       0.91147            0.
        6450.       0.91159            0.
        6452.       0.91059            0.
        6454.       0.90971            0.
        6456.       0.91056            0.
        6458.       0.90987            0.
        6460.       0.90957            0.
        6462.       0.90889            0.
        6464.       0.90986            0.
        6466.       0.91025            0.
        6468.       0.91099            0.
        6470.       0.91046            0.
        6472.       0.91056            0.
        6474.       0.91275            0.
        6476.       0.91149            0.
        6478.       0.91281            0.
        6480.       0.91431            0.
        6482.        0.9142            0.
        6484.       0.91524            0.
        6486.       0.91553            0.
        6488.       0.91505            0.
        6490.        0.9162            0.
        6492.       0.91624            0.
        6494.       0.91631            0.
        6496.       0.91823            0.
        6498.       0.91878            0.
        6500.       0.91883            0.
        6502.       0.91883            0.
        6504.       0.92052            0.
        6506.       0.92062            0.
        6508.       0.92195            0.
        6510.       0.92316            0.
        6512.       0.92257            0.
        6514.       0.92285            0.
        6516.       0.92324            0.
        6518.       0.92395            0.
        6520.       0.92504            0.
        6522.       0.92414            0.
        6524.       0.92525            0.
        6526.       0.92444            0.
        6528.       0.92422            0.
        6530.       0.92407            0.
        6532.       0.92613            0.
        6534.       0.92707            0.
        6536.       0.92773            0.
        6538.       0.92831            0.
        6540.       0.93027            0.
        6542.       0.93021            0.
        6544.       0.92968            0.
        6546.       0.93022            0.
        6548.         0.931            0.
        6550.       0.93177            0.
        6552.       0.93225            0.
        6554.       0.93293            0.
        6556.       0.93323            0.
        6558.       0.93439            0.
        6560.       0.93446            0.
        6562.       0.93537            0.
        6564.       0.93622            0.
        6566.       0.93806            0.
        6568.       0.93866            0.
        6570.       0.94046            0.
        6572.       0.94071            0.
        6574.       0.94177            0.
        6576.       0.94368            0.
        6578.       0.94435            0.
        6580.       0.94579            0.
        6582.       0.94612            0.
        6584.       0.94696            0.
        6586.       0.94756            0.
        6588.       0.94984            0.
        6590.       0.95048            0.
        6592.       0.95253            0.
        6594.       0.95383            0.
        6596.       0.95563            0.
        6598.       0.95664            0.
        6600.       0.95654            0.
        6602.       0.95817            0.
        6604.       0.95997            0.
        6606.       0.96181            0.
        6608.       0.96149            0.
        6610.       0.96258            0.
        6612.       0.96361            0.
        6614.       0.96464            0.
        6616.       0.96588            0.
        6618.       0.96694            0.
        6620.       0.96715            0.
        6622.       0.96801            0.
        6624.       0.96849            0.
        6626.       0.96975            0.
        6628.       0.96974            0.
        6630.       0.96973            0.
        6632.       0.96975            0.
        6634.       0.97096            0.
        6636.       0.97285            0.
        6638.       0.97246            0.
        6640.       0.97234            0.
        6642.       0.97206            0.
        6644.       0.97284            0.
        6646.       0.97368            0.
        6648.       0.97289            0.
        6650.       0.97539            0.
        6652.       0.97553            0.
        6654.       0.97583            0.
        6656.       0.97647            0.
        6658.        0.9771            0.
        6660.       0.97696            0.
        6662.       0.97806            0.
        6664.       0.97701            0.
        6666.       0.97924            0.
        6668.       0.97968            0.
        6670.         0.979            0.
        6672.       0.97934            0.
        6674.        0.9801            0.
        6676.       0.97992            0.
        6678.       0.97986            0.
        6680.        0.9812            0.
        6682.       0.98108            0.
        6684.       0.98154            0.
        6686.       0.98228            0.
        6688.       0.98282            0.
        6690.       0.98296            0.
        6692.       0.98384            0.
        6694.       0.98348            0.
        6696.       0.98362            0.
        6698.       0.98524            0.
        6700.       0.98422            0.
        6702.       0.98374            0.
        6704.       0.98398            0.
        6706.       0.98472            0.
        6708.       0.98498            0.
        6710.       0.98424            0.
        6712.        0.9851            0.
        6714.       0.98464            0.
        6716.       0.98334            0.
        6718.       0.98458            0.
        6720.       0.98288            0.
        6722.       0.98352            0.
        6724.        0.9853            0.
        6726.       0.98498            0.
        6728.       0.98384            0.
        6730.        0.9842            0.
        6732.       0.98374            0.
        6734.       0.98468            0.
        6736.       0.98466            0.
        6738.       0.98371            0.
        6740.       0.98338            0.
        6742.       0.98392            0.
        6744.       0.98464            0.
        6746.       0.98368            0.
        6748.        0.9839            0.
        6750.       0.98258            0.
        6752.       0.98304            0.
        6754.       0.98312            0.
        6756.        0.9836            0.
        6758.       0.98332            0.
        6760.        0.9843            0.
        6762.       0.98364            0.
        6764.       0.98416            0.
        6766.       0.98504            0.
        6768.       0.98378            0.
        6770.       0.98448            0.
        6772.       0.98428            0.
        6774.       0.98378            0.
        6776.       0.98522            0.
        6778.         0.985            0.
        6780.       0.98554            0.
        6782.        0.9854            0.
        6784.       0.98512            0.
        6786.       0.98554            0.
        6788.       0.98456            0.
        6790.       0.98308            0.
        6792.       0.98496            0.
        6794.       0.98444            0.
        6796.       0.98564            0.
        6798.       0.98328            0.
        6800.       0.98348            0.
        6802.        0.9831            0.
        6804.       0.98296            0.
        6806.       0.98261            0.
        6808.       0.98371            0.
        6810.       0.98316            0.
        6812.       0.98346            0.
        6814.       0.98297            0.
        6816.       0.98251            0.
        6818.       0.98347            0.
        6820.       0.98237            0.
        6822.       0.98181            0.
        6824.       0.98093            0.
        6826.       0.98095            0.
        6828.       0.98155            0.
        6830.        0.9811            0.
        6832.       0.98047            0.
        6834.       0.98243            0.
        6836.       0.98147            0.
        6838.       0.98243            0.
        6840.       0.98143            0.
        6842.       0.98274            0.
        6844.       0.98335            0.
        6846.       0.98336            0.
        6848.       0.98318            0.
        6850.        0.9816            0.
        6852.       0.98272            0.
        6854.       0.98274            0.
        6856.       0.98248            0.
        6858.       0.98348            0.
        6860.       0.98356            0.
        6862.       0.98258            0.
        6864.       0.98362            0.
        6866.       0.98256            0.
        6868.       0.98478            0.
        6870.       0.98339            0.
        6872.       0.98416            0.
        6874.       0.98254            0.
        6876.       0.98276            0.
        6878.       0.98456            0.
        6880.       0.98276            0.
        6882.       0.98264            0.
        6884.       0.98228            0.
        6886.        0.9815            0.
        6888.        0.9821            0.
        6890.       0.98255            0.
        6892.       0.98024            0.
        6894.       0.98074            0.
        6896.       0.98126            0.
        6898.        0.9798            0.
        6900.       0.97944            0.
        6902.       0.97978            0.
        6904.       0.97988            0.
        6906.       0.97972            0.
        6908.       0.98012            0.
        6910.        0.9796            0.
        6912.       0.97992            0.
        6914.       0.97658            0.
        6916.       0.97812            0.
        6918.       0.97716            0.
        6920.        0.9772            0.
        6922.       0.97646            0.
        6924.        0.9756            0.
        6926.       0.97716            0.
        6928.        0.9756            0.
        6930.       0.97506            0.
        6932.       0.97424            0.
        6934.       0.97274            0.
        6936.       0.97189            0.
        6938.       0.97284            0.
        6940.       0.97123            0.
        6942.       0.97202            0.
        6944.        0.9712            0.
        6946.       0.97058            0.
        6948.       0.96915            0.
        6950.       0.96904            0.
        6952.       0.96928            0.
        6954.       0.96612            0.
        6956.       0.96616            0.
        6958.       0.96554            0.
        6960.         0.963            0.
        6962.       0.96145            0.
        6964.       0.96073            0.
        6966.       0.95928            0.
        6968.       0.95743            0.
        6970.       0.95561            0.
        6972.       0.95527            0.
        6974.       0.95293            0.
        6976.       0.95123            0.
        6978.       0.94988            0.
        6980.       0.94956            0.
        6982.        0.9484            0.
        6984.       0.94547            0.
        6986.       0.94428            0.
        6988.       0.94339            0.
        6990.       0.94355            0.
        6992.       0.94023            0.
        6994.       0.93777            0.
        6996.       0.93781            0.
        6998.       0.93761            0.
        7000.        0.9349            0.
        7002.        0.9331            0.
        7004.       0.93106            0.
        7006.       0.92954            0.
        7008.       0.92931            0.
        7010.       0.92819            0.
        7012.         0.927            0.
        7014.        0.9262            0.
        7016.       0.92702            0.
        7018.       0.92539            0.
        7020.       0.92372            0.
        7022.       0.92439            0.
        7024.       0.92333            0.
        7026.       0.92279            0.
        7028.       0.92033            0.
        7030.       0.92086            0.
        7032.       0.91977            0.
        7034.       0.92026            0.
        7036.       0.91906            0.
        7038.       0.91766            0.
        7040.        0.9187            0.
        7042.       0.91778            0.
        7044.       0.91663            0.
        7046.       0.91575            0.
        7048.       0.91473            0.
        7050.       0.91213            0.
        7052.       0.91114            0.
        7054.       0.90892            0.
        7056.       0.90771            0.
        7058.       0.90492            0.
        7060.       0.90241            0.
        7062.       0.90104            0.
        7064.       0.89894            0.
        7066.       0.89601            0.
        7068.       0.89302            0.
        7070.        0.8884            0.
        7072.       0.88669            0.
        7074.        0.8846            0.
        7076.       0.88236            0.
        7078.        0.8776            0.
        7080.       0.87452            0.
        7082.       0.87074            0.
        7084.         0.867            0.
        7086.       0.86468            0.
        7088.       0.86067            0.
        7090.       0.85634            0.
        7092.       0.85358            0.
        7094.       0.85188            0.
        7096.       0.84905            0.
        7098.        0.8474            0.
        7100.       0.84403            0.
        7102.       0.84223            0.
        7104.       0.84047            0.
        7106.       0.83859            0.
        7108.       0.83685            0.
        7110.       0.83644            0.
        7112.       0.83423            0.
        7114.       0.83345            0.
        7116.       0.83259            0.
        7118.       0.83296            0.
        7120.         0.833            0.
        7122.       0.83371            0.
        7124.       0.83357            0.
        7126.       0.83491            0.
        7128.       0.83448            0.
        7130.       0.83578            0.
        7132.       0.83792            0.
        7134.       0.83917            0.
        7136.       0.84163            0.
        7138.       0.84146            0.
        7140.       0.84299            0.
        7142.       0.84412            0.
        7144.       0.84606            0.
        7146.       0.84913            0.
        7148.       0.85075            0.
        7150.       0.85054            0.
        7152.       0.85314            0.
        7154.       0.85562            0.
        7156.       0.85668            0.
        7158.       0.85631            0.
        7160.       0.85743            0.
        7162.       0.85929            0.
        7164.       0.86042            0.
        7166.       0.85941            0.
        7168.       0.85873            0.
        7170.       0.85912            0.
        7172.       0.85844            0.
        7174.       0.85887            0.
        7176.       0.85941            0.
        7178.       0.85962            0.
        7180.       0.85834            0.
        7182.       0.85622            0.
        7184.       0.85653            0.
        7186.       0.85438            0.
        7188.       0.85502            0.
        7190.       0.85377            0.
        7192.       0.85323            0.
        7194.       0.85251            0.
        7196.       0.85236            0.
        7198.       0.85045            0.
        7200.       0.85026            0.
        7202.       0.85043            0.
        7204.       0.84993            0.
        7206.       0.85013            0.
        7208.       0.84946            0.
        7210.       0.84985            0.
        7212.       0.84994            0.
        7214.       0.85065            0.
        7216.       0.85065            0.
        7218.       0.85499            0.
        7220.       0.85704            0.
        7222.        0.8555            0.
        7224.       0.85837            0.
        7226.       0.85803            0.
        7228.       0.86089            0.
        7230.       0.86393            0.
        7232.       0.86663            0.
        7234.       0.86872            0.
        7236.       0.87224            0.
        7238.       0.87622            0.
        7240.       0.87938            0.
        7242.       0.88274            0.
        7244.       0.88753            0.
        7246.       0.88995            0.
        7248.       0.89556            0.
        7250.       0.90008            0.
        7252.       0.90307            0.
        7254.       0.90595            0.
        7256.       0.90977            0.
        7258.       0.91566            0.
        7260.       0.91891            0.
        7262.       0.92099            0.
        7264.       0.92403            0.
        7266.       0.92874            0.
        7268.       0.93414            0.
        7270.       0.93685            0.
        7272.       0.93849            0.
        7274.       0.94334            0.
        7276.       0.94558            0.
        7278.       0.94932            0.
        7280.       0.95349            0.
        7282.       0.95676            0.
        7284.       0.95675            0.
        7286.       0.95804            0.
        7288.       0.96038            0.
        7290.       0.96136            0.
        7292.       0.96308            0.
        7294.       0.96542            0.
        7296.       0.96824            0.
        7298.        0.9676            0.
        7300.       0.96808            0.
        7302.       0.96688            0.
        7304.       0.96794            0.
        7306.       0.96856            0.
        7308.       0.96574            0.
        7310.        0.9636            0.
        7312.       0.96304            0.
        7314.       0.96053            0.
        7316.       0.95683            0.
        7318.       0.95493            0.
        7320.       0.95021            0.
        7322.        0.9456            0.
        7324.       0.94078            0.
        7326.       0.93608            0.
        7328.        0.9302            0.
        7330.       0.92527            0.
        7332.       0.91661            0.
        7334.       0.90952            0.
        7336.       0.90126            0.
        7338.       0.89451            0.
        7340.       0.88499            0.
        7342.       0.87743            0.
        7344.       0.86576            0.
        7346.       0.85618            0.
        7348.        0.8459            0.
        7350.       0.83283            0.
        7352.       0.82323            0.
        7354.       0.80928            0.
        7356.       0.79631            0.
        7358.       0.78584            0.
        7360.       0.77421            0.
        7362.       0.75914            0.
        7364.       0.74486            0.
        7366.       0.73273            0.
        7368.       0.71872            0.
        7370.       0.70297            0.
        7372.       0.68989            0.
        7374.       0.67553            0.
        7376.       0.66014            0.
        7378.       0.64443            0.
        7380.       0.62923            0.
        7382.       0.61457            0.
        7384.        0.5975            0.
        7386.         0.582            0.
        7388.       0.56668            0.
        7390.       0.55004            0.
        7392.       0.53476            0.
        7394.       0.51791            0.
        7396.       0.50011            0.
        7398.       0.48314            0.
        7400.       0.46657            0.
        7402.       0.45015            0.
        7404.       0.43599            0.
        7406.       0.41978            0.
        7408.       0.40341            0.
        7410.       0.38821            0.
        7412.        0.3734            0.
        7414.       0.35922            0.
        7416.        0.3447            0.
        7418.       0.33136            0.
        7420.        0.3184            0.
        7422.       0.30545            0.
        7424.       0.29312            0.
        7426.       0.28221            0.
        7428.       0.27087            0.
        7430.       0.25996            0.
        7432.       0.24927            0.
        7434.       0.23977            0.
        7436.       0.22959            0.
        7438.       0.22055            0.
        7440.       0.21119            0.
        7442.       0.20409            0.
        7444.       0.19589            0.
        7446.       0.18969            0.
        7448.       0.18265            0.
        7450.       0.17604            0.
        7452.       0.16974            0.
        7454.       0.16342            0.
        7456.       0.15778            0.
        7458.       0.15316            0.
        7460.       0.14803            0.
        7462.       0.14345            0.
        7464.       0.13934            0.
        7466.        0.1355            0.
        7468.       0.13121            0.
        7470.       0.12741            0.
        7472.       0.12363            0.
        7474.       0.11995            0.
        7476.         0.117            0.
        7478.       0.11478            0.
        7480.       0.11133            0.
        7482.       0.10815            0.
        7484.       0.10552            0.
        7486.       0.10311            0.
        7488.       0.10004            0.
        7490.        0.0978            0.
        7492.       0.09528            0.
        7494.       0.09323            0.
        7496.       0.09121            0.
        7498.       0.08851            0.
        7500.       0.08584            0.
        7502.       0.08359            0.
        7504.       0.08117            0.
        7506.       0.07883            0.
        7508.       0.07608            0.
        7510.       0.07392            0.
        7512.       0.07171            0.
        7514.       0.06892            0.
        7516.       0.06681            0.
        7518.       0.06439            0.
        7520.        0.0623            0.
        7522.       0.05993            0.
        7524.       0.05789            0.
        7526.       0.05586            0.
        7528.       0.05386            0.
        7530.       0.05167            0.
        7532.        0.0497            0.
        7534.       0.04802            0.
        7536.        0.0462            0.
        7538.       0.04479            0.
        7540.       0.04252            0.
        7542.       0.04103            0.
        7544.       0.03979            0.
        7546.       0.03824            0.
        7548.       0.03662            0.
        7550.       0.03549            0.
        7552.        0.0343            0.
        7554.       0.03297            0.
        7556.       0.03174            0.
        7558.       0.03065            0.
        7590.       0.02247            0.
        7600.       0.01952            0.
        7610.       0.01735            0.
        7620.       0.01527            0.
        7630.       0.01369            0.
        7640.       0.01209            0.
        7650.       0.01087            0.
        7660.       0.00961            0.
        7670.       0.00863            0.
        7680.       0.00764            0.
        7690.       0.00687            0.
        7700.       0.00612            0.
        7710.       0.00554            0.
        7720.       0.00498            0.
        7730.       0.00454            0.
        7740.       0.00411            0.
        7750.       0.00378            0.
        7760.       0.00344            0.
        7770.       0.00316            0.
        7780.       0.00286            0.
        7790.       0.00263            0.
        7800.       0.00238            0.
        7810.       0.00219            0.
        7820.         0.002            0.
        7830.       0.00185            0.
        7840.       0.00171            0.
        7850.       0.00159            0.
        7860.       0.00149            0.
        7870.        0.0014            0.
        7880.       0.00131            0.
        7890.       0.00123            0.
        7900.       0.00115            0.
        7910.       0.00108            0.
        7920.       0.00101            0.
        7930.   9.400000E-4            0.
        7940.   8.700000E-4            0.
        7950.   8.100000E-4            0.
        7960.   7.600000E-4            0.
        7970.   7.100000E-4            0.
        7980.   6.700000E-4            0.
        7990.   6.400000E-4            0.
        8000.   6.500000E-4            0.
        8010.   6.100000E-4            0.
        8020.   5.700000E-4            0.
        8030.   5.400000E-4            0.
        8040.   5.000000E-4            0.
        8050.   4.900000E-4            0.
        8060.   4.600000E-4            0.
        8070.   4.400000E-4            0.
        8080.   4.300000E-4            0.
        8090.   4.100000E-4            0.
        8100.   4.000000E-4            0.
        8110.   3.800000E-4            0.
        8120.   3.700000E-4            0.
        8130.   3.500000E-4            0.
        8140.   3.400000E-4            0.
        8150.   3.300000E-4            0.
        8160.   3.100000E-4            0.
        8170.   3.000000E-4            0.
        8180.   2.900000E-4            0.
        8190.   2.800000E-4            0.
        8200.   2.800000E-4            0.
        8210.   2.600000E-4            0.
        8220.   2.600000E-4            0.
        8230.   2.400000E-4            0.
        8240.   2.300000E-4            0.
        8250.   2.200000E-4            0.
        8260.   2.200000E-4            0.
        8270.   2.100000E-4            0.
        8280.   2.000000E-4            0.
        8290.   1.900000E-4            0.
        8300.   1.900000E-4            0.
        8310.   1.800000E-4            0.
        8320.   1.800000E-4            0.
        8330.   1.700000E-4            0.
        8340.   1.800000E-4            0.
        8350.   1.700000E-4            0.
        8360.   1.800000E-4            0.
        8370.   1.800000E-4            0.
        8380.   1.800000E-4            0.
        8390.   1.800000E-4            0.
        8400.   1.600000E-4            0.
        8410.   1.600000E-4            0.
        8420.   1.600000E-4            0.
        8430.   1.500000E-4            0.
        8440.   1.500000E-4            0.
        8450.   1.500000E-4            0.
        8460.   1.500000E-4            0.
        8470.   1.500000E-4            0.
        8480.   1.400000E-4            0.
        8490.   1.300000E-4            0.
        8500.   1.300000E-4            0.
        8510.   1.300000E-4            0.
        8520.   1.300000E-4            0.
        8530.   1.400000E-4            0.
        8540.   1.300000E-4            0.
        8550.   1.100000E-4            0.
        8560.   1.200000E-4            0.
        8570.   1.100000E-4            0.
        8580.   1.100000E-4            0.
        8590.   1.000000E-4            0.
        8600.   1.000000E-4            0.
        8610.   1.100000E-4            0.
        8620.   1.000000E-4            0.
        8630.   1.000000E-4            0.
        8640.   1.100000E-4            0.
        8650.   1.000000E-4            0.
        8660.   1.000000E-4            0.
        8670.   9.000000E-5            0.
        8680.   8.000000E-5            0.
        8690.   9.000000E-5            0.
        8700.   8.000000E-5            0.
        8710.   8.000000E-5            0.
        8720.   6.000000E-5            0.
        8730.   5.000000E-5            0.
        8740.   5.000000E-5            0.
        8750.   5.000000E-5            0.
        8760.   3.000000E-5            0.
        8770.   3.000000E-5            0.
        8780.   4.000000E-5            0.
        8790.   3.000000E-5            0.
        8800.   3.000000E-5            0.
        8810.   4.000000E-5            0.
        8820.   3.000000E-5            0.
        8830.   3.000000E-5            0.
        8840.   3.000000E-5            0.
        8850.   3.000000E-5            0.
        8860.   2.000000E-5            0.
        8870.   2.000000E-5            0.
        8880.   4.000000E-5            0.
        8890.   3.000000E-5            0.
        8900.   3.000000E-5            0.
        8910.   3.000000E-5            0.
        8920.   2.000000E-5            0.
        8930.   1.000000E-5            0.
        8940.   2.000000E-5            0.
        8950.   1.000000E-5            0.
        8960.   2.000000E-5            0.
        8970.   1.000000E-5            0.
        8980.   2.000000E-5            0.
        8990.   1.000000E-5            0.
        9000.   2.000000E-5            0.
        9010.   1.000000E-5            0.
        9020.   1.000000E-5            0.
        9030.   2.000000E-5            0.
        9040.   1.000000E-5            0.
        9050.            0.            0.
        9060.   1.000000E-5            0.
        9070.   1.000000E-5            0.
        9080.   1.000000E-5            0.
        9090.   2.000000E-5            0.
        9100.            0.            0.
        9110.   1.000000E-5            0.
        9120.   2.000000E-5            0.
        9130.   1.000000E-5            0.
        9140.   2.000000E-5            0.
        9150.   1.000000E-5            0.
        9160.   1.000000E-5            0.
        9170.   1.000000E-5            0.
        9180.   1.000000E-5            0.
        9190.   1.000000E-5            0.
        9200.   2.000000E-5            0.
        9210.   1.000000E-5            0.
        9220.   2.000000E-5            0.
        9230.   1.000000E-5            0.
        9240.   1.000000E-5            0.
        9250.            0.            0.
        9260.   2.000000E-5            0.
        9270.   1.000000E-5            0.
        9280.   1.000000E-5            0.
        9290.   2.000000E-5            0.
        9300.   1.000000E-5            0.
        9310.   1.000000E-5            0.
        9320.   1.000000E-5            0.
        9330.            0.            0.
        9340.   1.000000E-5            0.
        9350.   1.000000E-5            0.
        9360.            0.            0.
        9370.   2.000000E-5            0.
        9380.   2.000000E-5            0.
        9390.            0.            0.
        9400.   1.000000E-5            0.
        9410.   1.000000E-5            0.
        9420.   3.000000E-5            0.
        9430.   1.000000E-5            0.
        9440.   1.000000E-5            0.
        9450.   2.000000E-5            0.
        9460.   2.000000E-5            0.
        9470.   1.000000E-5            0.
        9480.   1.000000E-5            0.
        9490.   2.000000E-5            0.
        9500.   1.000000E-5            0.
        9510.            0.            0.
        9520.            0.            0.
        9530.            0.            0.
        9540.   1.000000E-5            0.
        9550.   1.000000E-5            0.
        9560.   1.000000E-5            0.
        9570.   1.000000E-5            0.
        9580.   1.000000E-5            0.
        9590.            0.            0.
        9600.   1.000000E-5            0.
        9610.   1.000000E-5            0.
        9620.   2.000000E-5            0.
        9630.   1.000000E-5            0.
        9640.   2.000000E-5            0.
        9650.   2.000000E-5            0.
        9660.   2.000000E-5            0.
        9670.   2.000000E-5            0.
        9680.   2.000000E-5            0.
        9690.   3.000000E-5            0.
        9700.   4.000000E-5            0.
        9710.   3.000000E-5            0.
        9720.   3.000000E-5            0.
        9730.   2.000000E-5            0.
        9740.   2.000000E-5            0.
        9750.   4.000000E-5            0.
        9760.   3.000000E-5            0.
        9770.   2.000000E-5            0.
        9780.   2.000000E-5            0.
        9790.   2.000000E-5            0.
        9800.   1.000000E-5            0.
        9810.   2.000000E-5            0.
        9820.   2.000000E-5            0.
        9830.   2.000000E-5            0.
        9840.   2.000000E-5            0.
        9850.   2.000000E-5            0.
        9860.   2.000000E-5            0.
        9870.   2.000000E-5            0.
        9880.   2.000000E-5            0.
        9890.   2.000000E-5            0.
        9900.   3.000000E-5            0.
        9910.   4.000000E-5            0.
        9920.   4.000000E-5            0.
        9930.   5.000000E-5            0.
        9940.   5.000000E-5            0.
        9950.   6.000000E-5            0.
        9960.   7.000000E-5            0.
        9970.   8.000000E-5            0.
        9980.   8.000000E-5            0.
        9990.   8.000000E-5            0.
       10000.   8.000000E-5            0.
       10010.   8.000000E-5            0.
       10020.   8.000000E-5            0.
       10030.   8.000000E-5            0.
       10040.   5.000000E-5            0.
       10050.   6.000000E-5            0.
       10060.   5.000000E-5            0.
       10070.   5.000000E-5            0.
       10080.   5.000000E-5            0.
       10090.   4.000000E-5            0.
       10100.   4.000000E-5            0.
       10110.   4.000000E-5            0.
       10120.   4.000000E-5            0.
       10130.   4.000000E-5            0.
       10140.   5.000000E-5            0.
       10150.   7.000000E-5            0.
       10160.   7.000000E-5            0.
       10170.   6.000000E-5            0.
       10180.   6.000000E-5            0.
       10190.   5.000000E-5            0.
       10200.   5.000000E-5            0.
       10210.   3.000000E-5            0.
       10220.   3.000000E-5            0.
       10230.   4.000000E-5            0.
       10240.   4.000000E-5            0.
       10250.   4.000000E-5            0.
       10260.   4.000000E-5            0.
       10270.   4.000000E-5            0.
       10280.   6.000000E-5            0.
       10290.   6.000000E-5            0.
       10300.   9.000000E-5            0.
       10310.   9.000000E-5            0.
       10320.   1.000000E-4            0.
       10330.   1.100000E-4            0.
       10340.   1.300000E-4            0.
       10350.   1.300000E-4            0.
       10360.   1.200000E-4            0.
       10370.   1.200000E-4            0.
       10380.   1.000000E-4            0.
       10390.   1.000000E-4            0.
       10400.   1.100000E-4            0.
       10410.   1.000000E-4            0.
       10420.   9.000000E-5            0.
       10430.   9.000000E-5            0.
       10440.   8.000000E-5            0.
       10450.   6.000000E-5            0.
       10460.   6.000000E-5            0.
       10470.   5.000000E-5            0.
       10480.   6.000000E-5            0.
       10490.   5.000000E-5            0.
       10500.   6.000000E-5            0.
       10510.   5.000000E-5            0.
       10520.   5.000000E-5            0.
       10530.   5.000000E-5            0.
       10540.   5.000000E-5            0.
       10550.   5.000000E-5            0.
       10560.   6.000000E-5            0.
       10570.   6.000000E-5            0.
       10580.   8.000000E-5            0.
       10590.   9.000000E-5            0.
       10600.   1.100000E-4            0.
       10610.   1.400000E-4            0.
       10620.   1.700000E-4            0.
       10630.   2.000000E-4            0.
       10640.   2.100000E-4            0.
       10650.   2.300000E-4            0.
       10660.   2.400000E-4            0.
       10670.   2.600000E-4            0.
       10680.   2.500000E-4            0.
       10690.   2.400000E-4            0.
       10700.   2.300000E-4            0.
       10710.   2.200000E-4            0.
       10720.   2.100000E-4            0.
       10730.   2.000000E-4            0.
       10740.   2.000000E-4            0.
       10750.   1.800000E-4            0.
       10760.   1.700000E-4            0.
       10770.   1.600000E-4            0.
       10780.   1.600000E-4            0.
       10790.   1.600000E-4            0.
       10800.   1.600000E-4            0.
       10810.   1.500000E-4            0.
       10820.   1.600000E-4            0.
       10830.   1.700000E-4            0.
       10840.   1.900000E-4            0.
       10850.   2.100000E-4            0.
       10860.   2.100000E-4            0.
       10870.   2.500000E-4            0.
       10880.   2.700000E-4            0.
       10890.   2.800000E-4            0.
       10900.   2.900000E-4            0.
       10910.   3.000000E-4            0.
       10920.   3.000000E-4            0.
       10930.   3.000000E-4            0.
       10940.   3.000000E-4            0.
       10950.   3.100000E-4            0.
       10960.   3.100000E-4            0.
       10970.   3.200000E-4            0.
       10980.   3.400000E-4            0.
       10990.   3.600000E-4            0.
       11000.   3.500000E-4            0.
       13000.            0.            0.
