        1850.   1.065394E-6         1860.
        1870.   6.939375E-6         1880.
        1890.   1.220168E-6         1900.
        1910.   7.957066E-7         1920.
        1930.   7.773669E-7         1940.
        1950.   5.421321E-7         1960.
        1970.   4.691976E-7         1980.
        1990.   7.013581E-7         2000.
        2010.   5.982110E-7         2020.
        2030.   4.912475E-7         2040.
        2050.   5.384217E-7         2060.
        2070.   4.573245E-7         2080.
        2090.   4.575366E-7         2100.
        2110.   4.574306E-7         2120.
        2130.   4.828728E-7         2140.
        2150.   4.575366E-7         2160.
        2170.   4.574306E-7         2180.
        2190.   4.579606E-7         2200.
        2210.   4.577486E-7         2220.
        2230.   4.582786E-7         2240.
        2250.   4.580666E-7         2260.
        2270.   4.580666E-7         2280.
        2290.   4.581727E-7         2300.
        2310.   4.580666E-7         2320.
        2330.   4.578546E-7         2340.
        2350.   4.579606E-7         2360.
        2370.   4.576426E-7         2380.
        2390.   4.577486E-7         2400.
        2410.   4.571125E-7         2420.
        2430.   4.566885E-7         2440.
        2450.   4.571125E-7         2460.
        2470.   4.567945E-7         2480.
        2490.   4.569005E-7         2500.
        2510.   4.570065E-7         2520.
        2530.   4.572186E-7         2540.
        2550.   4.573245E-7         2560.
        2570.   4.572186E-7         2580.
        2590.   4.575366E-7         2600.
        2610.   4.579606E-7         2620.
        2630.   4.576426E-7         2640.
        2650.   4.580666E-7         2660.
        2670.   4.579606E-7         2680.
        2690.   4.579606E-7         2700.
        2710.   4.581727E-7         2720.
        2730.   4.581727E-7         2740.
        2750.   4.583846E-7         2760.
        2770.   4.581727E-7         2780.
        2790.   4.580666E-7         2800.
        2810.   4.580666E-7         2820.
        2830.   4.576426E-7         2840.
        2850.   4.576426E-7         2860.
        2870.   4.574306E-7         2880.
        2890.   4.571125E-7         2900.
        2910.   4.571125E-7         2920.
        2930.   4.567945E-7         2940.
        2950.   4.569005E-7         2960.
        2970.   4.566885E-7         2980.
        2990.   4.567945E-7         3000.
        3010.   4.567945E-7         3020.
        3030.   4.567945E-7         3040.
        3050.   4.569005E-7         3060.
        3070.   4.569005E-7         3080.
        3090.   4.567945E-7         3100.
        3110.   4.571125E-7         3120.
        3130.   4.569005E-7         3140.
        3150.   4.566885E-7         3160.
        3170.   4.570065E-7         3180.
        3190.   4.565825E-7         3200.
        3210.   4.569005E-7         3220.
        3230.   4.566885E-7         3240.
        3250.   4.569005E-7         3260.
        3270.   4.565825E-7         3280.
        3290.   4.564765E-7         3300.
        3310.   4.564765E-7         3320.
        3330.   4.569005E-7         3340.
        3350.   4.563705E-7         3360.
        3370.   4.566885E-7         3380.
        3390.   4.565825E-7         3400.
        3410.   4.563705E-7         3420.
        3430.   4.566885E-7         3440.
        3450.   4.564765E-7         3460.
        3470.   4.566885E-7         3480.
        3490.   4.563705E-7         3500.
        3510.   4.562645E-7         3520.
        3530.   4.565825E-7         3540.
        3550.   4.560524E-7         3560.
        3570.   4.564765E-7         3580.
        3590.   4.563705E-7         3600.
        3610.   4.564765E-7         3620.
        3630.   4.565825E-7         3640.
        3650.   4.564765E-7         3660.
        3670.   4.566885E-7         3680.
        3690.   4.566885E-7         3700.
        3710.   4.563705E-7         3720.
        3730.   4.567945E-7         3740.
        3750.   4.564765E-7         3760.
        3770.   4.564765E-7         3780.
        3790.   4.567945E-7         3800.
        3810.   4.566885E-7         3820.
        3830.   4.569005E-7         3840.
        3850.   4.565825E-7         3860.
        3870.   4.570065E-7         3880.
        3890.   4.572186E-7         3900.
        3910.   4.567945E-7         3920.
        3930.   4.569005E-7         3940.
        3950.   4.567945E-7         3960.
        3970.   4.566885E-7         3980.
        3990.   4.567945E-7         4000.
        4010.   4.567945E-7         4020.
        4030.   4.570065E-7         4040.
        4050.   4.570065E-7         4060.
        4070.   4.571125E-7         4080.
        4090.   4.588087E-7         4100.
        4110.   4.664414E-7         4120.
        4130.   4.573245E-7         4140.
        4150.   4.776783E-7         4160.
        4170.   4.741801E-7         4180.
        4190.   5.333333E-7         4200.
        4210.   4.951699E-7         4220.
        4230.   6.515338E-7         4240.
        4250.   8.424567E-7         4260.
        4270.   8.232690E-7         4280.
        4290.   4.580666E-7         4300.
        4310.   4.573245E-7         4320.
        4330.   4.573245E-7         4340.
        4350.   4.573245E-7         4360.
        4370.   4.569005E-7         4380.
        4390.   9.043662E-7         4400.
        4410.   3.185583E-6         4420.
        4430.   4.079242E-6         4440.
        4450.   3.437885E-6         4460.
        4470.   2.163652E-6         4480.
        4490.   1.390843E-6         4500.
        4510.   1.172464E-6         4520.
        4530.   1.213808E-6         4540.
        4550.   1.405685E-6         4560.
        4570.   1.533956E-6         4580.
        4590.   1.236070E-6         4600.
        4610.   8.209368E-7         4620.
        4630.   6.107201E-7         4640.
        4650.   6.175047E-7         4660.
        4670.   7.869078E-7         4680.
        4690.   8.900549E-7         4700.
        4710.   1.220168E-6         4720.
        4730.   1.436427E-6         4740.
        4750.   1.447028E-6         4760.
        4770.   1.328298E-6         4780.
        4790.   1.174584E-6         4800.
        4810.   1.117339E-6         4820.
        4830.   1.143841E-6         4840.
        4850.   1.314517E-6         4860.
        4870.   1.623004E-6         4880.
        4890.   1.858345E-6         4900.
        4910.   1.830782E-6         4920.
        4930.   1.826542E-6         4940.
        4950.   1.801100E-6         4960.
        4970.   1.778838E-6         4980.
        4990.   1.679189E-6         5000.
        5010.   1.620884E-6         5020.
        5030.   1.685549E-6         5040.
        5050.   1.553038E-6         5060.
        5070.   1.058610E-6         5080.
        5090.   6.225932E-7         5100.
        5110.   4.632611E-7         5120.
        5130.   4.611409E-7         5140.
        5150.   4.645332E-7         5160.
        5170.   5.006824E-7         5180.
        5190.   4.806466E-7         5200.
        5210.   4.567945E-7         5220.
        5230.   4.569005E-7         5240.
        5250.   4.565825E-7         5260.
        5270.   4.570065E-7         5280.
        5290.   4.570065E-7         5300.
        5310.   4.569005E-7         5320.
        5330.   4.663353E-7         5340.
        5350.   4.579606E-7         5360.
        5370.   4.570065E-7         5380.
        5390.   4.570065E-7         5400.
        5410.   4.564765E-7         5420.
        5430.   4.899754E-7         5440.
        5450.   1.253031E-6         5460.
        5470.   1.177764E-6         5480.
        5490.   4.808587E-7         5500.
        5510.   4.565825E-7         5520.
        5530.   4.630491E-7         5540.
        5550.   4.567945E-7         5560.
        5570.   4.571125E-7         5580.
        5590.   4.573245E-7         5600.
        5610.   4.571125E-7         5620.
        5630.   4.571125E-7         5640.
        5650.   4.572186E-7         5660.
        5670.   4.570065E-7         5680.
        5690.   4.572186E-7         5700.
        5710.   4.571125E-7         5720.
        5730.   4.575366E-7         5740.
        5750.   4.572186E-7         5760.
        5770.   4.570065E-7         5780.
        5790.   4.574306E-7         5800.
        5810.   4.573245E-7         5820.
        5830.   4.576426E-7         5840.
        5850.   4.576426E-7         5860.
        5870.   4.578546E-7         5880.
        5890.   4.577486E-7         5900.
        5910.   4.577486E-7         5920.
        5930.   4.577486E-7         5940.
        5950.   4.580666E-7         5960.
        5970.   4.579606E-7         5980.
        5990.   4.580666E-7         6000.
        6010.   4.575366E-7         6020.
        6030.   4.575366E-7         6040.
        6050.   4.578546E-7         6060.
        6070.   4.574306E-7         6080.
        6090.   4.578546E-7         6100.
        6110.   4.576426E-7         6120.
        6130.   4.577486E-7         6140.
        6150.   4.578546E-7         6160.
        6170.   4.577486E-7         6180.
        6190.   4.574306E-7         6200.
        6210.   4.575366E-7         6220.
        6230.   4.575366E-7         6240.
        6250.   4.706817E-7         6260.
        6270.   4.573245E-7         6280.
        6290.   4.942158E-7         6300.
        6310.   4.704697E-7         6320.
        6330.   5.119194E-7         6340.
        6350.   4.607168E-7         6360.
        6370.   5.008944E-7         6380.
        6390.   6.178228E-7         6400.
        6410.   6.777181E-7         6420.
        6430.   6.078579E-7         6440.
        6450.   7.324189E-7         6460.
        6470.   7.186378E-7         6480.
        6490.   8.787119E-7         6500.
        6510.   1.061154E-6         6520.
        6530.   1.182005E-6         6540.
        6550.   1.362221E-6         6560.
        6570.   1.983436E-6         6580.
        6666.   1.743855E-4         6668.
        6670.   0.001207447         6672.
        6674.   0.003596899         6676.
        6678.   0.009032001         6680.
        6682.    0.02065063         6684.
        6686.    0.04319883         6688.
        6690.    0.08410786         6692.
        6694.     0.1545617         6696.
        6698.     0.2748824         6700.
        6702.     0.4594447         6704.
        6706.     0.6647849         6708.
        6710.     0.7946464         6712.
        6714.     0.8372622         6716.
        6718.      0.845637         6720.
        6722.     0.8548598         6724.
        6726.     0.8648247         6728.
        6730.     0.8694891         6732.
        6734.     0.8700191         6736.
        6738.      0.868217         6740.
        6742.     0.8614324         6744.
        6746.      0.846061         6748.
        6750.     0.8218909         6752.
        6754.     0.7841516         6756.
        6758.     0.7079308         6760.
        6762.     0.5605777         6764.
        6766.     0.3587358         6768.
        6770.     0.1790499         6772.
        6774.    0.07539389         6776.
        6778.    0.02991585         6780.
        6782.    0.01226529         6784.
        6786.   0.005272908         6788.
        6790.   0.002266481         6792.
        6794.   8.891008E-4         6796.
        6798.   1.608163E-4         6870.
        6880.   2.213476E-6         6890.
        6900.   1.324057E-6         6910.
        6920.   5.095872E-7         6930.
        6940.   4.594447E-7         6950.
        6960.   4.732260E-7         6970.
        6980.   4.572186E-7         6990.
        7000.   4.571125E-7         7010.
        7020.   4.570065E-7         7030.
        7040.   5.234744E-7         7050.
        7060.   4.570065E-7         7070.
        7080.   4.569005E-7         7090.
        7100.   4.572186E-7         7110.
        7120.   5.473266E-7         7130.
        7140.   4.570065E-7         7150.
        7160.   4.598688E-7         7170.
        7180.   4.963360E-7         7190.
        7200.   4.995163E-7         7210.
        7220.   4.786324E-7         7230.
        7240.   4.585966E-7         7250.
        7260.   6.777181E-7         7270.
        7280.   4.574306E-7         7290.
        7300.   4.658053E-7         7310.
        7320.   4.672894E-7         7330.
        7340.   4.575366E-7         7350.
        7360.   4.577486E-7         7370.
        7380.   4.765122E-7         7390.
        7400.   4.723779E-7         7410.
        7420.   4.757702E-7         7430.
        7440.   4.595507E-7         7450.
        7460.   4.580666E-7         7470.
        7480.   4.944278E-7         7490.
        7500.   4.725899E-7         7510.
        7520.   5.052408E-7         7530.
        7540.   4.576426E-7         7550.
        7560.   4.628371E-7         7570.
        7580.   4.574306E-7         7590.
        7600.   4.573245E-7         7610.
        7620.   4.573245E-7         7630.
        7640.   4.572186E-7         7650.
        7660.   4.576426E-7         7670.
        7680.   4.573245E-7         7690.
        7700.   4.574306E-7         7710.
        7720.   4.573245E-7         7730.
        7740.   4.570065E-7         7750.
        7760.   4.570065E-7         7770.
        7780.   4.570065E-7         7790.
        7800.   4.567945E-7         7810.
        7820.   4.567945E-7         7830.
        7840.   4.563705E-7         7850.
        7860.   4.565825E-7         7870.
        7880.   4.566885E-7         7890.
        7900.   4.559464E-7         7910.
        7920.   4.562645E-7         7930.
        7940.   4.564765E-7         7950.
        7960.   4.566885E-7         7970.
        7980.   4.566885E-7         7990.
        8000.   4.629431E-6         8010.
        8020.   8.109719E-7         8030.
        8040.   2.429736E-6         8050.
        8060.   5.430862E-7         8070.
        8080.   7.658119E-7         8090.
        8100.   1.729013E-6         8110.
        8120.   6.753859E-7         8130.
        8140.   1.794739E-6         8150.
        8160.   2.644935E-6         8170.
        8180.   2.873915E-6         8190.
        8200.   1.363281E-6         8210.
        8220.   1.218048E-6         8230.
        8240.   4.187371E-6         8250.
        8260.   6.031935E-6         8270.
        8280.   6.948916E-7         8290.
        8300.   1.035182E-5         8310.
        8320.   1.047161E-6         8330.
        8340.   3.441065E-6         8350.
        8360.   3.526933E-6         8370.
        8380.   3.745312E-6         8390.
        8400.   7.032663E-7         8410.
        8420.   1.754456E-6         8430.
        8440.   9.183594E-7         8450.
        8460.   1.841383E-6         8470.
        8480.   8.933412E-7         8490.
        8500.   1.036454E-6         8510.
        8520.   1.548797E-6         8530.
        8540.   2.665076E-6         8550.
        8560.   3.809978E-6         8570.
        8580.   9.913999E-7         8590.
        8600.   2.286623E-6         8610.
        8620.   1.961174E-6         8630.
        8640.   1.423706E-6         8650.
        8660.   1.351620E-6         8670.
        8680.   3.883124E-6         8690.
        8700.   1.008149E-6         8710.
        8720.   1.057338E-6         8730.
        8740.   2.141390E-6         8750.
        8760.   2.854833E-6         8770.
        8780.   5.423441E-6         8790.
        8800.   5.936526E-7         8810.
        8820.   1.614523E-6         8830.
        8840.   1.038044E-6         8850.
        8860.   2.117008E-6         8870.
        8880.   2.996886E-6         8890.
        8900.   2.390512E-6         8910.
        8920.   2.816670E-6         8930.
        8940.   6.736897E-6         8950.
        8960.   1.177764E-6         8970.
        8980.   1.985556E-6         8990.
        9000.   2.870735E-6         9010.
        9020.   1.041224E-6         9030.
        9040.   1.976015E-6         9050.
        9060.   2.284502E-6         9070.
        9080.   1.870006E-6         9090.
        9100.   6.195190E-6         9110.
        9120.   2.867554E-6         9130.
        9140.   4.670774E-6         9150.
        9160.   9.104087E-7         9170.
        9180.   2.670377E-6         9190.
        9200.   2.183794E-6         9210.
        9220.   9.231299E-7         9230.
        9240.   3.162261E-6         9250.
        9260.   2.830451E-6         9270.
        9280.   5.755250E-6         9290.
        9300.   6.471874E-7         9310.
        9320.   4.867952E-6         9330.
        9340.   5.931226E-7         9350.
        9360.   1.254091E-6         9370.
        9380.   7.977207E-6         9390.
        9400.   1.424766E-6         9410.
        9420.   2.070364E-6         9430.
        9440.   2.687338E-6         9450.
        9460.   2.040681E-6         9470.
        9480.   2.449877E-6         9490.
        9500.   7.678261E-7         9510.
        9520.   4.996223E-7         9530.
        9540.   7.044325E-7         9550.
        9560.   1.901809E-6         9570.
        9580.   2.757304E-6         9590.
        9600.   6.665871E-6         9610.
        9620.   2.588750E-6         9630.
        9640.   5.023785E-6         9650.
        9660.   7.114291E-6         9670.
        9680.   9.022460E-7         9690.
        9700.   1.023627E-6         9710.
        9720.   1.109918E-6         9730.
        9740.   2.192274E-6         9750.
        9760.   4.575366E-7         9770.
        9780.   8.356721E-7         9790.
        9800.   4.771483E-6         9810.
        9820.   1.178825E-6         9830.
        9840.   6.241833E-6         9850.
        9860.   1.699331E-6         9870.
        9880.   6.150665E-6         9890.
        9900.   5.137216E-6         9910.
        9920.   4.684555E-6         9930.
        9940.   1.232889E-6         9950.
        9960.   7.662359E-7         9970.
        9980.   1.018856E-5         9990.
       10000.   1.607102E-6        10010.
       10020.   6.399787E-6        10030.
       10040.   5.382097E-6        10050.
       10060.   2.056582E-6        10070.
       10080.   1.926191E-6        10090.
       10100.   1.075995E-6        10110.
       10120.   1.601802E-6        10130.
       10140.   1.787319E-6        10150.
       10160.   2.305704E-6        10170.
       10180.   5.559133E-6        10190.
       10200.   3.606440E-6        10210.
       10220.   2.007818E-6        10230.
       10240.   1.638905E-6        10250.
       10260.   4.528722E-6        10270.
       10280.   6.568343E-6        10290.
       10300.   1.173524E-6        10310.
       10320.   3.795137E-6        10330.
       10340.   4.364407E-6        10350.
       10360.   6.945735E-7        10370.
       10380.   8.482872E-7        10390.
       10400.   2.638574E-6        10410.
       10420.   9.581130E-7        10430.
       10440.   1.968595E-6        10450.
       10460.   1.025959E-6        10470.
       10480.   7.601934E-6        10490.
       10500.   5.375737E-6        10510.
       10520.   1.597562E-6        10530.
       10540.   8.666269E-6        10550.
       10560.   4.403631E-6        10570.
       10580.   3.249188E-6        10590.
       10600.   1.787319E-6        10610.
       10620.   6.869410E-7        10630.
       10640.   4.976081E-6        10650.
       10660.   2.470019E-6        10670.
       10680.   6.196250E-6        10690.
       10700.   1.350560E-6        10710.
       10720.   1.508514E-6        10730.
       10740.   2.278142E-6        10750.
       10760.   4.307162E-6        10770.
       10780.   9.118929E-6        10790.
       10800.   6.055257E-6        10810.
       10820.   9.708340E-6        10830.
       10840.   6.917113E-6        10850.
       10860.   1.245610E-5        10870.
       10880.   9.150731E-6        10890.
       10900.   4.677135E-6        10910.
       10920.   1.637845E-5        10930.
       10940.   1.309216E-5        10950.
       10960.   1.325118E-5        10970.
       10980.   9.457099E-6        10990.
       11000.   1.261512E-5         INDEF
