        1210.  1.113014E-18            0.
        1228.  1.113014E-18            0.
        1260.  1.113014E-18            0.
        1290.  1.113014E-18            0.
        1320.  1.113014E-18            0.
        1350.  1.113014E-18            0.
        1380.  1.113014E-18            0.
        1410.  1.113014E-18            0.
        1440.  1.113014E-18            0.
        1470.  1.113014E-18            0.
        1500.  1.113014E-18            0.
        1531.  1.113014E-18            0.
        1550.  1.113014E-18            0.
        1750.  1.113014E-18            0.
        1850.    0.03226012            0.
        1852.    0.03956091            0.
        1854.    0.03308337            0.
        1856.    0.03447463            0.
        1858.    0.03781655            0.
        1860.    0.03875782            0.
        1862.    0.04081881            0.
        1864.    0.03930377            0.
        1866.    0.04152884            0.
        1868.    0.04017595            0.
        1870.    0.04060964            0.
        1872.    0.04481319            0.
        1874.    0.04668036            0.
        1876.     0.0468406            0.
        1878.    0.05126483            0.
        1880.    0.05236057            0.
        1882.    0.05334693            0.
        1884.    0.05517189            0.
        1886.    0.05714173            0.
        1888.    0.05608053            0.
        1890.    0.05844376            0.
        1892.    0.06010561            0.
        1894.     0.0646987            0.
        1896.     0.0659259            0.
        1898.    0.06800704            0.
        1900.    0.07049789            0.
        1902.     0.0714027            0.
        1904.    0.07247541            0.
        1906.    0.07556786            0.
        1908.    0.07729495            0.
        1910.    0.08047376            0.
        1912.    0.08181705            0.
        1914.    0.08380032            0.
        1916.     0.0858997            0.
        1918.    0.08808926            0.
        1920.    0.09103204            0.
        1922.    0.09301339            0.
        1924.    0.09411969            0.
        1926.    0.09746352            0.
        1928.    0.09996397            0.
        1930.     0.1031668            0.
        1932.     0.1046962            0.
        1934.     0.1061748            0.
        1936.     0.1106028            0.
        1938.     0.1123885            0.
        1940.      0.115881            0.
        1942.     0.1182308            0.
        1944.     0.1198332            0.
        1946.     0.1216975            0.
        1948.     0.1236692            0.
        1950.     0.1273441            0.
        1952.     0.1302792            0.
        1954.     0.1328737            0.
        1956.     0.1340375            0.
        1958.     0.1357685            0.
        1960.     0.1395249            0.
        1962.     0.1418267            0.
        1964.     0.1438407            0.
        1966.      0.146984            0.
        1968.     0.1503307            0.
        1970.     0.1525395            0.
        1972.     0.1534615            0.
        1974.     0.1561721            0.
        1976.     0.1601339            0.
        1978.     0.1604515            0.
        1980.     0.1635142            0.
        1982.     0.1654437            0.
        1984.     0.1662065            0.
        1986.        0.1697            0.
        1988.     0.1713053            0.
        1990.     0.1730275            0.
        1992.     0.1756978            0.
        1994.     0.1782175            0.
        1996.     0.1782338            0.
        1998.      0.181449            0.
        2000.     0.1823989            0.
        2002.     0.1829765            0.
        2004.     0.1866792            0.
        2006.     0.1872645            0.
        2008.     0.1884082            0.
        2010.     0.1901075            0.
        2012.     0.1924688            0.
        2014.     0.1936346            0.
        2016.     0.1935463            0.
        2018.     0.1949721            0.
        2020.     0.1958539            0.
        2022.     0.1972893            0.
        2024.     0.1979005            0.
        2026.     0.2003204            0.
        2028.      0.201299            0.
        2030.     0.2015082            0.
        2032.     0.2029878            0.
        2034.     0.2028371            0.
        2036.     0.2042389            0.
        2038.      0.205233            0.
        2040.     0.2048262            0.
        2042.     0.2062481            0.
        2044.      0.207151            0.
        2046.     0.2068114            0.
        2048.     0.2079071            0.
        2050.      0.209307            0.
        2052.     0.2088522            0.
        2054.     0.2096524            0.
        2056.     0.2105831            0.
        2058.       0.21158            0.
        2060.     0.2111051            0.
        2062.      0.211154            0.
        2064.     0.2110984            0.
        2066.     0.2121596            0.
        2068.     0.2121279            0.
        2070.     0.2118477            0.
        2072.     0.2115407            0.
        2074.     0.2125011            0.
        2076.     0.2124714            0.
        2078.     0.2121461            0.
        2080.     0.2121874            0.
        2082.     0.2127151            0.
        2084.     0.2128974            0.
        2086.     0.2126729            0.
        2088.     0.2125482            0.
        2090.     0.2127948            0.
        2092.     0.2130116            0.
        2094.        0.2117            0.
        2096.     0.2123601            0.
        2098.     0.2126057            0.
        2100.     0.2120665            0.
        2102.     0.2122507            0.
        2104.     0.2124426            0.
        2106.     0.2120147            0.
        2108.     0.2120943            0.
        2110.     0.2112279            0.
        2112.     0.2119677            0.
        2114.     0.2107184            0.
        2116.     0.2114553            0.
        2118.     0.2110053            0.
        2120.     0.2103116            0.
        2122.      0.210703            0.
        2124.      0.210135            0.
        2126.     0.2099431            0.
        2128.     0.2097004            0.
        2130.     0.2097282            0.
        2132.     0.2082938            0.
        2134.      0.209424            0.
        2136.      0.207933            0.
        2138.     0.2075204            0.
        2140.     0.2074792            0.
        2142.     0.2067365            0.
        2144.     0.2069678            0.
        2146.     0.2055093            0.
        2148.     0.2053711            0.
        2150.     0.2047935            0.
        2152.     0.2049365            0.
        2154.     0.2046534            0.
        2156.     0.2042821            0.
        2158.     0.2034099            0.
        2160.     0.2030338            0.
        2162.      0.202177            0.
        2164.     0.2013844            0.
        2166.     0.2009057            0.
        2168.      0.200352            0.
        2170.     0.1989982            0.
        2172.     0.1991373            0.
        2174.     0.1991738            0.
        2176.     0.1984445            0.
        2178.     0.1974697            0.
        2180.     0.1966599            0.
        2182.      0.196397            0.
        2184.     0.1955287            0.
        2186.      0.194573            0.
        2188.     0.1945288            0.
        2190.     0.1933612            0.
        2192.     0.1926674            0.
        2194.     0.1921311            0.
        2196.     0.1913472            0.
        2198.     0.1905354            0.
        2200.     0.1894848            0.
        2202.      0.188792            0.
        2204.     0.1881617            0.
        2206.     0.1869892            0.
        2208.     0.1862782            0.
        2210.     0.1854779            0.
        2212.     0.1845213            0.
        2214.     0.1834937            0.
        2216.     0.1826925            0.
        2218.     0.1820794            0.
        2220.     0.1810777            0.
        2222.      0.180218            0.
        2224.     0.1790983            0.
        2226.     0.1781963            0.
        2228.     0.1774777            0.
        2230.     0.1766285            0.
        2232.     0.1757036            0.
        2234.     0.1743612            0.
        2236.      0.173302            0.
        2238.     0.1725209            0.
        2240.     0.1705223            0.
        2242.     0.1705434            0.
        2244.     0.1692289            0.
        2246.     0.1679499            0.
        2248.     0.1669923            0.
        2250.     0.1658265            0.
        2252.     0.1647903            0.
        2254.     0.1635746            0.
        2256.     0.1624318            0.
        2258.     0.1612373            0.
        2260.     0.1602605            0.
        2262.     0.1586946            0.
        2264.     0.1576814            0.
        2266.     0.1560579            0.
        2268.     0.1547511            0.
        2270.     0.1539864            0.
        2272.     0.1529252            0.
        2274.     0.1515358            0.
        2276.     0.1505428            0.
        2278.     0.1486391            0.
        2280.     0.1477976            0.
        2282.     0.1465714            0.
        2284.     0.1449259            0.
        2286.     0.1440805            0.
        2288.     0.1426058            0.
        2290.     0.1410639            0.
        2292.      0.139569            0.
        2294.     0.1387621            0.
        2296.     0.1370753            0.
        2298.     0.1354461            0.
        2300.     0.1345019            0.
        2302.     0.1327969            0.
        2304.      0.131184            0.
        2306.     0.1298781            0.
        2308.     0.1285531            0.
        2310.     0.1274228            0.
        2312.     0.1262829            0.
        2314.     0.1239648            0.
        2316.     0.1229304            0.
        2318.     0.1215622            0.
        2320.     0.1200107            0.
        2322.     0.1181646            0.
        2324.     0.1165939            0.
        2326.     0.1154838            0.
        2328.     0.1139803            0.
        2330.     0.1127348            0.
        2332.     0.1108149            0.
        2334.     0.1095512            0.
        2336.     0.1076668            0.
        2338.      0.106571            0.
        2340.     0.1049581            0.
        2342.     0.1034421            0.
        2344.     0.1020605            0.
        2346.      0.100106            0.
        2348.    0.09902845            0.
        2350.    0.09722845            0.
        2352.    0.09576522            0.
        2354.    0.09401606            0.
        2356.    0.09294335            0.
        2358.    0.09132756            0.
        2360.    0.08998714            0.
        2362.    0.08824182            0.
        2364.    0.08691484            0.
        2366.    0.08523668            0.
        2368.    0.08385117            0.
        2370.    0.08244648            0.
        2372.    0.08113389            0.
        2374.    0.07966106            0.
        2376.    0.07811052            0.
        2378.    0.07663578            0.
        2380.    0.07530975            0.
        2382.    0.07384941            0.
        2384.    0.07243223            0.
        2386.    0.07100067            0.
        2388.    0.06979074            0.
        2390.     0.0682757            0.
        2392.    0.06703988            0.
        2394.    0.06563134            0.
        2396.    0.06429572            0.
        2398.    0.06297258            0.
        2400.     0.0617972            0.
        2402.    0.06071297            0.
        2404.    0.05918833            0.
        2406.    0.05820101            0.
        2408.    0.05665431            0.
        2410.    0.05555569            0.
        2412.    0.05444171            0.
        2414.     0.0532577            0.
        2416.    0.05208136            0.
        2418.    0.05097122            0.
        2420.    0.04967014            0.
        2422.    0.04874903            0.
        2424.     0.0476696            0.
        2426.    0.04678303            0.
        2428.    0.04568345            0.
        2430.    0.04465871            0.
        2432.    0.04367906            0.
        2434.    0.04268407            0.
        2436.    0.04153075            0.
        2438.    0.04081114            0.
        2440.    0.03984013            0.
        2442.    0.03878181            0.
        2444.    0.03804875            0.
        2446.    0.03707486            0.
        2448.    0.03626985            0.
        2450.      0.035366            0.
        2452.    0.03472218            0.
        2454.    0.03362644            0.
        2456.    0.03293369            0.
        2458.    0.03225916            0.
        2460.    0.03151843            0.
        2462.    0.03069902            0.
        2464.    0.02998804            0.
        2466.    0.02952268            0.
        2468.    0.02863803            0.
        2470.    0.02769773            0.
        2480.    0.02483459            0.
        2490.    0.02190526            0.
        2500.    0.01963126            0.
        2510.    0.01730832            0.
        2520.    0.01551503            0.
        2530.     0.0137035            0.
        2540.    0.01228441            0.
        2550.    0.01085284            0.
        2560.   0.009759977            0.
        2570.   0.008646005            0.
        2580.   0.007777662            0.
        2590.   0.006912197            0.
        2600.   0.006248228            0.
        2610.   0.005569865            0.
        2620.   0.005048859            0.
        2630.    0.00451634            0.
        2640.   0.004102798            0.
        2650.   0.003693094            0.
        2660.   0.003369744            0.
        2670.   0.003041597            0.
        2680.   0.002785412            0.
        2690.   0.002520592            0.
        2700.   0.002316219            0.
        2710.    0.00210609            0.
        2720.   0.001942017            0.
        2730.   0.001769308            0.
        2740.   0.001635938            0.
        2750.   0.001497771            0.
        2760.   0.001389348            0.
        2770.   0.001277087            0.
        2780.   0.001184976            0.
        2790.   0.001093824            0.
        2800.   0.001020902            0.
        2810.   9.441425E-4            0.
        2820.   8.827349E-4            0.
        2830.   8.174893E-4            0.
        2840.   7.637576E-4            0.
        2850.   7.129044E-4            0.
        2860.   6.697271E-4            0.
        2870.   6.236714E-4            0.
        2880.   5.872106E-4            0.
        2890.   5.488308E-4            0.
        2900.   5.190865E-4            0.
        2910.   4.855042E-4            0.
        2920.   4.605573E-4            0.
        2930.   4.317725E-4            0.
        2940.   4.087446E-4            0.
        2950.   3.847573E-4            0.
        2960.   3.655674E-4            0.
        2970.   3.454180E-4            0.
        2980.   3.291066E-4            0.
        2990.   3.118357E-4            0.
        3000.   2.955243E-4            0.
        3010.   2.801724E-4            0.
        3020.   2.676990E-4            0.
        3030.   2.542660E-4            0.
        3040.   2.437116E-4            0.
        3050.   2.312382E-4            0.
        3060.   2.206837E-4            0.
        3070.   2.110888E-4            0.
        3080.   2.005343E-4            0.
        3090.   1.938179E-4            0.
        3100.   1.842229E-4            0.
        3110.   1.775065E-4            0.
        3120.   1.679115E-4            0.
        3130.   1.611951E-4            0.
        3140.   1.544786E-4            0.
        3150.   1.487216E-4            0.
        3160.   1.439242E-4            0.
        3170.   1.372077E-4            0.
        3180.   1.314507E-4            0.
        3190.   1.266533E-4            0.
        3200.   1.218558E-4            0.
        3210.   1.170583E-4            0.
        3220.   1.122609E-4            0.
        3230.   1.093824E-4            0.
        3240.   1.045849E-4            0.
        3250.   1.017064E-4            0.
        3260.   9.690893E-5            0.
        3270.   9.307096E-5            0.
        3280.   9.019248E-5            0.
        3290.   8.731399E-5            0.
        3300.   8.347601E-5            0.
        3310.   8.059753E-5            0.
        3320.   7.867854E-5            0.
        3330.   7.580005E-5            0.
        3340.   7.292158E-5            0.
        3350.   7.100259E-5            0.
        3360.   6.716461E-5            0.
        3370.   6.620512E-5            0.
        3380.   6.332663E-5            0.
        3390.   6.236714E-5            0.
        3400.   5.852916E-5            0.
        3410.   5.661017E-5            0.
        3420.   5.469118E-5            0.
        3430.   5.277219E-5            0.
        3440.   5.085320E-5            0.
        3450.   4.893421E-5            0.
        3460.   4.797472E-5            0.
        3470.   4.605573E-5            0.
        3480.   4.413674E-5            0.
        3490.   4.317725E-5            0.
        3500.   4.221775E-5            0.
        3510.   4.029876E-5            0.
        3520.   3.933927E-5            0.
        3530.   3.837977E-5            0.
        3540.   3.742028E-5            0.
        3550.   3.550130E-5            0.
        3560.   3.454180E-5            0.
        3570.   3.358231E-5            0.
        3580.   3.262281E-5            0.
        3590.   3.166332E-5            0.
        3600.   3.070382E-5            0.
        3610.   2.974433E-5            0.
        3620.   2.878483E-5            0.
        3630.   2.782534E-5            0.
        3640.   2.686584E-5            0.
        3650.   2.590635E-5            0.
        3660.   2.590635E-5            0.
        3670.   2.398736E-5            0.
        3680.   2.398736E-5            0.
        3690.   2.302787E-5            0.
        3700.   2.206837E-5            0.
        3710.   2.110888E-5            0.
        3720.   2.110888E-5            0.
        3730.   2.014938E-5            0.
        3740.   2.014938E-5            0.
        3750.   1.918989E-5            0.
        3760.   1.918989E-5            0.
        3770.   1.823039E-5            0.
        3780.   1.727090E-5            0.
        3790.   1.727090E-5            0.
        3800.   1.631141E-5            0.
        3810.   1.631141E-5            0.
        3820.   1.535191E-5            0.
        3830.   1.535191E-5            0.
        3840.   1.439242E-5            0.
        3850.   1.439242E-5            0.
        3860.   1.439242E-5            0.
        3870.   1.343292E-5            0.
        3880.   1.343292E-5            0.
        3890.   1.247343E-5            0.
        3900.   1.247343E-5            0.
        3910.   1.247343E-5            0.
        3920.   1.151393E-5            0.
        3930.   1.151393E-5            0.
        3940.   1.151393E-5            0.
        3950.   1.055444E-5            0.
        3960.   1.055444E-5            0.
        3970.   1.055444E-5            0.
        3980.   9.594944E-6            0.
        3990.   9.594944E-6            0.
        4000.   9.594944E-6            0.
        4010.   9.594944E-6            0.
        4020.   8.635450E-6            0.
        4030.   8.635450E-6            0.
        4040.   8.635450E-6            0.
        4050.   8.635450E-6            0.
        4060.   7.675955E-6            0.
        4070.   7.675955E-6            0.
        4080.   7.675955E-6            0.
        4090.   7.675955E-6            0.
        4100.   7.675955E-6            0.
        4110.   6.716461E-6            0.
        4120.   6.716461E-6            0.
        4130.   6.716461E-6            0.
        4140.   6.716461E-6            0.
        4150.   6.716461E-6            0.
        4160.   5.756967E-6            0.
        4170.   5.756967E-6            0.
        4180.   5.756967E-6            0.
        4190.   5.756967E-6            0.
        4200.   5.756967E-6            0.
        4210.   5.756967E-6            0.
        4220.   5.756967E-6            0.
        4230.   4.797472E-6            0.
        4240.   4.797472E-6            0.
        4250.   4.797472E-6            0.
        4260.   4.797472E-6            0.
        4270.   4.797472E-6            0.
        4280.   4.797472E-6            0.
        4290.   4.797472E-6            0.
        4300.   4.797472E-6            0.
        4310.   3.837978E-6            0.
        4320.   3.837978E-6            0.
        4330.   3.837978E-6            0.
        4340.   3.837978E-6            0.
        4350.   3.837978E-6            0.
        4360.   3.837978E-6            0.
        4370.   3.837978E-6            0.
        4380.   3.837978E-6            0.
        4390.   3.837978E-6            0.
        4400.   3.837978E-6            0.
        4410.   2.878483E-6            0.
        4420.   2.878483E-6            0.
        4430.   2.878483E-6            0.
        4440.   2.878483E-6            0.
        4450.   2.878483E-6            0.
        4460.   2.878483E-6            0.
        4470.   2.878483E-6            0.
        4480.   2.878483E-6            0.
        4490.   2.878483E-6            0.
        4500.   2.878483E-6            0.
        4510.   2.878483E-6            0.
        4520.   2.878483E-6            0.
        4530.   2.878483E-6            0.
        4540.   2.878483E-6            0.
        4550.   2.878483E-6            0.
        4560.   1.918989E-6            0.
        4570.   1.918989E-6            0.
        4580.   1.918989E-6            0.
        4590.   1.918989E-6            0.
        4600.   1.918989E-6            0.
        4610.   1.918989E-6            0.
        4620.   1.918989E-6            0.
        4630.   1.918989E-6            0.
        4640.   1.918989E-6            0.
        4650.   1.918989E-6            0.
        4660.   1.918989E-6            0.
        4670.   1.918989E-6            0.
        4680.   1.918989E-6            0.
        4690.   1.918989E-6            0.
        4700.   1.918989E-6            0.
        4710.   1.918989E-6            0.
        4720.   1.918989E-6            0.
        4730.   1.918989E-6            0.
        4740.   1.918989E-6            0.
        4750.   1.918989E-6            0.
        4760.   1.918989E-6            0.
        4770.   1.918989E-6            0.
        4780.   1.918989E-6            0.
        4790.   1.918989E-6            0.
        4800.   1.918989E-6            0.
        4810.   1.918989E-6            0.
        4820.   9.594944E-7            0.
        4830.   9.594944E-7            0.
        4840.   9.594944E-7            0.
        4850.   9.594944E-7            0.
        4860.   9.594944E-7            0.
        4870.   9.594944E-7            0.
        4880.   9.594944E-7            0.
        4890.   9.594944E-7            0.
        4900.   9.594944E-7            0.
        4910.   9.594944E-7            0.
        4920.   9.594944E-7            0.
        4930.   9.594944E-7            0.
        4940.   9.594944E-7            0.
        4950.   9.594944E-7            0.
        4960.   9.594944E-7            0.
        4970.   9.594944E-7            0.
        4980.   9.594944E-7            0.
        4990.   9.594944E-7            0.
        5000.   9.594944E-7            0.
        5010.   9.594944E-7            0.
        5020.   9.594944E-7            0.
        5030.   9.594944E-7            0.
        5040.   9.594944E-7            0.
        5050.   9.594944E-7            0.
        5060.   9.594944E-7            0.
        5070.   9.594944E-7            0.
        5080.   9.594944E-7            0.
        5090.   9.594944E-7            0.
        5100.   9.594944E-7            0.
        5110.   9.594944E-7            0.
        5120.   9.594944E-7            0.
        5130.   9.594944E-7            0.
        5140.   9.594944E-7            0.
        5150.   9.594944E-7            0.
        5160.   9.594944E-7            0.
        5170.   9.594944E-7            0.
        5180.   9.594944E-7            0.
        5190.   9.594944E-7            0.
        5200.   9.594944E-7            0.
        5210.   9.594944E-7            0.
        5220.   9.594944E-7            0.
        5230.   9.594944E-7            0.
        5240.   9.594944E-7            0.
        5250.   9.594944E-7            0.
        5260.   9.594944E-7            0.
        5270.   9.594944E-7            0.
        5280.   9.594944E-7            0.
        5290.   9.594944E-7            0.
        5300.   9.594944E-7            0.
        5310.   9.594944E-7            0.
        5320.   9.594944E-7            0.
        5330.   9.594944E-7            0.
        5340.   9.594944E-7            0.
        5350.   9.594944E-7            0.
        5360.   9.594944E-7            0.
        5370.   9.594944E-7            0.
        5380.            0.            0.
        5390.   9.594944E-7            0.
        5400.            0.            0.
        5410.            0.            0.
        5420.            0.            0.
        5430.            0.            0.
        5440.            0.            0.
        5450.            0.            0.
        5460.            0.            0.
        5470.            0.            0.
        5480.            0.            0.
        5490.            0.            0.
        5500.            0.            0.
        5510.            0.            0.
        5520.            0.            0.
        5530.            0.            0.
        5540.            0.            0.
        5550.            0.            0.
        5560.            0.            0.
        5570.            0.            0.
        5580.            0.            0.
        5590.            0.            0.
        5600.            0.            0.
        5610.            0.            0.
        5620.            0.            0.
        5630.            0.            0.
        5640.            0.            0.
        5650.            0.            0.
        5660.            0.            0.
        5670.            0.            0.
        5680.            0.            0.
        5690.            0.            0.
        5700.            0.            0.
        5710.            0.            0.
        5720.            0.            0.
        5730.            0.            0.
        5740.            0.            0.
        5750.            0.            0.
        5760.            0.            0.
        5770.            0.            0.
        5780.            0.            0.
        5790.            0.            0.
        5800.            0.            0.
        5810.            0.            0.
        5820.            0.            0.
        5830.            0.            0.
        5840.            0.            0.
        5850.            0.            0.
        5860.            0.            0.
        5870.            0.            0.
        5880.            0.            0.
        5890.            0.            0.
        5900.            0.            0.
        5910.            0.            0.
        5920.            0.            0.
        5930.            0.            0.
        5940.            0.            0.
        5950.            0.            0.
        5960.            0.            0.
        5970.            0.            0.
        5980.            0.            0.
        5990.            0.            0.
        6000.            0.            0.
        6010.            0.            0.
        6020.            0.            0.
        6030.            0.            0.
        6040.            0.            0.
        6050.            0.            0.
        6060.            0.            0.
        6070.            0.            0.
        6080.            0.            0.
        6090.            0.            0.
        6100.            0.            0.
        6110.            0.            0.
        6120.            0.            0.
        6130.            0.            0.
        6140.            0.            0.
        6150.            0.            0.
        6160.            0.            0.
        6170.            0.            0.
        6180.            0.            0.
        6190.            0.            0.
        6200.            0.            0.
        6210.            0.            0.
        6220.            0.            0.
        6230.            0.            0.
        6240.            0.            0.
        6250.            0.            0.
        6260.            0.            0.
        6270.            0.            0.
        6280.            0.            0.
        6290.            0.            0.
        6300.            0.            0.
        6310.            0.            0.
        6320.            0.            0.
        6330.            0.            0.
        6340.            0.            0.
        6350.            0.            0.
        6360.            0.            0.
        6370.            0.            0.
        6380.            0.            0.
        6390.            0.            0.
        6400.            0.            0.
        6410.            0.            0.
        6420.            0.            0.
        6430.            0.            0.
        6440.            0.            0.
        6450.            0.            0.
        6460.            0.            0.
        6470.            0.            0.
        6480.            0.            0.
        6490.            0.            0.
        6500.            0.            0.
        6510.            0.            0.
        6520.            0.            0.
        6530.            0.            0.
        6540.            0.            0.
        6550.            0.            0.
        6560.            0.            0.
        6570.            0.            0.
        6580.            0.            0.
        6590.            0.            0.
        6600.            0.            0.
        6610.            0.            0.
        6620.            0.            0.
        6630.            0.            0.
        6640.            0.            0.
        6650.            0.            0.
        6660.            0.            0.
        6670.            0.            0.
        6680.            0.            0.
        6690.            0.            0.
        6700.            0.            0.
        6710.            0.            0.
        6720.            0.            0.
        6730.            0.            0.
        6740.            0.            0.
        6750.            0.            0.
        6760.            0.            0.
        6770.            0.            0.
        6780.            0.            0.
        6790.            0.            0.
        6800.            0.            0.
        6810.            0.            0.
        6820.            0.            0.
        6830.            0.            0.
        6840.            0.            0.
        6850.            0.            0.
        6860.            0.            0.
        6870.            0.            0.
        6880.            0.            0.
        6890.            0.            0.
        6900.            0.            0.
        6910.            0.            0.
        6920.            0.            0.
        6930.            0.            0.
        6940.            0.            0.
        6950.            0.            0.
        6960.            0.            0.
        6970.            0.            0.
        6980.            0.            0.
        6990.            0.            0.
        7000.   2.950148E-7            0.
        7010.   2.948690E-7            0.
        7020.   2.947231E-7            0.
        7030.   2.945773E-7            0.
        7040.   2.944314E-7            0.
        7050.   2.942856E-7            0.
        7060.   2.941397E-7            0.
        7070.   2.939948E-7            0.
        7080.   2.938490E-7            0.
        7090.   2.937032E-7            0.
        7100.   2.935573E-7            0.
        7110.   2.946607E-7            0.
        7120.   2.957632E-7            0.
        7130.   2.968666E-7            0.
        7140.   2.979691E-7            0.
        7150.   2.990725E-7            0.
        7160.   3.001749E-7            0.
        7170.   3.012784E-7            0.
        7180.   3.023818E-7            0.
        7190.   3.034842E-7            0.
        7200.   3.045876E-7            0.
        7210.   3.054647E-7            0.
        7220.   3.063426E-7            0.
        7230.   3.072196E-7            0.
        7240.   3.080975E-7            0.
        7250.   3.089754E-7            0.
        7260.   3.098524E-7            0.
        7270.   3.107304E-7            0.
        7280.   3.116073E-7            0.
        7290.   3.124853E-7            0.
        7300.   3.133632E-7            0.
        7310.   3.121782E-7            0.
        7320.   3.109942E-7            0.
        7330.   3.098102E-7            0.
        7340.   3.086262E-7            0.
        7350.   3.074412E-7            0.
        7360.   3.062572E-7            0.
        7370.   3.050731E-7            0.
        7380.   3.038892E-7            0.
        7390.   3.027042E-7            0.
        7400.   3.015202E-7            0.
        7410.   3.033624E-7            0.
        7420.   3.052056E-7            0.
        7430.   3.070478E-7            0.
        7440.   3.088910E-7            0.
        7450.   3.107332E-7            0.
        7460.   3.125755E-7            0.
        7470.   3.144186E-7            0.
        7480.   3.162609E-7            0.
        7490.   3.181031E-7            0.
        7500.   3.199463E-7            0.
        7510.   3.191106E-7            0.
        7520.   3.182749E-7            0.
        7530.   3.174391E-7            0.
        7540.   3.166034E-7            0.
        7550.   3.157677E-7            0.
        7560.   3.149320E-7            0.
        7570.   3.140953E-7            0.
        7580.   3.132596E-7            0.
        7590.   3.124239E-7            0.
        7600.   3.115881E-7            0.
        7610.   3.131454E-7            0.
        7620.   3.147017E-7            0.
        7630.   3.162590E-7            0.
        7640.   3.178152E-7            0.
        7650.   3.193716E-7            0.
        7660.   3.209288E-7            0.
        7670.   3.224851E-7            0.
        7680.   3.240424E-7            0.
        7690.   3.255987E-7            0.
        7700.   3.271559E-7            0.
        7710.   3.369792E-7            0.
        7720.   3.468035E-7            0.
        7730.   3.566268E-7            0.
        7740.   3.664511E-7            0.
        7750.   3.762744E-7            0.
        7760.   3.860986E-7            0.
        7770.   3.959219E-7            0.
        7780.   4.057462E-7            0.
        7790.   4.155695E-7            0.
        7800.   4.253938E-7            0.
        7810.   4.289103E-7            0.
        7820.   4.324259E-7            0.
        7830.   4.359425E-7            0.
        7840.   4.394590E-7            0.
        7850.   4.429755E-7            0.
        7860.   4.464921E-7            0.
        7870.   4.500087E-7            0.
        7880.   4.535242E-7            0.
        7890.   4.570408E-7            0.
        7900.   4.605573E-7            0.
        7910.   4.663277E-7            0.
        7920.   4.720972E-7            0.
        7930.   4.778676E-7            0.
        7940.   4.836370E-7            0.
        7950.   4.894074E-7            0.
        7960.   4.951768E-7            0.
        7970.   5.009472E-7            0.
        7980.   5.067176E-7            0.
        7990.   5.124871E-7            0.
        8000.   5.182575E-7            0.
        8010.   5.167405E-7            0.
        8020.   5.152245E-7            0.
        8030.   5.137085E-7            0.
        8040.   5.121925E-7            0.
        8050.   5.106756E-7            0.
        8060.   5.091596E-7            0.
        8070.   5.076435E-7            0.
        8080.   5.061275E-7            0.
        8090.   5.046106E-7            0.
        8100.   5.030946E-7            0.
        8110.   5.142151E-7            0.
        8120.   5.253357E-7            0.
        8130.   5.364552E-7            0.
        8140.   5.475758E-7            0.
        8150.   5.586963E-7            0.
        8160.   5.698169E-7            0.
        8170.   5.809374E-7            0.
        8180.   5.920570E-7            0.
        8190.   6.031775E-7            0.
        8200.   6.142981E-7            0.
        8210.   6.184537E-7            0.
        8220.   6.226092E-7            0.
        8230.   6.267647E-7            0.
        8240.   6.309203E-7            0.
        8250.   6.350768E-7            0.
        8260.   6.392324E-7            0.
        8270.   6.433880E-7            0.
        8280.   6.475436E-7            0.
        8290.   6.516992E-7            0.
        8300.   6.558547E-7            0.
        8310.   6.652453E-7            0.
        8320.   6.746358E-7            0.
        8330.   6.840264E-7            0.
        8340.   6.934170E-7            0.
        8350.   7.028076E-7            0.
        8360.   7.121981E-7            0.
        8370.   7.215878E-7            0.
        8380.   7.309783E-7            0.
        8390.   7.403689E-7            0.
        8400.   7.497595E-7            0.
        8410.   7.546145E-7            0.
        8420.   7.594705E-7            0.
        8430.   7.643256E-7            0.
        8440.   7.691816E-7            0.
        8450.   7.740366E-7            0.
        8460.   7.788917E-7            0.
        8470.   7.837477E-7            0.
        8480.   7.886027E-7            0.
        8490.   7.934578E-7            0.
        8500.   7.983137E-7            0.
        8510.   8.125123E-7            0.
        8520.   8.267119E-7            0.
        8530.   8.409105E-7            0.
        8540.   8.551101E-7            0.
        8550.   8.693087E-7            0.
        8560.   8.835082E-7            0.
        8570.   8.977069E-7            0.
        8580.   9.119063E-7            0.
        8590.   9.261050E-7            0.
        8600.   9.403045E-7            0.
        8610.   9.395965E-7            0.
        8620.   9.388883E-7            0.
        8630.   9.381802E-7            0.
        8640.   9.374731E-7            0.
        8650.   9.367649E-7            0.
        8660.   9.360568E-7            0.
        8670.   9.353487E-7            0.
        8680.   9.346406E-7            0.
        8690.   9.339325E-7            0.
        8700.   9.332244E-7            0.
        8710.   9.259956E-7            0.
        8720.   9.187667E-7            0.
        8730.   9.115379E-7            0.
        8740.   9.043090E-7            0.
        8750.   8.970793E-7            0.
        8760.   8.898505E-7            0.
        8770.   8.826216E-7            0.
        8780.   8.753928E-7            0.
        8790.   8.681640E-7            0.
        8800.   8.609342E-7            0.
        8810.   8.667986E-7            0.
        8820.   8.726620E-7            0.
        8830.   8.785256E-7            0.
        8840.   8.843900E-7            0.
        8850.   8.902535E-7            0.
        8860.   8.961169E-7            0.
        8870.   9.019814E-7            0.
        8880.   9.078448E-7            0.
        8890.   9.137083E-7            0.
        8900.   9.195728E-7            0.
        8910.   9.185902E-7            0.
        8920.   9.176077E-7            0.
        8930.   9.166261E-7            0.
        8940.   9.156436E-7            0.
        8950.   9.146611E-7            0.
        8960.   9.136795E-7            0.
        8970.   9.126970E-7            0.
        8980.   9.117155E-7            0.
        8990.   9.107329E-7            0.
        9000.   9.097504E-7            0.
        9010.   9.152128E-7            0.
        9020.   9.206742E-7            0.
        9030.   9.261366E-7            0.
        9040.   9.315980E-7            0.
        9050.   9.370605E-7            0.
        9060.   9.425219E-7            0.
        9070.   9.479843E-7            0.
        9080.   9.534457E-7            0.
        9090.   9.589072E-7            0.
        9100.   9.643686E-7            0.
        9110.   9.692620E-7            0.
        9120.   9.741459E-7            0.
        9130.   9.790392E-7            0.
        9140.   9.839232E-7            0.
        9150.   9.888166E-7            0.
        9160.   9.937004E-7            0.
        9170.   9.985938E-7            0.
        9180.   1.003478E-6            0.
        9190.   1.008371E-6            0.
        9200.   1.013255E-6            0.
        9210.   1.002796E-6            0.
        9220.   9.923283E-7            0.
        9230.   9.818602E-7            0.
        9240.   9.713922E-7            0.
        9250.   9.609337E-7            0.
        9260.   9.504636E-7            0.
        9270.   9.399974E-7            0.
        9280.   9.295322E-7            0.
        9290.   9.190662E-7            0.
        9300.   9.086000E-7            0.
        9310.   9.193453E-7            0.
        9320.   9.300898E-7            0.
        9330.   9.408342E-7            0.
        9340.   9.515786E-7            0.
        9350.   9.623249E-7            0.
        9360.   9.730713E-7            0.
        9370.   9.838080E-7            0.
        9380.   9.945543E-7            0.
        9390.   1.005301E-6            0.
        9400.   1.016047E-6            0.
        9410.   1.004648E-6            0.
        9420.   9.932398E-7            0.
        9430.   9.818410E-7            0.
        9440.   9.704326E-7            0.
        9450.   9.590349E-7            0.
        9460.   9.476322E-7            0.
        9470.   9.362305E-7            0.
        9480.   9.248279E-7            0.
        9490.   9.134262E-7            0.
        9500.   9.020236E-7            0.
        9510.   9.091171E-7            0.
        9520.   9.162106E-7            0.
        9530.   9.233042E-7            0.
        9540.   9.303978E-7            0.
        9550.   9.374903E-7            0.
        9560.   9.445839E-7            0.
        9570.   9.516774E-7            0.
        9580.   9.587710E-7            0.
        9590.   9.658654E-7            0.
        9600.   9.729561E-7            0.
        9610.   9.783869E-7            0.
        9620.   9.838176E-7            0.
        9630.   9.892483E-7            0.
        9640.   9.946791E-7            0.
        9650.   1.000119E-6            0.
        9660.   1.005550E-6            0.
        9670.   1.010981E-6            0.
        9680.   1.016412E-6            0.
        9690.   1.021842E-6            0.
        9700.   1.027273E-6            0.
        9710.   1.031735E-6            0.
        9720.   1.036196E-6            0.
        9730.   1.040658E-6            0.
        9740.   1.045120E-6            0.
        9750.   1.049581E-6            0.
        9760.   1.054043E-6            0.
        9770.   1.058505E-6            0.
        9780.   1.062966E-6            0.
        9790.   1.067428E-6            0.
        9800.   1.071890E-6            0.
        9810.   1.079431E-6            0.
        9820.   1.086982E-6            0.
        9830.   1.094524E-6            0.
        9840.   1.102075E-6            0.
        9850.   1.109617E-6            0.
        9860.   1.117168E-6            0.
        9870.   1.124710E-6            0.
        9880.   1.132261E-6            0.
        9890.   1.139803E-6            0.
        9900.   1.147354E-6            0.
        9910.   1.126504E-6            0.
        9920.   1.105654E-6            0.
        9930.   1.084814E-6            0.
        9940.   1.063964E-6            0.
        9950.   1.043114E-6            0.
        9960.   1.022265E-6            0.
        9970.   1.001424E-6            0.
        9980.   9.805744E-7            0.
        9990.   9.597247E-7            0.
       10000.   9.388777E-7            0.
       10010.   9.391781E-7            0.
       10020.   9.394784E-7            0.
       10030.   9.397787E-7            0.
       10040.   9.400790E-7            0.
       10050.   9.403793E-7            0.
       10060.   9.406796E-7            0.
       10070.   9.409800E-7            0.
       10080.   9.412803E-7            0.
       10090.   9.415816E-7            0.
       10100.   9.418819E-7            0.
       10110.   1.343292E-5            0.
       10120.            0.            0.
       10130.   9.594944E-7            0.
       10140.            0.            0.
       10150.   1.918989E-6            0.
       10160.   6.716461E-6            0.
       10170.   3.837978E-6            0.
       10180.   9.594944E-7            0.
       10190.   9.594944E-7            0.
       10200.   2.878483E-6            0.
       10210.   9.594944E-7            0.
       10220.   9.594944E-7            0.
       10230.   2.878483E-6            0.
       10240.            0.            0.
       10250.   3.837978E-6            0.
       10260.   6.716461E-6            0.
       10270.   3.837978E-6            0.
       10280.   9.594944E-7            0.
       10290.   9.594944E-7            0.
       10300.            0.            0.
       10310.   9.594944E-7            0.
       10320.   6.716461E-6            0.
       10330.   9.594944E-7            0.
       10340.   9.594944E-7            0.
       10350.   9.594944E-7            0.
       10360.   9.594944E-7            0.
       10370.   2.878483E-6            0.
       10380.            0.            0.
       10390.   9.594944E-7            0.
       10400.   9.594944E-7            0.
       10410.   9.594944E-7            0.
       10420.   4.797472E-6            0.
       10430.   6.716461E-6            0.
       10440.   9.594944E-7            0.
       10450.   9.594944E-7            0.
       10460.   9.594944E-7            0.
       10470.   9.594944E-7            0.
       10480.   4.797472E-6            0.
       10490.   9.594944E-7            0.
       10500.   1.918989E-6            0.
       10510.   5.756967E-6            0.
       10520.   9.594944E-7            0.
       10530.            0.            0.
       10540.   9.594944E-7            0.
       10550.   9.594944E-7            0.
       10560.   5.756967E-6            0.
       10570.   9.594944E-7            0.
       10580.   9.594944E-7            0.
       10590.   9.594944E-7            0.
       10600.   2.878483E-6            0.
       10610.   2.878483E-6            0.
       10620.   7.675955E-6            0.
       10630.   3.837978E-6            0.
       10640.   9.594944E-7            0.
       10650.            0.            0.
       10660.   9.594944E-7            0.
       10670.   9.594944E-7            0.
       10680.   9.594944E-7            0.
       10690.   2.878483E-6            0.
       10700.   9.594944E-7            0.
       10710.   1.918989E-6            0.
       10720.   9.594944E-7            0.
       10730.   9.594944E-7            0.
       10740.            0.            0.
       10750.   1.918989E-6            0.
       10760.            0.            0.
       10770.   1.918989E-6            0.
       10780.   8.635450E-6            0.
       10790.            0.            0.
       10800.   1.918989E-6            0.
       10810.   2.878483E-6            0.
       10820.   9.594944E-7            0.
       10830.   7.675955E-6            0.
       10840.   9.594944E-7            0.
       10850.   9.594944E-7            0.
       10860.            0.            0.
       10870.   9.594944E-7            0.
       10880.   9.594944E-7            0.
       10890.   4.797472E-6            0.
       10900.   4.797472E-6            0.
       10910.   9.594944E-7            0.
       10920.   1.918989E-6            0.
       10930.   7.675955E-6            0.
       10940.   9.594944E-7            0.
       10950.   2.878483E-6            0.
       10960.            0.            0.
       10970.            0.            0.
       10980.   9.594944E-7            0.
       10990.   1.918989E-6            0.
       11000.   3.837978E-6            0.
