        1860.   3.972601E-6            0.
        1870.   1.986301E-6            0.
        1880.   3.972601E-6            0.
        1890.   3.972601E-6            0.
        1900.   4.965752E-6            0.
        1910.   4.965752E-6            0.
        1920.   2.979451E-6            0.
        1930.   1.986301E-6            0.
        1940.   2.979451E-6            0.
        1950.   3.972601E-6            0.
        1960.   3.972601E-6            0.
        1970.   3.972601E-6            0.
        1980.   3.972601E-6            0.
        1990.   3.972601E-6            0.
        2000.   2.979451E-6            0.
        2010.   1.986301E-6            0.
        2020.   2.979451E-6            0.
        2030.   2.979451E-6            0.
        2040.   2.979451E-6            0.
        2050.   2.979451E-6            0.
        2060.   1.986301E-6            0.
        2070.   1.986301E-6            0.
        2080.   1.986301E-6            0.
        2090.   1.986301E-6            0.
        2100.   1.986301E-6            0.
        2110.   1.986301E-6            0.
        2120.   1.986301E-6            0.
        2130.   1.986301E-6            0.
        2140.   1.986301E-6            0.
        2150.   1.986301E-6            0.
        2160.   1.986301E-6            0.
        2170.   1.986301E-6            0.
        2180.   1.986301E-6            0.
        2190.   1.986301E-6            0.
        2200.   1.986301E-6            0.
        2210.   1.986301E-6            0.
        2220.   1.986301E-6            0.
        2230.   1.986301E-6            0.
        2240.   1.986301E-6            0.
        2250.   1.986301E-6            0.
        2260.   9.931504E-7            0.
        2270.   1.986301E-6            0.
        2280.   1.986301E-6            0.
        2290.   1.986301E-6            0.
        2300.   9.931504E-7            0.
        2310.   9.931504E-7            0.
        2320.   9.931504E-7            0.
        2330.   9.931504E-7            0.
        2340.   1.986301E-6            0.
        2350.   1.986301E-6            0.
        2360.   1.986301E-6            0.
        2370.   1.986301E-6            0.
        2380.   1.986301E-6            0.
        2390.   1.986301E-6            0.
        2400.   1.986301E-6            0.
        2410.   1.986301E-6            0.
        2420.   1.986301E-6            0.
        2430.   1.986301E-6            0.
        2440.   1.986301E-6            0.
        2450.   1.986301E-6            0.
        2460.   1.986301E-6            0.
        2470.   1.986301E-6            0.
        2480.   1.986301E-6            0.
        2490.   1.986301E-6            0.
        2500.   1.986301E-6            0.
        2510.   1.986301E-6            0.
        2520.   1.986301E-6            0.
        2530.   1.986301E-6            0.
        2540.   1.986301E-6            0.
        2550.   1.986301E-6            0.
        2560.   1.986301E-6            0.
        2570.   1.986301E-6            0.
        2580.   1.986301E-6            0.
        2590.   1.986301E-6            0.
        2600.   1.986301E-6            0.
        2610.   1.986301E-6            0.
        2620.   1.986301E-6            0.
        2630.   1.986301E-6            0.
        2640.   1.986301E-6            0.
        2650.   1.986301E-6            0.
        2660.   1.986301E-6            0.
        2670.   1.986301E-6            0.
        2680.   1.986301E-6            0.
        2690.   1.986301E-6            0.
        2700.   1.986301E-6            0.
        2710.   1.986301E-6            0.
        2720.   1.986301E-6            0.
        2730.   1.986301E-6            0.
        2740.   1.986301E-6            0.
        2750.   1.986301E-6            0.
        2760.   1.986301E-6            0.
        2770.   1.986301E-6            0.
        2780.   1.986301E-6            0.
        2790.   1.986301E-6            0.
        2800.   1.986301E-6            0.
        2810.   1.986301E-6            0.
        2820.   1.986301E-6            0.
        2830.   1.986301E-6            0.
        2840.   1.986301E-6            0.
        2850.   1.986301E-6            0.
        2860.   1.986301E-6            0.
        2870.   1.986301E-6            0.
        2880.   1.986301E-6            0.
        2890.   9.931504E-7            0.
        2900.   1.986301E-6            0.
        2910.   1.986301E-6            0.
        2920.   1.986301E-6            0.
        2930.   1.986301E-6            0.
        2940.   1.986301E-6            0.
        2950.   1.986301E-6            0.
        2960.   1.986301E-6            0.
        2970.   1.986301E-6            0.
        2980.   9.931504E-7            0.
        2990.   9.931504E-7            0.
        3000.   9.931504E-7            0.
        3010.   9.931504E-7            0.
        3020.   9.931504E-7            0.
        3030.   9.931504E-7            0.
        3040.   9.931504E-7            0.
        3050.   9.931504E-7            0.
        3060.   9.931504E-7            0.
        3070.   9.931504E-7            0.
        3080.   9.931504E-7            0.
        3090.   9.931504E-7            0.
        3100.   9.931504E-7            0.
        3110.   9.931504E-7            0.
        3120.   9.931504E-7            0.
        3130.   9.931504E-7            0.
        3140.   9.931504E-7            0.
        3150.   9.931504E-7            0.
        3160.   9.931504E-7            0.
        3170.   9.931504E-7            0.
        3180.   9.931504E-7            0.
        3190.   9.931504E-7            0.
        3200.   9.931504E-7            0.
        3210.   9.931504E-7            0.
        3220.   9.931504E-7            0.
        3230.   9.931504E-7            0.
        3240.   9.931504E-7            0.
        3250.   9.931504E-7            0.
        3260.   9.931504E-7            0.
        3270.   9.931504E-7            0.
        3280.   9.931504E-7            0.
        3290.   9.931504E-7            0.
        3300.   9.931504E-7            0.
        3310.   9.931504E-7            0.
        3320.   9.931504E-7            0.
        3330.   9.931504E-7            0.
        3340.   9.931504E-7            0.
        3350.   9.931504E-7            0.
        3360.   9.931504E-7            0.
        3370.   9.931504E-7            0.
        3380.   1.986301E-6            0.
        3390.   1.986301E-6            0.
        3400.   9.931504E-7            0.
        3410.   9.931504E-7            0.
        3420.   9.931504E-7            0.
        3430.   9.931504E-7            0.
        3440.   1.986301E-6            0.
        3450.   1.986301E-6            0.
        3460.   9.931504E-7            0.
        3470.   9.931504E-7            0.
        3480.   9.931504E-7            0.
        3490.   9.931504E-7            0.
        3500.   9.931504E-7            0.
        3510.   9.931504E-7            0.
        3520.   9.931504E-7            0.
        3530.   9.931504E-7            0.
        3540.   9.931504E-7            0.
        3550.   9.931504E-7            0.
        3560.   9.931504E-7            0.
        3570.   9.931504E-7            0.
        3580.   9.931504E-7            0.
        3590.   9.931504E-7            0.
        3600.   9.931504E-7            0.
        3610.   9.931504E-7            0.
        3620.   9.931504E-7            0.
        3630.   9.931504E-7            0.
        3640.   9.931504E-7            0.
        3650.   9.931504E-7            0.
        3660.   9.931504E-7            0.
        3670.   9.931504E-7            0.
        3680.   9.931504E-7            0.
        3690.   9.931504E-7            0.
        3700.   9.931504E-7            0.
        3710.   9.931504E-7            0.
        3720.   9.931504E-7            0.
        3730.   9.931504E-7            0.
        3740.   9.931504E-7            0.
        3750.   9.931504E-7            0.
        3760.   9.931504E-7            0.
        3770.   9.931504E-7            0.
        3780.   9.931504E-7            0.
        3790.   9.931504E-7            0.
        3800.   9.931504E-7            0.
        3810.   9.931504E-7            0.
        3820.   9.931504E-7            0.
        3830.   9.931504E-7            0.
        3840.   9.931504E-7            0.
        3850.   9.931504E-7            0.
        3860.   9.931504E-7            0.
        3870.   9.931504E-7            0.
        3880.   9.931504E-7            0.
        3890.   9.931504E-7            0.
        3900.   9.931504E-7            0.
        3910.   9.931504E-7            0.
        3920.   9.931504E-7            0.
        3930.   9.931504E-7            0.
        3940.   9.931504E-7            0.
        3950.   9.931504E-7            0.
        3960.   1.986301E-6            0.
        3970.   1.986301E-6            0.
        3980.   1.986301E-6            0.
        3990.   1.986301E-6            0.
        4000.   1.986301E-6            0.
        4010.   1.986301E-6            0.
        4020.   1.986301E-6            0.
        4030.   1.986301E-6            0.
        4040.   2.979451E-6            0.
        4050.   2.979451E-6            0.
        4060.   2.979451E-6            0.
        4070.   2.979451E-6            0.
        4080.   2.979451E-6            0.
        4090.   2.979451E-6            0.
        4100.   1.986301E-6            0.
        4110.   1.986301E-6            0.
        4120.   1.986301E-6            0.
        4130.   1.986301E-6            0.
        4140.   1.986301E-6            0.
        4150.   2.979451E-6            0.
        4160.   2.979451E-6            0.
        4170.   2.979451E-6            0.
        4180.   2.979451E-6            0.
        4190.   2.979451E-6            0.
        4200.   2.979451E-6            0.
        4210.   2.979451E-6            0.
        4220.   2.979451E-6            0.
        4230.   2.979451E-6            0.
        4240.   2.979451E-6            0.
        4250.   2.979451E-6            0.
        4260.   2.979451E-6            0.
        4270.   2.979451E-6            0.
        4280.   2.979451E-6            0.
        4290.   1.986301E-6            0.
        4300.   9.931504E-7            0.
        4310.            0.            0.
        4320.            0.            0.
        4330.            0.            0.
        4340.            0.            0.
        4350.            0.            0.
        4360.   9.931504E-7            0.
        4370.   1.986301E-6            0.
        4380.   3.972601E-6            0.
        4390.   5.958903E-6            0.
        4400.   8.938354E-6            0.
        4410.   9.931504E-6            0.
        4420.   9.931504E-6            0.
        4430.   8.938354E-6            0.
        4440.   7.945203E-6            0.
        4450.   6.952053E-6            0.
        4460.   4.965752E-6            0.
        4470.   4.965752E-6            0.
        4480.   3.972601E-6            0.
        4490.   4.965752E-6            0.
        4500.   4.965752E-6            0.
        4510.   3.972601E-6            0.
        4520.   3.972601E-6            0.
        4530.   2.979451E-6            0.
        4540.   2.979451E-6            0.
        4550.   1.986301E-6            0.
        4560.   1.986301E-6            0.
        4570.   1.986301E-6            0.
        4580.   1.986301E-6            0.
        4590.   1.986301E-6            0.
        4600.   1.986301E-6            0.
        4610.   1.986301E-6            0.
        4620.   1.986301E-6            0.
        4630.   1.986301E-6            0.
        4640.   1.986301E-6            0.
        4650.   1.986301E-6            0.
        4660.   9.931504E-7            0.
        4670.   9.931504E-7            0.
        4680.   9.931504E-7            0.
        4690.   9.931504E-7            0.
        4700.   9.931504E-7            0.
        4710.   9.931504E-7            0.
        4720.   9.931504E-7            0.
        4730.   9.931504E-7            0.
        4740.   9.931504E-7            0.
        4750.   9.931504E-7            0.
        4760.   9.931504E-7            0.
        4770.   1.986301E-6            0.
        4780.   1.986301E-6            0.
        4790.   1.986301E-6            0.
        4800.   1.986301E-6            0.
        4810.   9.931504E-7            0.
        4820.   9.931504E-7            0.
        4830.   9.931504E-7            0.
        4840.   1.986301E-6            0.
        4850.   1.986301E-6            0.
        4860.   1.986301E-6            0.
        4870.   1.986301E-6            0.
        4880.   1.986301E-6            0.
        4890.   9.931504E-7            0.
        4900.   9.931504E-7            0.
        4910.   9.931504E-7            0.
        4920.   9.931504E-7            0.
        4930.   9.931504E-7            0.
        4940.   9.931504E-7            0.
        4950.   9.931504E-7            0.
        4960.   9.931504E-7            0.
        4970.   9.931504E-7            0.
        4980.   9.931504E-7            0.
        4990.   9.931504E-7            0.
        5000.   9.931504E-7            0.
        5010.   9.931504E-7            0.
        5020.   9.931504E-7            0.
        5030.   9.931504E-7            0.
        5040.   9.931504E-7            0.
        5050.   9.931504E-7            0.
        5060.   9.931504E-7            0.
        5070.   9.931504E-7            0.
        5080.   9.931504E-7            0.
        5090.   9.931504E-7            0.
        5100.   9.931504E-7            0.
        5110.   9.931504E-7            0.
        5120.   9.931504E-7            0.
        5130.   9.931504E-7            0.
        5140.   9.931504E-7            0.
        5150.   9.931504E-7            0.
        5160.   9.931504E-7            0.
        5170.   9.931504E-7            0.
        5180.   9.931504E-7            0.
        5190.   9.931504E-7            0.
        5200.   9.931504E-7            0.
        5210.   9.931504E-7            0.
        5220.   9.931504E-7            0.
        5230.   9.931504E-7            0.
        5240.   9.931504E-7            0.
        5250.   9.931504E-7            0.
        5260.   9.931504E-7            0.
        5270.   9.931504E-7            0.
        5280.   9.931504E-7            0.
        5290.   9.931504E-7            0.
        5300.   9.931504E-7            0.
        5310.   9.931504E-7            0.
        5320.   9.931504E-7            0.
        5330.   9.931504E-7            0.
        5340.   9.931504E-7            0.
        5350.   9.931504E-7            0.
        5360.   9.931504E-7            0.
        5370.   9.931504E-7            0.
        5380.   9.931504E-7            0.
        5390.   9.931504E-7            0.
        5400.   9.931504E-7            0.
        5410.   9.931504E-7            0.
        5420.   9.931504E-7            0.
        5430.   1.986301E-6            0.
        5440.   1.986301E-6            0.
        5450.   1.986301E-6            0.
        5460.   1.986301E-6            0.
        5470.   1.986301E-6            0.
        5480.   2.979451E-6            0.
        5490.   2.979451E-6            0.
        5500.   2.979451E-6            0.
        5510.   2.979451E-6            0.
        5520.   3.972601E-6            0.
        5530.   3.972601E-6            0.
        5540.   3.972601E-6            0.
        5550.   4.965752E-6            0.
        5560.   4.965752E-6            0.
        5570.   4.965752E-6            0.
        5580.   4.965752E-6            0.
        5590.   4.965752E-6            0.
        5600.   4.965752E-6            0.
        5610.   4.965752E-6            0.
        5620.   5.958903E-6            0.
        5630.   5.958903E-6            0.
        5640.   5.958903E-6            0.
        5650.   5.958903E-6            0.
        5660.   5.958903E-6            0.
        5670.   5.958903E-6            0.
        5680.   5.958903E-6            0.
        5690.   6.952053E-6            0.
        5700.   6.952053E-6            0.
        5710.   7.945203E-6            0.
        5720.   8.938354E-6            0.
        5730.   1.092465E-5            0.
        5740.   1.390411E-5            0.
        5750.   2.284246E-5            0.
        5808.   9.931504E-5            0.
        5810.   9.931504E-5            0.
        5812.   1.986301E-4            0.
        5814.   2.532534E-4            0.
        5816.   3.545547E-4            0.
        5818.   4.926026E-4            0.
        5820.   6.475341E-4            0.
        5822.   8.660271E-4            0.
        5824.   0.001183835            0.
        5826.   0.001596986            0.
        5828.    0.00216904            0.
        5830.    0.00291589            0.
        5832.   0.003972602            0.
        5834.    0.00551993            0.
        5836.   0.007660169            0.
        5838.    0.01078561            0.
        5840.    0.01525976            0.
        5842.     0.0217927            0.
        5844.    0.03120578            0.
        5846.    0.04479108            0.
        5848.    0.06395392            0.
        5850.    0.09054056            0.
        5852.     0.1272722            0.
        5854.     0.1755691            0.
        5856.     0.2367373            0.
        5858.     0.3110746            0.
        5860.     0.3960584            0.
        5862.     0.4892855            0.
        5864.     0.5834361            0.
        5866.     0.6715683            0.
        5868.     0.7467895            0.
        5870.     0.8056039            0.
        5872.     0.8482597            0.
        5874.     0.8762367            0.
        5876.     0.8932395            0.
        5878.     0.9028532            0.
        5880.     0.9080473            0.
        5882.     0.9108878            0.
        5884.     0.9120498            0.
        5886.     0.9129237            0.
        5888.     0.9135593            0.
        5890.      0.913897            0.
        5892.     0.9143142            0.
        5894.     0.9145823            0.
        5896.     0.9145426            0.
        5898.     0.9137481            0.
        5900.     0.9125761            0.
        5902.      0.910272            0.
        5904.     0.9068754            0.
        5906.     0.9020885            0.
        5908.     0.8955237            0.
        5910.      0.885771            0.
        5912.     0.8714101            0.
        5914.     0.8503751            0.
        5916.     0.8194981            0.
        5918.     0.7756306            0.
        5920.     0.7163395            0.
        5922.     0.6410786            0.
        5924.     0.5529067            0.
        5926.     0.4564519            0.
        5928.     0.3602256            0.
        5930.     0.2728184            0.
        5932.     0.1990273            0.
        5934.      0.141226            0.
        5936.    0.09824741            0.
        5938.    0.06768122            0.
        5940.    0.04662643            0.
        5942.    0.03210756            0.
        5944.    0.02234291            0.
        5946.    0.01591524            0.
        5948.    0.01140534            0.
        5950.   0.008299758            0.
        5952.   0.006143629            0.
        5954.    0.00455856            0.
        5956.   0.003406506            0.
        5958.   0.002597088            0.
        5960.   0.001981335            0.
        5962.   0.001505616            0.
        5964.   0.001169931            0.
        5966.   9.127053E-4            0.
        5968.   7.140752E-4            0.
        5970.   5.154451E-4            0.
        5972.   4.151369E-4            0.
        5974.   2.979451E-4            0.
        5976.   2.155136E-4            0.
        5978.   1.986301E-4            0.
        5980.   9.931504E-5            0.
        6010.   2.284246E-5            0.
        6010.   2.284246E-5            0.
        6020.   1.589041E-5            0.
        6030.   1.191781E-5            0.
        6040.   9.931504E-6            0.
        6050.   8.938354E-6            0.
        6060.   7.945203E-6            0.
        6070.   7.945203E-6            0.
        6080.   7.945203E-6            0.
        6090.   7.945203E-6            0.
        6100.   7.945203E-6            0.
        6110.   7.945203E-6            0.
        6120.   7.945203E-6            0.
        6130.   6.952053E-6            0.
        6140.   6.952053E-6            0.
        6150.   6.952053E-6            0.
        6160.   6.952053E-6            0.
        6170.   6.952053E-6            0.
        6180.   7.945203E-6            0.
        6190.   7.945203E-6            0.
        6200.   7.945203E-6            0.
        6210.   7.945203E-6            0.
        6220.   7.945203E-6            0.
        6230.   7.945203E-6            0.
        6240.   7.945203E-6            0.
        6250.   7.945203E-6            0.
        6260.   7.945203E-6            0.
        6270.   7.945203E-6            0.
        6280.   7.945203E-6            0.
        6290.   7.945203E-6            0.
        6300.   7.945203E-6            0.
        6310.   7.945203E-6            0.
        6320.   7.945203E-6            0.
        6330.   7.945203E-6            0.
        6340.   7.945203E-6            0.
        6350.   8.938354E-6            0.
        6360.   8.938354E-6            0.
        6370.   8.938354E-6            0.
        6380.   8.938354E-6            0.
        6390.   8.938354E-6            0.
        6400.   8.938354E-6            0.
        6410.   8.938354E-6            0.
        6420.   8.938354E-6            0.
        6430.   8.938354E-6            0.
        6440.   8.938354E-6            0.
        6450.   8.938354E-6            0.
        6460.   7.945203E-6            0.
        6470.   7.945203E-6            0.
        6480.   6.952053E-6            0.
        6490.   6.952053E-6            0.
        6500.   6.952053E-6            0.
        6510.   6.952053E-6            0.
        6520.   6.952053E-6            0.
        6530.   5.958903E-6            0.
        6540.   4.965752E-6            0.
        6550.   3.972601E-6            0.
        6560.   2.979451E-6            0.
        6570.   1.986301E-6            0.
        6580.   1.986301E-6            0.
        6590.   1.986301E-6            0.
        6600.   1.986301E-6            0.
        6610.   1.986301E-6            0.
        6620.   9.931504E-7            0.
        6630.   9.931504E-7            0.
        6640.   9.931504E-7            0.
        6650.   9.931504E-7            0.
        6660.   9.931504E-7            0.
        6670.   9.931504E-7            0.
        6680.   9.931504E-7            0.
        6690.   9.931504E-7            0.
        6700.   9.931504E-7            0.
        6710.   9.931504E-7            0.
        6720.   9.931504E-7            0.
        6730.   9.931504E-7            0.
        6740.   9.931504E-7            0.
        6750.   9.931504E-7            0.
        6760.   9.931504E-7            0.
        6770.   9.931504E-7            0.
        6780.   9.931504E-7            0.
        6790.   9.931504E-7            0.
        6800.   9.931504E-7            0.
        6810.   9.931504E-7            0.
        6820.   9.931504E-7            0.
        6830.   9.931504E-7            0.
        6840.   9.931504E-7            0.
        6850.   9.931504E-7            0.
        6860.   9.931504E-7            0.
        6870.   9.931504E-7            0.
        6880.   9.931504E-7            0.
        6890.   9.931504E-7            0.
        6900.   9.931504E-7            0.
        6910.   9.931504E-7            0.
        6920.   9.931504E-7            0.
        6930.   9.931504E-7            0.
        6940.   9.931504E-7            0.
        6950.   9.931504E-7            0.
        6960.   9.931504E-7            0.
        6970.   9.931504E-7            0.
        6980.   9.931504E-7            0.
        6990.   9.931504E-7            0.
        7000.   9.931504E-7            0.
        7010.   9.931504E-7            0.
        7020.   9.931504E-7            0.
        7030.   9.931504E-7            0.
        7040.   9.931504E-7            0.
        7050.   9.931504E-7            0.
        7060.   9.931504E-7            0.
        7070.   9.931504E-7            0.
        7080.   9.931504E-7            0.
        7090.   9.931504E-7            0.
        7100.   9.931504E-7            0.
        7110.   9.931504E-7            0.
        7120.   9.931504E-7            0.
        7130.   9.931504E-7            0.
        7140.   9.931504E-7            0.
        7150.   9.931504E-7            0.
        7160.   9.931504E-7            0.
        7170.   9.931504E-7            0.
        7180.   9.931504E-7            0.
        7190.   9.931504E-7            0.
        7200.   9.931504E-7            0.
        7210.   9.931504E-7            0.
        7220.   9.931504E-7            0.
        7230.   9.931504E-7            0.
        7240.   9.931504E-7            0.
        7250.   9.931504E-7            0.
        7260.   9.931504E-7            0.
        7270.   1.986301E-6            0.
        7280.   1.986301E-6            0.
        7290.   1.986301E-6            0.
        7300.   1.986301E-6            0.
        7310.   1.986301E-6            0.
        7320.   1.986301E-6            0.
        7330.   1.986301E-6            0.
        7340.   1.986301E-6            0.
        7350.   9.931504E-7            0.
        7360.   9.931504E-7            0.
        7370.   9.931504E-7            0.
        7380.   9.931504E-7            0.
        7390.   9.931504E-7            0.
        7400.   9.931504E-7            0.
        7410.   9.931504E-7            0.
        7420.   9.931504E-7            0.
        7430.   9.931504E-7            0.
        7440.   9.931504E-7            0.
        7450.   9.931504E-7            0.
        7460.   9.931504E-7            0.
        7470.   9.931504E-7            0.
        7480.   9.931504E-7            0.
        7490.   1.986301E-6            0.
        7500.   1.986301E-6            0.
        7510.   1.986301E-6            0.
        7520.   1.986301E-6            0.
        7530.   1.986301E-6            0.
        7540.   1.986301E-6            0.
        7550.   1.986301E-6            0.
        7560.   1.986301E-6            0.
        7570.   9.931504E-7            0.
        7580.   9.931504E-7            0.
        7590.   9.931504E-7            0.
        7600.   9.931504E-7            0.
        7610.   9.931504E-7            0.
        7620.   9.931504E-7            0.
        7630.   9.931504E-7            0.
        7640.   9.931504E-7            0.
        7650.   9.931504E-7            0.
        7660.   9.931504E-7            0.
        7670.   9.931504E-7            0.
        7680.   9.931504E-7            0.
        7690.   9.931504E-7            0.
        7700.   9.931504E-7            0.
        7710.   9.931504E-7            0.
        7720.   9.931504E-7            0.
        7730.   9.931504E-7            0.
        7740.   9.931504E-7            0.
        7750.   9.931504E-7            0.
        7760.   9.931504E-7            0.
        7770.   9.931504E-7            0.
        7780.   9.931504E-7            0.
        7790.   9.931504E-7            0.
        7800.   9.931504E-7            0.
        7810.   9.931504E-7            0.
        7820.   9.931504E-7            0.
        7830.            0.            0.
        7840.            0.            0.
        7850.            0.            0.
        7860.            0.            0.
        7870.            0.            0.
        7880.            0.            0.
        7890.            0.            0.
        7900.            0.            0.
        7910.            0.            0.
        7920.            0.            0.
        7930.   1.986301E-6            0.
        7940.   5.958903E-6            0.
        7950.   9.931504E-6            0.
        7960.   1.191781E-5            0.
        7970.   8.938354E-6            0.
        7980.   3.972601E-6            0.
        7990.   1.986301E-6            0.
        8000.   9.931504E-7            0.
        8010.   9.931504E-7            0.
        8020.   1.986301E-6            0.
        8030.   2.979451E-6            0.
        8040.   1.986301E-6            0.
        8050.   9.931504E-7            0.
        8060.   1.986301E-6            0.
        8070.   1.986301E-6            0.
        8080.   2.979451E-6            0.
        8090.   2.979451E-6            0.
        8100.   1.986301E-6            0.
        8110.   6.952053E-6            0.
        8120.   1.092465E-5            0.
        8130.   2.979451E-6            0.
        8140.   1.986301E-6            0.
        8150.   2.979451E-6            0.
        8160.   3.972601E-6            0.
        8170.   3.972601E-6            0.
        8180.   1.986301E-6            0.
        8190.   9.931504E-7            0.
        8200.   3.972601E-6            0.
        8210.   6.952053E-6            0.
        8220.   6.952053E-6            0.
        8230.   4.965752E-6            0.
        8240.   5.958903E-6            0.
        8250.   9.931504E-6            0.
        8260.   1.092465E-5            0.
        8270.   5.958903E-6            0.
        8280.   9.931504E-7            0.
        8290.   9.931504E-7            0.
        8300.   9.931504E-7            0.
        8310.   9.931504E-7            0.
        8320.   2.979451E-6            0.
        8330.   2.979451E-6            0.
        8340.   2.979451E-6            0.
        8350.   3.972601E-6            0.
        8360.   4.965752E-6            0.
        8370.   1.986301E-6            0.
        8380.   9.931504E-7            0.
        8390.   9.931504E-7            0.
        8400.   9.931504E-7            0.
        8410.   1.986301E-6            0.
        8420.   3.972601E-6            0.
        8430.   6.952053E-6            0.
        8440.   9.931504E-6            0.
        8450.   6.952053E-6            0.
        8460.   1.986301E-6            0.
        8470.   1.986301E-6            0.
        8480.   3.972601E-6            0.
        8490.   1.986301E-6            0.
        8500.   1.986301E-6            0.
        8510.   4.965752E-6            0.
        8520.   7.945203E-6            0.
        8530.   6.952053E-6            0.
        8540.   4.965752E-6            0.
        8550.   5.958903E-6            0.
        8560.   4.965752E-6            0.
        8570.   2.979451E-6            0.
        8580.   9.931504E-7            0.
        8590.   1.986301E-6            0.
        8600.   1.986301E-6            0.
        8610.   1.986301E-6            0.
        8620.   9.931504E-7            0.
        8630.   9.931504E-7            0.
        8640.   9.931504E-7            0.
        8650.   1.986301E-6            0.
        8660.   4.965752E-6            0.
        8670.   7.945203E-6            0.
        8680.   4.965752E-6            0.
        8690.   4.965752E-6            0.
        8700.   3.972601E-6            0.
        8710.   9.931504E-7            0.
        8720.   9.931504E-7            0.
        8730.   9.931504E-7            0.
        8740.   1.986301E-6            0.
        8750.   9.931504E-7            0.
        8760.            0.            0.
        8770.            0.            0.
        8780.   9.931504E-7            0.
        8790.   9.931504E-7            0.
        8800.   1.986301E-6            0.
        8810.   2.979451E-6            0.
        8820.   2.979451E-6            0.
        8830.   3.972601E-6            0.
        8840.   9.931504E-7            0.
        8850.   9.931504E-7            0.
        8860.   1.986301E-6            0.
        8870.   3.972601E-6            0.
        8880.   4.965752E-6            0.
        8890.   1.986301E-6            0.
        8900.   9.931504E-7            0.
        8910.   3.972601E-6            0.
        8920.   2.979451E-6            0.
        8930.   9.931504E-7            0.
        8940.   9.931504E-7            0.
        8950.   2.979451E-6            0.
        8960.   9.931504E-6            0.
        8970.   6.952053E-6            0.
        8980.   9.931504E-7            0.
        8990.            0.            0.
        9000.            0.            0.
        9010.   9.931504E-7            0.
        9020.   9.931504E-7            0.
        9030.   9.931504E-7            0.
        9040.   2.979451E-6            0.
        9050.   1.986301E-6            0.
        9060.   9.931504E-7            0.
        9070.            0.            0.
        9080.            0.            0.
        9090.   9.931504E-7            0.
        9100.   1.986301E-6            0.
        9110.   9.931504E-7            0.
        9120.   9.931504E-7            0.
        9130.   5.958903E-6            0.
        9140.   3.972601E-6            0.
        9150.   3.972601E-6            0.
        9160.   5.958903E-6            0.
        9170.   2.979451E-6            0.
        9180.   5.958903E-6            0.
        9190.   8.938354E-6            0.
        9200.   8.938354E-6            0.
        9210.   6.952053E-6            0.
        9220.   4.965752E-6            0.
        9230.   3.972601E-6            0.
        9240.   1.986301E-6            0.
        9250.   1.986301E-6            0.
        9260.   1.986301E-6            0.
        9270.   3.972601E-6            0.
        9280.   5.958903E-6            0.
        9290.   4.965752E-6            0.
        9300.   3.972601E-6            0.
        9310.   9.931504E-7            0.
        9320.            0.            0.
        9330.   9.931504E-7            0.
        9340.   1.986301E-6            0.
        9350.   2.979451E-6            0.
        9360.   3.972601E-6            0.
        9370.   2.979451E-6            0.
        9380.   2.979451E-6            0.
        9390.   5.958903E-6            0.
        9400.   5.958903E-6            0.
        9410.   4.965752E-6            0.
        9420.   4.965752E-6            0.
        9430.   2.979451E-6            0.
        9440.   9.931504E-7            0.
        9450.   9.931504E-7            0.
        9460.   1.986301E-6            0.
        9470.   9.931504E-7            0.
        9480.   9.931504E-7            0.
        9490.   9.931504E-7            0.
        9500.   3.972601E-6            0.
        9510.   4.965752E-6            0.
        9520.   2.979451E-6            0.
        9530.   1.986301E-6            0.
        9540.   2.979451E-6            0.
        9550.   4.965752E-6            0.
        9560.   1.986301E-6            0.
        9570.   9.931504E-7            0.
        9580.   9.931504E-7            0.
        9590.   1.986301E-6            0.
        9600.   1.986301E-6            0.
        9610.   9.931504E-7            0.
        9620.   9.931504E-7            0.
        9630.   2.979451E-6            0.
        9640.   1.986301E-6            0.
        9650.   1.986301E-6            0.
        9660.   2.979451E-6            0.
        9670.   2.979451E-6            0.
        9680.   3.972601E-6            0.
        9690.   3.972601E-6            0.
        9700.   4.965752E-6            0.
        9710.   2.979451E-6            0.
        9720.   9.931504E-7            0.
        9730.   9.931504E-7            0.
        9740.   9.931504E-7            0.
        9750.   9.931504E-7            0.
        9760.   9.931504E-7            0.
        9770.   2.979451E-6            0.
        9780.   2.979451E-6            0.
        9790.   9.931504E-7            0.
        9800.   9.931504E-7            0.
        9810.   9.931504E-7            0.
        9820.   9.931504E-7            0.
        9830.   9.931504E-7            0.
        9840.   1.986301E-6            0.
        9850.   2.979451E-6            0.
        9860.   9.931504E-7            0.
        9870.   1.986301E-6            0.
        9880.   2.979451E-6            0.
        9890.   9.931504E-7            0.
        9900.   1.986301E-6            0.
        9910.   2.979451E-6            0.
        9920.   4.965752E-6            0.
        9930.   4.965752E-6            0.
        9940.   9.931504E-7            0.
        9950.            0.            0.
        9960.            0.            0.
        9970.   9.931504E-7            0.
        9980.   3.972601E-6            0.
        9990.   3.972601E-6            0.
       10000.   1.986301E-6            0.
       10010.   1.986301E-6            0.
       10020.   1.986301E-6            0.
       10030.   9.931504E-7            0.
       10040.   9.931504E-7            0.
       10050.   9.931504E-7            0.
       10060.   9.931504E-7            0.
       10070.   9.931504E-7            0.
       10080.   1.986301E-6            0.
       10090.   3.972601E-6            0.
       10100.   1.986301E-6            0.
       10110.   9.931504E-7            0.
       10120.   9.931504E-7            0.
       10130.   9.931504E-7            0.
       10140.   1.986301E-6            0.
       10150.   2.979451E-6            0.
       10160.   1.986301E-6            0.
       10170.   9.931504E-7            0.
       10180.   9.931504E-7            0.
       10190.   1.986301E-6            0.
       10200.   9.931504E-7            0.
       10210.   9.931504E-7            0.
       10220.   1.986301E-6            0.
       10230.   2.979451E-6            0.
       10240.   3.972601E-6            0.
       10250.   4.965752E-6            0.
       10260.   4.965752E-6            0.
       10270.   2.979451E-6            0.
       10280.   3.972601E-6            0.
       10290.   3.972601E-6            0.
       10300.   3.972601E-6            0.
       10310.   2.979451E-6            0.
       10320.   2.979451E-6            0.
       10330.   2.979451E-6            0.
       10340.   1.986301E-6            0.
       10350.   9.931504E-7            0.
       10360.   1.986301E-6            0.
       10370.   1.986301E-6            0.
       10380.   1.986301E-6            0.
       10390.   4.965752E-6            0.
       10400.   1.986301E-6            0.
       10410.   9.931504E-7            0.
       10420.   9.931504E-7            0.
       10430.   2.979451E-6            0.
       10440.   2.979451E-6            0.
       10450.   2.979451E-6            0.
       10460.   2.979451E-6            0.
       10470.   3.972601E-6            0.
       10480.   3.972601E-6            0.
       10490.   1.986301E-6            0.
       10500.   9.931504E-7            0.
       10510.   9.931504E-7            0.
       10520.   2.979451E-6            0.
       10530.   4.965752E-6            0.
       10540.   1.986301E-6            0.
       10550.   2.979451E-6            0.
       10560.   4.965752E-6            0.
       10570.   4.965752E-6            0.
       10580.   5.958903E-6            0.
       10590.   9.931504E-7            0.
       10600.   9.931504E-7            0.
       10610.   9.931504E-7            0.
       10620.   1.986301E-6            0.
       10630.   2.979451E-6            0.
       10640.   3.972601E-6            0.
       10650.   4.965752E-6            0.
       10660.   3.972601E-6            0.
       10670.   1.986301E-6            0.
       10680.   9.931504E-7            0.
       10690.   9.931504E-7            0.
       10700.   1.986301E-6            0.
       10710.   4.965752E-6            0.
       10720.   6.952053E-6            0.
       10730.   7.945203E-6            0.
       10740.   3.972601E-6            0.
       10750.   9.931504E-7            0.
       10760.   9.931504E-7            0.
       10770.   1.986301E-6            0.
       10780.   1.986301E-6            0.
       10790.   1.986301E-6            0.
       10800.   2.979451E-6            0.
       10810.   1.986301E-6            0.
       10820.   1.986301E-6            0.
       10830.   9.931504E-7            0.
       10840.   9.931504E-7            0.
       10850.   1.986301E-6            0.
       10860.   1.986301E-6            0.
       10870.   9.931504E-7            0.
       10880.   9.931504E-7            0.
       10890.   1.986301E-6            0.
       10900.   9.931504E-7            0.
       10910.   9.931504E-7            0.
       10920.   1.986301E-6            0.
       10930.   9.931504E-7            0.
       10940.   9.931504E-7            0.
       10950.   9.931504E-7            0.
       10960.   2.979451E-6            0.
       10970.   2.979451E-6            0.
       10980.   2.979451E-6            0.
       10990.   5.958903E-6            0.
       11000.   1.986301E-6            0.
