         500.            0.
         510.            0.
         520.            0.
         530.            0.
         540.            0.
         550.            0.
         560.            0.
         570.            0.
         580.            0.
         590.            0.
         600.            0.
         610.            0.
         620.            0.
         630.            0.
         640.            0.
         650.            0.
         660.            0.
         670.            0.
         680.            0.
         690.            0.
         700.            0.
         710.            0.
         720.            0.
         730.            0.
         740.            0.
         750.            0.
         760.            0.
         770.            0.
         780.            0.
         790.            0.
         800.            0.
         810.            0.
         820.            0.
         830.            0.
         840.            0.
         850.            0.
         860.            0.
         870.            0.
         880.            0.
         890.            0.
         900.            0.
         910.            0.
         920.            0.
         930.            0.
         940.            0.
         950.            0.
         960.            0.
         970.            0.
         980.            0.
         990.            0.
        1000.            0.
        1010.            0.
        1020.            0.
        1030.            0.
        1040.            0.
        1050.            0.
        1060.            0.
        1070.            0.
        1080.            0.
        1090.            0.
        1100.            0.
        1110.            0.
        1120.   7.818169E-4
        1130.   0.004146995
        1140.    0.01231425
        1150.    0.02619175
        1160.    0.04411899
        1170.    0.06450153
        1180.    0.08351596
        1190.    0.09648833
        1200.     0.1105033
        1210.     0.1219961
        1220.     0.1301536
        1230.     0.1356109
        1240.     0.1392387
        1250.     0.1416796
        1260.     0.1433779
        1270.     0.1444857
        1280.     0.1450582
        1290.      0.145165
        1300.      0.144897
        1310.     0.1443591
        1320.     0.1435485
        1330.     0.1425125
        1340.     0.1412942
        1350.     0.1399643
        1360.     0.1385559
        1370.      0.137105
        1380.     0.1356566
        1390.     0.1342436
        1400.     0.1329116
        1410.      0.131686
        1420.     0.1305298
        1430.      0.129388
        1440.     0.1282245
        1450.     0.1269879
        1460.     0.1256263
        1470.     0.1241072
        1480.     0.1223786
        1490.     0.1204073
        1500.     0.1181585
        1510.     0.1150513
        1520.     0.1117361
        1530.     0.1083068
        1540.     0.1048336
        1550.     0.1013968
        1560.    0.09805873
        1570.    0.09488842
        1580.    0.09193259
        1590.    0.08925478
        1600.    0.08689476
        1610.    0.08489037
        1620.    0.08324601
        1630.    0.08195465
        1640.     0.0810081
        1650.    0.08040941
        1660.    0.08015572
        1670.    0.08020724
        1680.    0.08052613
        1690.    0.08107749
        1700.    0.08182374
        1710.    0.08273366
        1720.    0.08378511
        1730.    0.08494763
        1740.    0.08620641
        1750.    0.08753986
        1760.    0.08892185
        1770.    0.09035145
        1780.    0.09182895
        1790.    0.09334798
        1800.    0.09491246
        1810.     0.0965131
        1820.    0.09815682
        1830.     0.0998408
        1840.     0.1015666
        1850.     0.1033315
        1860.     0.1051376
        1870.     0.1069864
        1880.     0.1088752
        1890.     0.1108056
        1900.     0.1127748
        1910.     0.1147889
        1920.     0.1168443
        1930.     0.1189345
        1940.     0.1210639
        1950.     0.1232225
        1960.     0.1254195
        1970.     0.1276391
        1980.     0.1298908
        1990.     0.1321643
        2000.     0.1344579
        2010.     0.1367711
        2020.     0.1391015
        2030.     0.1414301
        2040.     0.1437599
        2050.     0.1460811
        2060.     0.1483861
        2070.     0.1506598
        2080.     0.1529047
        2090.      0.155106
        2100.     0.1572542
        2110.     0.1593449
        2120.     0.1613652
        2130.     0.1632947
        2140.     0.1651314
        2150.     0.1668499
        2160.     0.1684418
        2170.     0.1698986
        2180.     0.1711943
        2190.     0.1723267
        2200.     0.1732754
        2210.     0.1791885
        2220.     0.1850249
        2230.     0.1907815
        2240.     0.1964556
        2250.     0.2020518
        2260.     0.2075607
        2270.     0.2130009
        2280.     0.2183701
        2290.     0.2237005
        2300.     0.2289913
        2310.     0.2342701
        2320.     0.2395188
        2330.      0.244738
        2340.     0.2499188
        2350.     0.2550606
        2360.     0.2601464
        2370.     0.2651693
        2380.     0.2701212
        2390.     0.2750013
        2400.     0.2797908
        2410.     0.2844832
        2420.     0.2890923
        2430.     0.2936157
        2440.     0.2980627
        2450.     0.3024506
        2460.     0.3067805
        2470.     0.3110625
        2480.     0.3153079
        2490.     0.3195277
        2500.     0.3237453
        2510.     0.3279546
        2520.     0.3321815
        2530.     0.3364123
        2540.     0.3406773
        2550.     0.3449629
        2560.     0.3492914
        2570.     0.3536595
        2580.     0.3580885
        2590.     0.3625869
        2600.     0.3671543
        2610.     0.3717995
        2620.     0.3765338
        2630.     0.3813425
        2640.     0.3862347
        2650.      0.391182
        2660.     0.3962058
        2670.     0.4012915
        2680.     0.4064203
        2690.     0.4116132
        2700.     0.4168409
        2710.     0.4221239
        2720.     0.4274315
        2730.     0.4327736
        2740.     0.4381278
        2750.     0.4435026
        2760.     0.4446719
        2770.     0.4458158
        2780.     0.4469458
        2790.     0.4480404
        2800.     0.4490921
        2810.     0.4501121
        2820.     0.4510866
        2830.     0.4520187
        2840.     0.4529238
        2850.     0.4537772
        2860.     0.4546098
        2870.     0.4554116
        2880.     0.4561708
        2890.     0.4569187
        2900.     0.4576269
        2910.     0.4583272
        2920.     0.4589936
        2930.     0.4596441
        2940.     0.4602665
        2950.     0.4608935
        2960.     0.4614821
        2970.     0.4620783
        2980.      0.462659
        2990.     0.4632237
        3000.      0.463789
        3010.     0.4643422
        3020.     0.4648996
        3030.     0.4654473
        3040.     0.4659857
        3050.     0.4665278
        3060.     0.4670587
        3070.     0.4675912
        3080.      0.468128
        3090.     0.4686533
        3100.     0.4691829
        3110.      0.469702
        3120.     0.4702235
        3130.     0.4707477
        3140.     0.4712606
        3150.     0.4717902
        3160.     0.4723076
        3170.     0.4728301
        3180.       0.47334
        3190.     0.4738686
        3200.     0.4743863
        3210.     0.4749053
        3220.     0.4754426
        3230.      0.475966
        3240.     0.4764931
        3250.     0.4770378
        3260.     0.4775695
        3270.     0.4781046
        3280.     0.4786578
        3290.     0.4791984
        3300.     0.4797561
        3310.     0.4803157
        3320.     0.4808774
        3330.     0.4814419
        3340.     0.4820251
        3350.      0.482612
        3360.     0.4832022
        3370.     0.4837949
        3380.     0.4844038
        3390.     0.4850151
        3400.     0.4856443
        3410.     0.4862782
        3420.     0.4869155
        3430.     0.4875697
        3440.     0.4882398
        3450.     0.4889129
        3460.     0.4896053
        3470.     0.4903011
        3480.     0.4910156
        3490.     0.4917487
        3500.     0.4924849
        3510.     0.4932395
        3520.      0.494014
        3530.     0.4947905
        3540.     0.4956014
        3550.     0.4963994
        3560.     0.4972161
        3570.     0.4980517
        3580.     0.4988889
        3590.     0.4997446
        3600.     0.5006022
        3610.     0.5014779
        3620.     0.5023422
        3630.     0.5032413
        3640.     0.5041285
        3650.     0.5050173
        3660.     0.5059257
        3670.      0.506835
        3680.      0.507748
        3690.     0.5086621
        3700.     0.5095807
        3710.     0.5105006
        3720.      0.511424
        3730.     0.5123494
        3740.     0.5132753
        3750.     0.5142055
        3760.     0.5151369
        3770.     0.5160545
        3780.       0.51699
        3790.     0.5179107
        3800.     0.5188184
        3810.      0.519744
        3820.     0.5206563
        3830.     0.5215538
        3840.     0.5224565
        3850.     0.5233594
        3860.     0.5242493
        3870.     0.5251247
        3880.     0.5260003
        3890.     0.5268619
        3900.     0.5277243
        3910.     0.5285733
        3920.     0.5294094
        3930.     0.5302294
        3940.     0.5310496
        3950.     0.5318391
        3960.     0.5326301
        3970.     0.5333894
        3980.     0.5341511
        3990.     0.5348966
        4000.     0.5356118
        4010.     0.5362314
        4020.     0.5368361
        4030.     0.5374249
        4040.     0.5379976
        4050.     0.5385537
        4060.     0.5390947
        4070.     0.5396211
        4080.     0.5401306
        4090.     0.5406241
        4100.      0.541118
        4110.     0.5415792
        4120.      0.542043
        4130.     0.5424754
        4140.     0.5429077
        4150.     0.5433396
        4160.     0.5437375
        4170.      0.544136
        4180.     0.5445178
        4190.     0.5449018
        4200.     0.5452701
        4210.      0.545622
        4220.      0.545975
        4230.     0.5463099
        4240.     0.5466456
        4250.     0.5469659
        4260.     0.5472862
        4270.     0.5475892
        4280.     0.5478933
        4290.     0.5481806
        4300.      0.548469
        4310.     0.5487416
        4320.     0.5490143
        4330.     0.5492846
        4340.     0.5495539
        4350.     0.5498061
        4360.     0.5500432
        4370.     0.5502987
        4380.     0.5505384
        4390.     0.5507774
        4400.     0.5509989
        4410.     0.5512355
        4420.     0.5514534
        4430.     0.5516733
        4440.     0.5518765
        4450.     0.5520972
        4460.     0.5523005
        4470.     0.5525044
        4480.     0.5527068
        4490.     0.5529067
        4500.     0.5531056
        4510.     0.5533038
        4520.     0.5534878
        4530.     0.5536868
        4540.      0.553869
        4550.     0.5540496
        4560.     0.5542462
        4570.     0.5544267
        4580.     0.5546072
        4590.     0.5547862
        4600.     0.5549632
        4610.     0.5551403
        4620.     0.5553176
        4630.     0.5554795
        4640.     0.5556567
        4650.      0.555833
        4660.     0.5560067
        4670.     0.5561627
        4680.     0.5563355
        4690.     0.5565074
        4700.     0.5566634
        4710.     0.5568361
        4720.     0.5569921
        4730.     0.5571614
        4740.      0.557314
        4750.     0.5574816
        4760.     0.5576322
        4770.     0.5577989
        4780.     0.5579656
        4790.     0.5581146
        4800.     0.5582805
        4810.     0.5584456
        4820.     0.5585927
        4830.     0.5587542
        4840.     0.5589138
        4850.     0.5590736
        4860.     0.5592164
        4870.     0.5593778
        4880.     0.5595367
        4890.      0.559693
        4900.     0.5598473
        4910.     0.5600179
        4920.     0.5601732
        4930.     0.5603259
        4940.     0.5604751
        4950.     0.5606403
        4960.     0.5608046
        4970.      0.560953
        4980.     0.5611182
        4990.     0.5612808
        5000.     0.5614408
        5010.        0.5616
        5020.     0.5617573
        5030.     0.5619299
        5040.     0.5620856
        5050.     0.5622564
        5060.     0.5624102
        5070.     0.5625802
        5080.     0.5627484
        5090.     0.5628979
        5100.     0.5630634
        5110.     0.5632272
        5120.     0.5633929
        5130.     0.5635592
        5140.     0.5637087
        5150.     0.5638716
        5160.     0.5640337
        5170.     0.5641947
        5180.     0.5643585
        5190.     0.5645053
        5200.     0.5646673
        5210.     0.5648131
        5220.      0.564976
        5230.     0.5651243
        5240.     0.5652736
        5250.      0.565422
        5260.     0.5655875
        5270.     0.5657169
        5280.     0.5658644
        5290.     0.5660135
        5300.     0.5661455
        5310.     0.5662793
        5320.     0.5664313
        5330.     0.5665478
        5340.     0.5666825
        5350.     0.5668179
        5360.     0.5669399
        5370.     0.5670652
        5380.     0.5671752
        5390.     0.5673005
        5400.     0.5674077
        5410.     0.5675176
        5420.     0.5676299
        5430.     0.5677271
        5440.     0.5678257
        5450.     0.5679253
        5460.     0.5680104
        5470.     0.5680999
        5480.     0.5681736
        5490.     0.5682494
        5500.     0.5683277
        5510.     0.5681736
        5520.     0.5680214
        5530.      0.567871
        5540.      0.567706
        5550.     0.5675284
        5560.     0.5673695
        5570.     0.5671954
        5580.     0.5670233
        5590.     0.5668347
        5600.     0.5666461
        5610.     0.5664585
        5620.     0.5662728
        5630.     0.5660744
        5640.     0.5658751
        5650.     0.5656749
        5660.      0.565474
        5670.      0.565274
        5680.     0.5650594
        5690.     0.5648476
        5700.      0.564635
        5710.     0.5644206
        5720.     0.5642055
        5730.     0.5639905
        5740.     0.5637771
        5750.      0.563545
        5760.     0.5633283
        5770.     0.5631107
        5780.     0.5628755
        5790.     0.5626571
        5800.     0.5624217
        5810.     0.5622008
        5820.     0.5619613
        5830.      0.561738
        5840.     0.5614985
        5850.     0.5612763
        5860.     0.5610316
        5870.     0.5608031
        5880.     0.5605714
        5890.     0.5603388
        5900.     0.5601053
        5910.     0.5598693
        5920.      0.559646
        5930.     0.5594022
        5940.     0.5591728
        5950.     0.5589401
        5960.     0.5587049
        5970.     0.5584831
        5980.     0.5582418
        5990.     0.5580149
        6000.     0.5577837
        6010.     0.5575489
        6020.     0.5573252
        6030.     0.5570989
        6040.     0.5568692
        6050.     0.5566368
        6060.      0.556419
        6070.     0.5561816
        6080.     0.5559575
        6090.     0.5557311
        6100.      0.555503
        6110.     0.5552738
        6120.     0.5550423
        6130.     0.5548083
        6140.     0.5545732
        6150.     0.5543537
        6160.     0.5541162
        6170.      0.553879
        6180.     0.5536399
        6190.        0.5534
        6200.      0.553161
        6210.     0.5529222
        6220.     0.5526656
        6230.     0.5524251
        6240.     0.5521653
        6250.     0.5519249
        6260.     0.5516696
        6270.     0.5513999
        6280.     0.5511466
        6290.      0.550878
        6300.     0.5506095
        6310.      0.550342
        6320.     0.5500613
        6330.     0.5497814
        6340.     0.5495025
        6350.     0.5492078
        6360.     0.5489167
        6370.     0.5486115
        6380.     0.5483098
        6390.     0.5480109
        6400.      0.547698
        6410.     0.5473708
        6420.     0.5470482
        6430.     0.5467116
        6440.     0.5463776
        6450.     0.5460306
        6460.      0.545688
        6470.     0.5453172
        6480.      0.544951
        6490.       0.54459
        6500.     0.5442011
        6510.     0.5428534
        6520.     0.5414969
        6530.     0.5401307
        6540.     0.5387529
        6550.     0.5373799
        6560.     0.5359944
        6570.     0.5346148
        6580.     0.5332091
        6590.     0.5318255
        6600.     0.5304324
        6610.     0.5290289
        6620.     0.5276131
        6630.     0.5262163
        6640.     0.5247896
        6650.      0.523385
        6660.     0.5219541
        6670.     0.5205453
        6680.     0.5191247
        6690.     0.5177075
        6700.     0.5162771
        6710.     0.5148502
        6720.     0.5134259
        6730.     0.5120068
        6740.     0.5105755
        6750.     0.5091485
        6760.      0.507725
        6770.     0.5062885
        6780.     0.5048712
        6790.      0.503442
        6800.     0.5020169
        6810.     0.5005931
        6820.      0.499171
        6830.      0.497752
        6840.     0.4963347
        6850.     0.4949193
        6860.     0.4935059
        6870.     0.4920816
        6880.     0.4906761
        6890.      0.489274
        6900.      0.487873
        6910.      0.486458
        6920.     0.4850577
        6930.     0.4836577
        6940.     0.4822758
        6950.     0.4808827
        6960.     0.4794917
        6970.     0.4781156
        6980.     0.4767395
        6990.     0.4753651
        7000.     0.4739924
        7010.     0.4726356
        7020.      0.471266
        7030.     0.4699089
        7040.     0.4685676
        7050.     0.4672127
        7060.     0.4658749
        7070.     0.4645381
        7080.     0.4632022
        7090.      0.461868
        7100.     0.4605478
        7110.     0.4592284
        7120.     0.4579092
        7130.     0.4565932
        7140.      0.455291
        7150.     0.4539759
        7160.     0.4526746
        7170.     0.4513734
        7180.     0.4500881
        7190.     0.4487902
        7200.     0.4475078
        7210.     0.4462247
        7220.     0.4449428
        7230.     0.4436755
        7240.     0.4423964
        7250.     0.4411321
        7260.     0.4398678
        7270.     0.4386041
        7280.     0.4373546
        7290.     0.4360939
        7300.     0.4348479
        7310.     0.4336023
        7320.     0.4323701
        7330.      0.431124
        7340.     0.4298921
        7350.      0.428661
        7360.     0.4274312
        7370.     0.4262157
        7380.     0.4249878
        7390.     0.4237735
        7400.     0.4225597
        7410.     0.4213586
        7420.     0.4201453
        7430.     0.4189453
        7440.     0.4177591
        7450.     0.4165602
        7460.     0.4153758
        7470.     0.4141933
        7480.     0.4130139
        7490.     0.4118323
        7500.     0.4106575
        7510.     0.4100789
        7520.      0.409495
        7530.     0.4089063
        7540.      0.408317
        7550.     0.4077263
        7560.     0.4071369
        7570.     0.4065481
        7580.     0.4059601
        7590.     0.4053733
        7600.     0.4047872
        7610.     0.4042016
        7620.     0.4036168
        7630.     0.4030333
        7640.      0.402451
        7650.     0.4018701
        7660.     0.4012897
        7670.     0.4007106
        7680.     0.4001322
        7690.     0.3995549
        7700.      0.398979
        7710.     0.3984043
        7720.     0.3978309
        7730.     0.3972587
        7740.     0.3966872
        7750.     0.3961181
        7760.     0.3955496
        7770.     0.3949831
        7780.     0.3944176
        7790.     0.3938541
        7800.     0.3932918
        7810.     0.3927314
        7820.     0.3921726
        7830.     0.3916158
        7840.     0.3910603
        7850.     0.3905071
        7860.     0.3899551
        7870.     0.3894055
        7880.     0.3888578
        7890.     0.3883125
        7900.     0.3877689
        7910.     0.3872277
        7920.     0.3866889
        7930.     0.3861519
        7940.     0.3856171
        7950.     0.3850823
        7960.     0.3845485
        7970.     0.3840171
        7980.      0.383483
        7990.     0.3829207
        8000.     0.3822972
        8010.     0.3813374
        8020.     0.3803307
        8030.     0.3793005
        8040.     0.3782596
        8050.     0.3772146
        8060.     0.3761699
        8070.     0.3751266
        8080.     0.3740842
        8090.     0.3730427
        8100.     0.3720033
        8110.     0.3709648
        8120.     0.3699285
        8130.      0.368893
        8140.     0.3678589
        8150.     0.3668271
        8160.     0.3657959
        8170.     0.3647663
        8180.     0.3637389
        8190.     0.3627123
        8200.     0.3616871
        8210.      0.360664
        8220.     0.3596418
        8230.     0.3586209
        8240.     0.3576024
        8250.     0.3565845
        8260.     0.3555681
        8270.     0.3545538
        8280.     0.3535404
        8290.     0.3525284
        8300.     0.3515183
        8310.     0.3505093
        8320.     0.3495016
        8330.     0.3484959
        8340.     0.3474913
        8350.     0.3464885
        8360.     0.3472511
        8370.      0.348014
        8380.     0.3487778
        8390.     0.3495416
        8400.     0.3503059
        8410.     0.3510705
        8420.     0.3518361
        8430.     0.3526016
        8440.     0.3533675
        8450.     0.3541338
        8460.     0.3548999
        8470.     0.3556665
        8480.     0.3564324
        8490.     0.3571941
        8500.     0.3579468
        8510.     0.3586884
        8520.     0.3594218
        8530.     0.3601519
        8540.     0.3608812
        8550.     0.3616095
        8560.     0.3623376
        8570.     0.3630666
        8580.     0.3637952
        8590.     0.3645242
        8600.     0.3652539
        8610.     0.3659836
        8620.     0.3667134
        8630.     0.3674433
        8640.     0.3681737
        8650.     0.3689044
        8660.     0.3695673
        8670.     0.3702298
        8680.     0.3708928
        8690.     0.3715558
        8700.     0.3722191
        8710.     0.3728832
        8720.     0.3735469
        8730.     0.3742108
        8740.      0.374875
        8750.     0.3755393
        8760.      0.376204
        8770.     0.3768695
        8780.     0.3775345
        8790.     0.3781998
        8800.     0.3788653
        8810.      0.379531
        8820.     0.3801975
        8830.     0.3808637
        8840.       0.38153
        8850.     0.3821967
        8860.     0.3828635
        8870.     0.3835305
        8880.     0.3841984
        8890.     0.3848658
        8900.     0.3855335
        8910.     0.3862014
        8920.     0.3868696
        8930.     0.3875379
        8940.     0.3882065
        8950.     0.3888759
        8960.     0.3894756
        8970.     0.3900734
        8980.      0.390668
        8990.     0.3912583
        9000.      0.391847
        9010.      0.392293
        9020.     0.3927317
        9030.     0.3931643
        9040.     0.3935907
        9050.     0.3940104
        9060.     0.3944246
        9070.     0.3948326
        9080.     0.3952346
        9090.     0.3956316
        9100.     0.3960225
        9110.     0.3964091
        9120.     0.3967896
        9130.     0.3971657
        9140.     0.3975371
        9150.     0.3979036
        9160.     0.3982656
        9170.     0.3986234
        9180.     0.3989771
        9190.     0.3993272
        9200.     0.3996727
        9210.     0.4000154
        9220.     0.4003545
        9230.       0.40069
        9240.     0.4010222
        9250.     0.4013517
        9260.     0.4016152
        9270.     0.4018761
        9280.      0.402135
        9290.     0.4023914
        9300.     0.4026454
        9310.     0.4028977
        9320.     0.4031478
        9330.     0.4033965
        9340.     0.4036437
        9350.     0.4038897
        9360.     0.4041345
        9370.     0.4043777
        9380.     0.4046211
        9390.     0.4048632
        9400.     0.4051042
        9410.     0.4053454
        9420.     0.4055867
        9430.     0.4058274
        9440.     0.4060683
        9450.     0.4063092
        9460.     0.4065509
        9470.     0.4067933
        9480.     0.4070358
        9490.     0.4072796
        9500.      0.407524
        9510.     0.4063345
        9520.      0.405148
        9530.      0.403963
        9540.     0.4027807
        9550.     0.4016015
        9560.     0.4004249
        9570.     0.3992509
        9580.     0.3980805
        9590.     0.3969126
        9600.     0.3957485
        9610.     0.3945877
        9620.     0.3934306
        9630.     0.3922771
        9640.     0.3911268
        9650.     0.3899813
        9660.     0.3888386
        9670.     0.3877009
        9680.      0.386567
        9690.     0.3854377
        9700.     0.3843124
        9710.     0.3831915
        9720.     0.3820751
        9730.     0.3809637
        9740.     0.3798565
        9750.     0.3787547
        9760.       0.37746
        9770.       0.37617
        9780.     0.3748853
        9790.     0.3736058
        9800.     0.3723313
        9810.     0.3710624
        9820.     0.3697991
        9830.     0.3685411
        9840.     0.3672885
        9850.     0.3660412
        9860.     0.3648002
        9870.     0.3635642
        9880.     0.3623344
        9890.     0.3611107
        9900.     0.3598928
        9910.     0.3586803
        9920.     0.3574741
        9930.     0.3562742
        9940.     0.3550804
        9950.     0.3538921
        9960.     0.3527108
        9970.     0.3515355
        9980.     0.3503659
        9990.     0.3492031
       10000.     0.3480468
       10010.     0.3458731
       10020.     0.3437075
       10030.       0.34155
       10040.     0.3394001
       10050.     0.3372579
       10060.     0.3351231
       10070.     0.3329953
       10080.     0.3308746
       10090.     0.3287609
       10100.     0.3266535
       10110.     0.3245529
       10120.     0.3224584
       10130.       0.32037
       10140.     0.3182875
       10150.      0.316211
       10160.     0.3141394
       10170.     0.3120735
       10180.     0.3100132
       10190.     0.3079571
       10200.     0.3059066
       10210.     0.3038609
       10220.     0.3018194
       10230.     0.2997825
       10240.     0.2977499
       10250.     0.2957217
       10260.     0.2936971
       10270.     0.2916767
       10280.     0.2896599
       10290.     0.2876467
       10300.     0.2856369
       10310.     0.2836302
       10320.     0.2816268
       10330.     0.2796269
       10340.     0.2776298
       10350.     0.2756351
       10360.     0.2736433
       10370.     0.2716541
       10380.     0.2696677
       10390.     0.2676831
       10400.     0.2657013
       10410.     0.2637215
       10420.     0.2617434
       10430.     0.2597676
       10440.     0.2577934
       10450.     0.2558209
       10460.     0.2538504
       10470.     0.2518812
       10480.     0.2499131
       10490.     0.2479467
       10500.     0.2459814
       10510.     0.2440175
       10520.     0.2420546
       10530.     0.2400926
       10540.     0.2381315
       10550.     0.2361713
       10560.      0.234212
       10570.      0.232253
       10580.     0.2302949
       10590.     0.2283373
       10600.       0.22638
       10610.     0.2244233
       10620.     0.2224669
       10630.      0.220511
       10640.     0.2185548
       10650.     0.2165992
       10660.     0.2146434
       10670.     0.2126876
       10680.     0.2107319
       10690.     0.2087761
       10700.     0.2068201
       10710.     0.2048641
       10720.     0.2029078
       10730.     0.2009513
       10740.     0.1989945
       10750.     0.1970374
       10760.     0.1950797
       10770.     0.1931217
       10780.     0.1911633
       10790.     0.1892044
       10800.     0.1872449
       10810.      0.185285
       10820.     0.1833244
       10830.     0.1813633
       10840.     0.1794017
       10850.     0.1774393
       10860.     0.1754764
       10870.     0.1735126
       10880.     0.1715482
       10890.     0.1695832
       10900.     0.1676173
       10910.      0.165651
       10920.     0.1636838
       10930.     0.1617159
       10940.     0.1597471
       10950.     0.1577777
       10960.     0.1558078
       10970.      0.153837
       10980.     0.1518654
       10990.     0.1498932
       11000.     0.1479504
       11010.     0.1460074
       11020.     0.1440641
       11030.     0.1421206
       11040.     0.1401768
       11050.     0.1382328
       11060.     0.1362885
       11070.     0.1343438
       11080.     0.1323989
       11090.     0.1304537
       11100.     0.1285082
       11110.     0.1265626
       11120.     0.1246166
       11130.     0.1226703
       11140.     0.1207237
       11150.      0.118777
       11160.     0.1168299
       11170.     0.1148824
       11180.     0.1129348
       11190.     0.1109869
       11200.     0.1090387
       11210.     0.1070902
       11220.     0.1051416
       11230.     0.1031925
       11240.     0.1012433
       11250.    0.09929369
       11260.    0.09734384
       11270.    0.09539373
       11280.    0.09344334
       11290.    0.09149277
       11300.    0.08954176
       11310.    0.08759059
       11320.    0.08563911
       11330.    0.08368737
       11340.    0.08173534
       11350.    0.07978304
       11360.    0.07783048
       11370.    0.07587763
       11380.    0.07392452
       11390.    0.07197113
       11400.    0.07001745
       11410.    0.06806352
       11420.     0.0661093
       11430.    0.06415482
       11440.    0.06220005
       11450.    0.06024501
       11460.     0.0582897
       11470.    0.05633412
       11480.    0.05437826
       11490.    0.05242213
       11500.    0.05046573
       11510.    0.04850905
       11520.    0.04655209
       11530.    0.04459486
       11540.    0.04263737
       11550.    0.04067959
       11560.    0.03872154
       11570.    0.03676321
       11580.    0.03480462
       11590.    0.03284575
       11600.     0.0308866
       11610.    0.02892719
       11620.    0.02696749
       11630.    0.02500753
       11640.    0.02304728
       11650.    0.02108677
       11660.    0.01912599
       11670.    0.01716492
       11680.    0.01520359
       11690.    0.01324198
       11700.    0.01128008
       11710.    0.00931793
       11720.   0.007355501
       11730.   0.005392794
       11740.   0.003429814
       11750.   0.001466561
       11760.            0.
       11770.            0.
       11780.            0.
       11790.            0.
       11800.            0.
       11810.            0.
       11820.            0.
       11830.            0.
       11840.            0.
       11850.            0.
       11860.            0.
       11870.            0.
       11880.            0.
       11890.            0.
       11900.            0.
       11910.            0.
       11920.            0.
       11930.            0.
       11940.            0.
       11950.            0.
       11960.            0.
       11970.            0.
       11980.            0.
       11990.            0.
       12000.            0.
       12010.            0.
       12020.            0.
       12030.            0.
       12040.            0.
       12050.            0.
       12060.            0.
       12070.            0.
       12080.            0.
       12090.            0.
       12100.            0.
       12110.            0.
       12120.            0.
       12130.            0.
       12140.            0.
       12150.            0.
       12160.            0.
       12170.            0.
       12180.            0.
       12190.            0.
       12200.            0.
       12210.            0.
       12220.            0.
       12230.            0.
       12240.            0.
       12250.            0.
       12260.            0.
       12270.            0.
       12280.            0.
       12290.            0.
       12300.            0.
       12310.            0.
       12320.            0.
       12330.            0.
       12340.            0.
       12350.            0.
       12360.            0.
       12370.            0.
       12380.            0.
       12390.            0.
       12400.            0.
       12410.            0.
       12420.            0.
       12430.            0.
       12440.            0.
       12450.            0.
       12460.            0.
       12470.            0.
       12480.            0.
       12490.            0.
       12500.            0.
       12510.            0.
       12520.            0.
       12530.            0.
       12540.            0.
       12550.            0.
       12560.            0.
       12570.            0.
       12580.            0.
       12590.            0.
       12600.            0.
       12610.            0.
       12620.            0.
       12630.            0.
       12640.            0.
       12650.            0.
       12660.            0.
       12670.            0.
       12680.            0.
       12690.            0.
       12700.            0.
       12710.            0.
       12720.            0.
       12730.            0.
       12740.            0.
       12750.            0.
       12760.            0.
       12770.            0.
       12780.            0.
       12790.            0.
       12800.            0.
       12810.            0.
       12820.            0.
       12830.            0.
       12840.            0.
       12850.            0.
       12860.            0.
       12870.            0.
       12880.            0.
       12890.            0.
       12900.            0.
       12910.            0.
       12920.            0.
       12930.            0.
       12940.            0.
       12950.            0.
       12960.            0.
       12970.            0.
       12980.            0.
       12990.            0.
       13000.            0.
       13010.            0.
       13020.            0.
       13030.            0.
       13040.            0.
       13050.            0.
       13060.            0.
       13070.            0.
       13080.            0.
       13090.            0.
       13100.            0.
       13110.            0.
       13120.            0.
       13130.            0.
       13140.            0.
       13150.            0.
       13160.            0.
       13170.            0.
       13180.            0.
       13190.            0.
       13200.            0.
       13210.            0.
       13220.            0.
       13230.            0.
       13240.            0.
       13250.            0.
       13260.            0.
       13270.            0.
       13280.            0.
       13290.            0.
       13300.            0.
       13310.            0.
       13320.            0.
       13330.            0.
       13340.            0.
       13350.            0.
       13360.            0.
       13370.            0.
       13380.            0.
       13390.            0.
       13400.            0.
       13410.            0.
       13420.            0.
       13430.            0.
       13440.            0.
       13450.            0.
       13460.            0.
       13470.            0.
       13480.            0.
       13490.            0.
       13500.            0.
       13510.            0.
       13520.            0.
       13530.            0.
       13540.            0.
       13550.            0.
       13560.            0.
       13570.            0.
       13580.            0.
       13590.            0.
       13600.            0.
       13610.            0.
       13620.            0.
       13630.            0.
       13640.            0.
       13650.            0.
       13660.            0.
       13670.            0.
       13680.            0.
       13690.            0.
       13700.            0.
       13710.            0.
       13720.            0.
       13730.            0.
       13740.            0.
       13750.            0.
       13760.            0.
       13770.            0.
       13780.            0.
       13790.            0.
       13800.            0.
       13810.            0.
       13820.            0.
       13830.            0.
       13840.            0.
       13850.            0.
       13860.            0.
       13870.            0.
       13880.            0.
       13890.            0.
       13900.            0.
       13910.            0.
       13920.            0.
       13930.            0.
       13940.            0.
       13950.            0.
       13960.            0.
       13970.            0.
       13980.            0.
       13990.            0.
       14000.            0.
       14010.            0.
       14020.            0.
       14030.            0.
       14040.            0.
       14050.            0.
       14060.            0.
       14070.            0.
       14080.            0.
       14090.            0.
       14100.            0.
       14110.            0.
       14120.            0.
       14130.            0.
       14140.            0.
       14150.            0.
       14160.            0.
       14170.            0.
       14180.            0.
       14190.            0.
       14200.            0.
       14210.            0.
       14220.            0.
       14230.            0.
       14240.            0.
       14250.            0.
       14260.            0.
       14270.            0.
       14280.            0.
       14290.            0.
       14300.            0.
       14310.            0.
       14320.            0.
       14330.            0.
       14340.            0.
       14350.            0.
       14360.            0.
       14370.            0.
       14380.            0.
       14390.            0.
       14400.            0.
       14410.            0.
       14420.            0.
       14430.            0.
       14440.            0.
       14450.            0.
       14460.            0.
       14470.            0.
       14480.            0.
       14490.            0.
       14500.            0.
       14510.            0.
       14520.            0.
       14530.            0.
       14540.            0.
       14550.            0.
       14560.            0.
       14570.            0.
       14580.            0.
       14590.            0.
       14600.            0.
       14610.            0.
       14620.            0.
       14630.            0.
       14640.            0.
       14650.            0.
       14660.            0.
       14670.            0.
       14680.            0.
       14690.            0.
       14700.            0.
       14710.            0.
       14720.            0.
       14730.            0.
       14740.            0.
       14750.            0.
       14760.            0.
       14770.            0.
       14780.            0.
       14790.            0.
       14800.            0.
       14810.            0.
       14820.            0.
       14830.            0.
       14840.            0.
       14850.            0.
       14860.            0.
       14870.            0.
       14880.            0.
       14890.            0.
       14900.            0.
       14910.            0.
       14920.            0.
       14930.            0.
       14940.            0.
       14950.            0.
       14960.            0.
       14970.            0.
       14980.            0.
       14990.            0.
       15000.            0.
       15010.            0.
       15020.            0.
       15030.            0.
       15040.            0.
       15050.            0.
       15060.            0.
       15070.            0.
       15080.            0.
       15090.            0.
       15100.            0.
       15110.            0.
       15120.            0.
       15130.            0.
       15140.            0.
       15150.            0.
       15160.            0.
       15170.            0.
       15180.            0.
       15190.            0.
       15200.            0.
       15210.            0.
       15220.            0.
       15230.            0.
       15240.            0.
       15250.            0.
       15260.            0.
       15270.            0.
       15280.            0.
       15290.            0.
       15300.            0.
       15310.            0.
       15320.            0.
       15330.            0.
       15340.            0.
       15350.            0.
       15360.            0.
       15370.            0.
       15380.            0.
       15390.            0.
       15400.            0.
       15410.            0.
       15420.            0.
       15430.            0.
       15440.            0.
       15450.            0.
       15460.            0.
       15470.            0.
       15480.            0.
       15490.            0.
       15500.            0.
       15510.            0.
       15520.            0.
       15530.            0.
       15540.            0.
       15550.            0.
       15560.            0.
       15570.            0.
       15580.            0.
       15590.            0.
       15600.            0.
       15610.            0.
       15620.            0.
       15630.            0.
       15640.            0.
       15650.            0.
       15660.            0.
       15670.            0.
       15680.            0.
       15690.            0.
       15700.            0.
       15710.            0.
       15720.            0.
       15730.            0.
       15740.            0.
       15750.            0.
       15760.            0.
       15770.            0.
       15780.            0.
       15790.            0.
       15800.            0.
       15810.            0.
       15820.            0.
       15830.            0.
       15840.            0.
       15850.            0.
       15860.            0.
       15870.            0.
       15880.            0.
       15890.            0.
       15900.            0.
       15910.            0.
       15920.            0.
       15930.            0.
       15940.            0.
       15950.            0.
       15960.            0.
       15970.            0.
       15980.            0.
       15990.            0.
       16000.            0.
       16010.            0.
       16020.            0.
       16030.            0.
       16040.            0.
       16050.            0.
       16060.            0.
       16070.            0.
       16080.            0.
       16090.            0.
       16100.            0.
       16110.            0.
       16120.            0.
       16130.            0.
       16140.            0.
       16150.            0.
       16160.            0.
       16170.            0.
       16180.            0.
       16190.            0.
       16200.            0.
       16210.            0.
       16220.            0.
       16230.            0.
       16240.            0.
       16250.            0.
       16260.            0.
       16270.            0.
       16280.            0.
       16290.            0.
       16300.            0.
       16310.            0.
       16320.            0.
       16330.            0.
       16340.            0.
       16350.            0.
       16360.            0.
       16370.            0.
       16380.            0.
       16390.            0.
       16400.            0.
       16410.            0.
       16420.            0.
       16430.            0.
       16440.            0.
       16450.            0.
       16460.            0.
       16470.            0.
       16480.            0.
       16490.            0.
       16500.            0.
       16510.            0.
       16520.            0.
       16530.            0.
       16540.            0.
       16550.            0.
       16560.            0.
       16570.            0.
       16580.            0.
       16590.            0.
       16600.            0.
       16610.            0.
       16620.            0.
       16630.            0.
       16640.            0.
       16650.            0.
       16660.            0.
       16670.            0.
       16680.            0.
       16690.            0.
       16700.            0.
       16710.            0.
       16720.            0.
       16730.            0.
       16740.            0.
       16750.            0.
       16760.            0.
       16770.            0.
       16780.            0.
       16790.            0.
       16800.            0.
       16810.            0.
       16820.            0.
       16830.            0.
       16840.            0.
       16850.            0.
       16860.            0.
       16870.            0.
       16880.            0.
       16890.            0.
       16900.            0.
       16910.            0.
       16920.            0.
       16930.            0.
       16940.            0.
       16950.            0.
       16960.            0.
       16970.            0.
       16980.            0.
       16990.            0.
       17000.            0.
       17010.            0.
       17020.            0.
       17030.            0.
       17040.            0.
       17050.            0.
       17060.            0.
       17070.            0.
       17080.            0.
       17090.            0.
       17100.            0.
       17110.            0.
       17120.            0.
       17130.            0.
       17140.            0.
       17150.            0.
       17160.            0.
       17170.            0.
       17180.            0.
       17190.            0.
       17200.            0.
       17210.            0.
       17220.            0.
       17230.            0.
       17240.            0.
       17250.            0.
       17260.            0.
       17270.            0.
       17280.            0.
       17290.            0.
       17300.            0.
       17310.            0.
       17320.            0.
       17330.            0.
       17340.            0.
       17350.            0.
       17360.            0.
       17370.            0.
       17380.            0.
       17390.            0.
       17400.            0.
       17410.            0.
       17420.            0.
       17430.            0.
       17440.            0.
       17450.            0.
       17460.            0.
       17470.            0.
       17480.            0.
       17490.            0.
       17500.            0.
       17510.            0.
       17520.            0.
       17530.            0.
       17540.            0.
       17550.            0.
       17560.            0.
       17570.            0.
       17580.            0.
       17590.            0.
       17600.            0.
       17610.            0.
       17620.            0.
       17630.            0.
       17640.            0.
       17650.            0.
       17660.            0.
       17670.            0.
       17680.            0.
       17690.            0.
       17700.            0.
       17710.            0.
       17720.            0.
       17730.            0.
       17740.            0.
       17750.            0.
       17760.            0.
       17770.            0.
       17780.            0.
       17790.            0.
       17800.            0.
       17810.            0.
       17820.            0.
       17830.            0.
       17840.            0.
       17850.            0.
       17860.            0.
       17870.            0.
       17880.            0.
       17890.            0.
       17900.            0.
       17910.            0.
       17920.            0.
       17930.            0.
       17940.            0.
       17950.            0.
       17960.            0.
       17970.            0.
       17980.            0.
       17990.            0.
       18000.            0.
       18010.            0.
       18020.            0.
       18030.            0.
       18040.            0.
       18050.            0.
       18060.            0.
       18070.            0.
       18080.            0.
       18090.            0.
       18100.            0.
       18110.            0.
       18120.            0.
       18130.            0.
       18140.            0.
       18150.            0.
       18160.            0.
       18170.            0.
       18180.            0.
       18190.            0.
       18200.            0.
       18210.            0.
       18220.            0.
       18230.            0.
       18240.            0.
       18250.            0.
       18260.            0.
       18270.            0.
       18280.            0.
       18290.            0.
       18300.            0.
       18310.            0.
       18320.            0.
       18330.            0.
       18340.            0.
       18350.            0.
       18360.            0.
       18370.            0.
       18380.            0.
       18390.            0.
       18400.            0.
       18410.            0.
       18420.            0.
       18430.            0.
       18440.            0.
       18450.            0.
       18460.            0.
       18470.            0.
       18480.            0.
       18490.            0.
       18500.            0.
       18510.            0.
       18520.            0.
       18530.            0.
       18540.            0.
       18550.            0.
       18560.            0.
       18570.            0.
       18580.            0.
       18590.            0.
       18600.            0.
       18610.            0.
       18620.            0.
       18630.            0.
       18640.            0.
       18650.            0.
       18660.            0.
       18670.            0.
       18680.            0.
       18690.            0.
       18700.            0.
       18710.            0.
       18720.            0.
       18730.            0.
       18740.            0.
       18750.            0.
       18760.            0.
       18770.            0.
       18780.            0.
       18790.            0.
       18800.            0.
       18810.            0.
       18820.            0.
       18830.            0.
       18840.            0.
       18850.            0.
       18860.            0.
       18870.            0.
       18880.            0.
       18890.            0.
       18900.            0.
       18910.            0.
       18920.            0.
       18930.            0.
       18940.            0.
       18950.            0.
       18960.            0.
       18970.            0.
       18980.            0.
       18990.            0.
       19000.            0.
       19010.            0.
       19020.            0.
       19030.            0.
       19040.            0.
       19050.            0.
       19060.            0.
       19070.            0.
       19080.            0.
       19090.            0.
       19100.            0.
       19110.            0.
       19120.            0.
       19130.            0.
       19140.            0.
       19150.            0.
       19160.            0.
       19170.            0.
       19180.            0.
       19190.            0.
       19200.            0.
       19210.            0.
       19220.            0.
       19230.            0.
       19240.            0.
       19250.            0.
       19260.            0.
       19270.            0.
       19280.            0.
       19290.            0.
       19300.            0.
       19310.            0.
       19320.            0.
       19330.            0.
       19340.            0.
       19350.            0.
       19360.            0.
       19370.            0.
       19380.            0.
       19390.            0.
       19400.            0.
       19410.            0.
       19420.            0.
       19430.            0.
       19440.            0.
       19450.            0.
       19460.            0.
       19470.            0.
       19480.            0.
       19490.            0.
       19500.            0.
       19510.            0.
       19520.            0.
       19530.            0.
       19540.            0.
       19550.            0.
       19560.            0.
       19570.            0.
       19580.            0.
       19590.            0.
       19600.            0.
       19610.            0.
       19620.            0.
       19630.            0.
       19640.            0.
       19650.            0.
       19660.            0.
       19670.            0.
       19680.            0.
       19690.            0.
       19700.            0.
       19710.            0.
       19720.            0.
       19730.            0.
       19740.            0.
       19750.            0.
       19760.            0.
       19770.            0.
       19780.            0.
       19790.            0.
       19800.            0.
       19810.            0.
       19820.            0.
       19830.            0.
       19840.            0.
       19850.            0.
       19860.            0.
       19870.            0.
       19880.            0.
       19890.            0.
       19900.            0.
       19910.            0.
       19920.            0.
       19930.            0.
       19940.            0.
       19950.            0.
       19960.            0.
       19970.            0.
       19980.            0.
       19990.            0.
       20000.            0.
       20010.            0.
       20020.            0.
       20030.            0.
       20040.            0.
       20050.            0.
       20060.            0.
       20070.            0.
       20080.            0.
       20090.            0.
       20100.            0.
       20110.            0.
       20120.            0.
       20130.            0.
       20140.            0.
       20150.            0.
       20160.            0.
       20170.            0.
       20180.            0.
       20190.            0.
       20200.            0.
       20210.            0.
       20220.            0.
       20230.            0.
       20240.            0.
       20250.            0.
       20260.            0.
       20270.            0.
       20280.            0.
       20290.            0.
       20300.            0.
       20310.            0.
       20320.            0.
       20330.            0.
       20340.            0.
       20350.            0.
       20360.            0.
       20370.            0.
       20380.            0.
       20390.            0.
       20400.            0.
       20410.            0.
       20420.            0.
       20430.            0.
       20440.            0.
       20450.            0.
       20460.            0.
       20470.            0.
       20480.            0.
       20490.            0.
       20500.            0.
       20510.            0.
       20520.            0.
       20530.            0.
       20540.            0.
       20550.            0.
       20560.            0.
       20570.            0.
       20580.            0.
       20590.            0.
       20600.            0.
       20610.            0.
       20620.            0.
       20630.            0.
       20640.            0.
       20650.            0.
       20660.            0.
       20670.            0.
       20680.            0.
       20690.            0.
       20700.            0.
       20710.            0.
       20720.            0.
       20730.            0.
       20740.            0.
       20750.            0.
       20760.            0.
       20770.            0.
       20780.            0.
       20790.            0.
       20800.            0.
       20810.            0.
       20820.            0.
       20830.            0.
       20840.            0.
       20850.            0.
       20860.            0.
       20870.            0.
       20880.            0.
       20890.            0.
       20900.            0.
       20910.            0.
       20920.            0.
       20930.            0.
       20940.            0.
       20950.            0.
       20960.            0.
       20970.            0.
       20980.            0.
       20990.            0.
       21000.            0.
       21010.            0.
       21020.            0.
       21030.            0.
       21040.            0.
       21050.            0.
       21060.            0.
       21070.            0.
       21080.            0.
       21090.            0.
       21100.            0.
       21110.            0.
       21120.            0.
       21130.            0.
       21140.            0.
       21150.            0.
       21160.            0.
       21170.            0.
       21180.            0.
       21190.            0.
       21200.            0.
       21210.            0.
       21220.            0.
       21230.            0.
       21240.            0.
       21250.            0.
       21260.            0.
       21270.            0.
       21280.            0.
       21290.            0.
       21300.            0.
       21310.            0.
       21320.            0.
       21330.            0.
       21340.            0.
       21350.            0.
       21360.            0.
       21370.            0.
       21380.            0.
       21390.            0.
       21400.            0.
       21410.            0.
       21420.            0.
       21430.            0.
       21440.            0.
       21450.            0.
       21460.            0.
       21470.            0.
       21480.            0.
       21490.            0.
       21500.            0.
       21510.            0.
       21520.            0.
       21530.            0.
       21540.            0.
       21550.            0.
       21560.            0.
       21570.            0.
       21580.            0.
       21590.            0.
       21600.            0.
       21610.            0.
       21620.            0.
       21630.            0.
       21640.            0.
       21650.            0.
       21660.            0.
       21670.            0.
       21680.            0.
       21690.            0.
       21700.            0.
       21710.            0.
       21720.            0.
       21730.            0.
       21740.            0.
       21750.            0.
       21760.            0.
       21770.            0.
       21780.            0.
       21790.            0.
       21800.            0.
       21810.            0.
       21820.            0.
       21830.            0.
       21840.            0.
       21850.            0.
       21860.            0.
       21870.            0.
       21880.            0.
       21890.            0.
       21900.            0.
       21910.            0.
       21920.            0.
       21930.            0.
       21940.            0.
       21950.            0.
       21960.            0.
       21970.            0.
       21980.            0.
       21990.            0.
       22000.            0.
       22010.            0.
       22020.            0.
       22030.            0.
       22040.            0.
       22050.            0.
       22060.            0.
       22070.            0.
       22080.            0.
       22090.            0.
       22100.            0.
       22110.            0.
       22120.            0.
       22130.            0.
       22140.            0.
       22150.            0.
       22160.            0.
       22170.            0.
       22180.            0.
       22190.            0.
       22200.            0.
       22210.            0.
       22220.            0.
       22230.            0.
       22240.            0.
       22250.            0.
       22260.            0.
       22270.            0.
       22280.            0.
       22290.            0.
       22300.            0.
       22310.            0.
       22320.            0.
       22330.            0.
       22340.            0.
       22350.            0.
       22360.            0.
       22370.            0.
       22380.            0.
       22390.            0.
       22400.            0.
       22410.            0.
       22420.            0.
       22430.            0.
       22440.            0.
       22450.            0.
       22460.            0.
       22470.            0.
       22480.            0.
       22490.            0.
       22500.            0.
       22510.            0.
       22520.            0.
       22530.            0.
       22540.            0.
       22550.            0.
       22560.            0.
       22570.            0.
       22580.            0.
       22590.            0.
       22600.            0.
       22610.            0.
       22620.            0.
       22630.            0.
       22640.            0.
       22650.            0.
       22660.            0.
       22670.            0.
       22680.            0.
       22690.            0.
       22700.            0.
       22710.            0.
       22720.            0.
       22730.            0.
       22740.            0.
       22750.            0.
       22760.            0.
       22770.            0.
       22780.            0.
       22790.            0.
       22800.            0.
       22810.            0.
       22820.            0.
       22830.            0.
       22840.            0.
       22850.            0.
       22860.            0.
       22870.            0.
       22880.            0.
       22890.            0.
       22900.            0.
       22910.            0.
       22920.            0.
       22930.            0.
       22940.            0.
       22950.            0.
       22960.            0.
       22970.            0.
       22980.            0.
       22990.            0.
       23000.            0.
       23010.            0.
       23020.            0.
       23030.            0.
       23040.            0.
       23050.            0.
       23060.            0.
       23070.            0.
       23080.            0.
       23090.            0.
       23100.            0.
       23110.            0.
       23120.            0.
       23130.            0.
       23140.            0.
       23150.            0.
       23160.            0.
       23170.            0.
       23180.            0.
       23190.            0.
       23200.            0.
       23210.            0.
       23220.            0.
       23230.            0.
       23240.            0.
       23250.            0.
       23260.            0.
       23270.            0.
       23280.            0.
       23290.            0.
       23300.            0.
       23310.            0.
       23320.            0.
       23330.            0.
       23340.            0.
       23350.            0.
       23360.            0.
       23370.            0.
       23380.            0.
       23390.            0.
       23400.            0.
       23410.            0.
       23420.            0.
       23430.            0.
       23440.            0.
       23450.            0.
       23460.            0.
       23470.            0.
       23480.            0.
       23490.            0.
       23500.            0.
       23510.            0.
       23520.            0.
       23530.            0.
       23540.            0.
       23550.            0.
       23560.            0.
       23570.            0.
       23580.            0.
       23590.            0.
       23600.            0.
       23610.            0.
       23620.            0.
       23630.            0.
       23640.            0.
       23650.            0.
       23660.            0.
       23670.            0.
       23680.            0.
       23690.            0.
       23700.            0.
       23710.            0.
       23720.            0.
       23730.            0.
       23740.            0.
       23750.            0.
       23760.            0.
       23770.            0.
       23780.            0.
       23790.            0.
       23800.            0.
       23810.            0.
       23820.            0.
       23830.            0.
       23840.            0.
       23850.            0.
       23860.            0.
       23870.            0.
       23880.            0.
       23890.            0.
       23900.            0.
       23910.            0.
       23920.            0.
       23930.            0.
       23940.            0.
       23950.            0.
       23960.            0.
       23970.            0.
       23980.            0.
       23990.            0.
       24000.            0.
       24010.            0.
       24020.            0.
       24030.            0.
       24040.            0.
       24050.            0.
       24060.            0.
       24070.            0.
       24080.            0.
       24090.            0.
       24100.            0.
       24110.            0.
       24120.            0.
       24130.            0.
       24140.            0.
       24150.            0.
       24160.            0.
       24170.            0.
       24180.            0.
       24190.            0.
       24200.            0.
       24210.            0.
       24220.            0.
       24230.            0.
       24240.            0.
       24250.            0.
       24260.            0.
       24270.            0.
       24280.            0.
       24290.            0.
       24300.            0.
       24310.            0.
       24320.            0.
       24330.            0.
       24340.            0.
       24350.            0.
       24360.            0.
       24370.            0.
       24380.            0.
       24390.            0.
       24400.            0.
       24410.            0.
       24420.            0.
       24430.            0.
       24440.            0.
       24450.            0.
       24460.            0.
       24470.            0.
       24480.            0.
       24490.            0.
       24500.            0.
       24510.            0.
       24520.            0.
       24530.            0.
       24540.            0.
       24550.            0.
       24560.            0.
       24570.            0.
       24580.            0.
       24590.            0.
       24600.            0.
       24610.            0.
       24620.            0.
       24630.            0.
       24640.            0.
       24650.            0.
       24660.            0.
       24670.            0.
       24680.            0.
       24690.            0.
       24700.            0.
       24710.            0.
       24720.            0.
       24730.            0.
       24740.            0.
       24750.            0.
       24760.            0.
       24770.            0.
       24780.            0.
       24790.            0.
       24800.            0.
       24810.            0.
       24820.            0.
       24830.            0.
       24840.            0.
       24850.            0.
       24860.            0.
       24870.            0.
       24880.            0.
       24890.            0.
       24900.            0.
       24910.            0.
       24920.            0.
       24930.            0.
       24940.            0.
       24950.            0.
       24960.            0.
       24970.            0.
       24980.            0.
       24990.            0.
       25000.            0.
       25010.            0.
       25020.            0.
       25030.            0.
       25040.            0.
       25050.            0.
       25060.            0.
       25070.            0.
       25080.            0.
       25090.            0.
       25100.            0.
       25110.            0.
       25120.            0.
       25130.            0.
       25140.            0.
       25150.            0.
       25160.            0.
       25170.            0.
       25180.            0.
       25190.            0.
       25200.            0.
       25210.            0.
       25220.            0.
       25230.            0.
       25240.            0.
       25250.            0.
       25260.            0.
       25270.            0.
       25280.            0.
       25290.            0.
       25300.            0.
       25310.            0.
       25320.            0.
       25330.            0.
       25340.            0.
       25350.            0.
       25360.            0.
       25370.            0.
       25380.            0.
       25390.            0.
       25400.            0.
       25410.            0.
       25420.            0.
       25430.            0.
       25440.            0.
       25450.            0.
       25460.            0.
       25470.            0.
       25480.            0.
       25490.            0.
       25500.            0.
       25510.            0.
       25520.            0.
       25530.            0.
       25540.            0.
       25550.            0.
       25560.            0.
       25570.            0.
       25580.            0.
       25590.            0.
       25600.            0.
       25610.            0.
       25620.            0.
       25630.            0.
       25640.            0.
       25650.            0.
       25660.            0.
       25670.            0.
       25680.            0.
       25690.            0.
       25700.            0.
       25710.            0.
       25720.            0.
       25730.            0.
       25740.            0.
       25750.            0.
       25760.            0.
       25770.            0.
       25780.            0.
       25790.            0.
       25800.            0.
       25810.            0.
       25820.            0.
       25830.            0.
       25840.            0.
       25850.            0.
       25860.            0.
       25870.            0.
       25880.            0.
       25890.            0.
       25900.            0.
       25910.            0.
       25920.            0.
       25930.            0.
       25940.            0.
       25950.            0.
       25960.            0.
       25970.            0.
       25980.            0.
       25990.            0.
       26000.            0.
       26010.            0.
       26020.            0.
       26030.            0.
       26040.            0.
       26050.            0.
       26060.            0.
       26070.            0.
       26080.            0.
       26090.            0.
       26100.            0.
       26110.            0.
       26120.            0.
       26130.            0.
       26140.            0.
       26150.            0.
       26160.            0.
       26170.            0.
       26180.            0.
       26190.            0.
       26200.            0.
       26210.            0.
       26220.            0.
       26230.            0.
       26240.            0.
       26250.            0.
       26260.            0.
       26270.            0.
       26280.            0.
       26290.            0.
       26300.            0.
       26310.            0.
       26320.            0.
       26330.            0.
       26340.            0.
       26350.            0.
       26360.            0.
       26370.            0.
       26380.            0.
       26390.            0.
       26400.            0.
       26410.            0.
       26420.            0.
       26430.            0.
       26440.            0.
       26450.            0.
       26460.            0.
       26470.            0.
       26480.            0.
       26490.            0.
       26500.            0.
       26510.            0.
       26520.            0.
       26530.            0.
       26540.            0.
       26550.            0.
       26560.            0.
       26570.            0.
       26580.            0.
       26590.            0.
       26600.            0.
       26610.            0.
       26620.            0.
       26630.            0.
       26640.            0.
       26650.            0.
       26660.            0.
       26670.            0.
       26680.            0.
       26690.            0.
       26700.            0.
       26710.            0.
       26720.            0.
       26730.            0.
       26740.            0.
       26750.            0.
       26760.            0.
       26770.            0.
       26780.            0.
       26790.            0.
       26800.            0.
       26810.            0.
       26820.            0.
       26830.            0.
       26840.            0.
       26850.            0.
       26860.            0.
       26870.            0.
       26880.            0.
       26890.            0.
       26900.            0.
       26910.            0.
       26920.            0.
       26930.            0.
       26940.            0.
       26950.            0.
       26960.            0.
       26970.            0.
       26980.            0.
       26990.            0.
       27000.            0.
       27010.            0.
       27020.            0.
       27030.            0.
       27040.            0.
       27050.            0.
       27060.            0.
       27070.            0.
       27080.            0.
       27090.            0.
       27100.            0.
       27110.            0.
       27120.            0.
       27130.            0.
       27140.            0.
       27150.            0.
       27160.            0.
       27170.            0.
       27180.            0.
       27190.            0.
       27200.            0.
       27210.            0.
       27220.            0.
       27230.            0.
       27240.            0.
       27250.            0.
       27260.            0.
       27270.            0.
       27280.            0.
       27290.            0.
       27300.            0.
       27310.            0.
       27320.            0.
       27330.            0.
       27340.            0.
       27350.            0.
       27360.            0.
       27370.            0.
       27380.            0.
       27390.            0.
       27400.            0.
       27410.            0.
       27420.            0.
       27430.            0.
       27440.            0.
       27450.            0.
       27460.            0.
       27470.            0.
       27480.            0.
       27490.            0.
       27500.            0.
       27510.            0.
       27520.            0.
       27530.            0.
       27540.            0.
       27550.            0.
       27560.            0.
       27570.            0.
       27580.            0.
       27590.            0.
       27600.            0.
       27610.            0.
       27620.            0.
       27630.            0.
       27640.            0.
       27650.            0.
       27660.            0.
       27670.            0.
       27680.            0.
       27690.            0.
       27700.            0.
       27710.            0.
       27720.            0.
       27730.            0.
       27740.            0.
       27750.            0.
       27760.            0.
       27770.            0.
       27780.            0.
       27790.            0.
       27800.            0.
       27810.            0.
       27820.            0.
       27830.            0.
       27840.            0.
       27850.            0.
       27860.            0.
       27870.            0.
       27880.            0.
       27890.            0.
       27900.            0.
       27910.            0.
       27920.            0.
       27930.            0.
       27940.            0.
       27950.            0.
       27960.            0.
       27970.            0.
       27980.            0.
       27990.            0.
       28000.            0.
       28010.            0.
       28020.            0.
       28030.            0.
       28040.            0.
       28050.            0.
       28060.            0.
       28070.            0.
       28080.            0.
       28090.            0.
       28100.            0.
       28110.            0.
       28120.            0.
       28130.            0.
       28140.            0.
       28150.            0.
       28160.            0.
       28170.            0.
       28180.            0.
       28190.            0.
       28200.            0.
       28210.            0.
       28220.            0.
       28230.            0.
       28240.            0.
       28250.            0.
       28260.            0.
       28270.            0.
       28280.            0.
       28290.            0.
       28300.            0.
       28310.            0.
       28320.            0.
       28330.            0.
       28340.            0.
       28350.            0.
       28360.            0.
       28370.            0.
       28380.            0.
       28390.            0.
       28400.            0.
       28410.            0.
       28420.            0.
       28430.            0.
       28440.            0.
       28450.            0.
       28460.            0.
       28470.            0.
       28480.            0.
       28490.            0.
       28500.            0.
       28510.            0.
       28520.            0.
       28530.            0.
       28540.            0.
       28550.            0.
       28560.            0.
       28570.            0.
       28580.            0.
       28590.            0.
       28600.            0.
       28610.            0.
       28620.            0.
       28630.            0.
       28640.            0.
       28650.            0.
       28660.            0.
       28670.            0.
       28680.            0.
       28690.            0.
       28700.            0.
       28710.            0.
       28720.            0.
       28730.            0.
       28740.            0.
       28750.            0.
       28760.            0.
       28770.            0.
       28780.            0.
       28790.            0.
       28800.            0.
       28810.            0.
       28820.            0.
       28830.            0.
       28840.            0.
       28850.            0.
       28860.            0.
       28870.            0.
       28880.            0.
       28890.            0.
       28900.            0.
       28910.            0.
       28920.            0.
       28930.            0.
       28940.            0.
       28950.            0.
       28960.            0.
       28970.            0.
       28980.            0.
       28990.            0.
       29000.            0.
       29010.            0.
       29020.            0.
       29030.            0.
       29040.            0.
       29050.            0.
       29060.            0.
       29070.            0.
       29080.            0.
       29090.            0.
       29100.            0.
       29110.            0.
       29120.            0.
       29130.            0.
       29140.            0.
       29150.            0.
       29160.            0.
       29170.            0.
       29180.            0.
       29190.            0.
       29200.            0.
       29210.            0.
       29220.            0.
       29230.            0.
       29240.            0.
       29250.            0.
       29260.            0.
       29270.            0.
       29280.            0.
       29290.            0.
       29300.            0.
       29310.            0.
       29320.            0.
       29330.            0.
       29340.            0.
       29350.            0.
       29360.            0.
       29370.            0.
       29380.            0.
       29390.            0.
       29400.            0.
       29410.            0.
       29420.            0.
       29430.            0.
       29440.            0.
       29450.            0.
       29460.            0.
       29470.            0.
       29480.            0.
       29490.            0.
       29500.            0.
       29510.            0.
       29520.            0.
       29530.            0.
       29540.            0.
       29550.            0.
       29560.            0.
       29570.            0.
       29580.            0.
       29590.            0.
       29600.            0.
       29610.            0.
       29620.            0.
       29630.            0.
       29640.            0.
       29650.            0.
       29660.            0.
       29670.            0.
       29680.            0.
       29690.            0.
       29700.            0.
       29710.            0.
       29720.            0.
       29730.            0.
       29740.            0.
       29750.            0.
       29760.            0.
       29770.            0.
       29780.            0.
       29790.            0.
       29800.            0.
       29810.            0.
       29820.            0.
       29830.            0.
       29840.            0.
       29850.            0.
       29860.            0.
       29870.            0.
       29880.            0.
       29890.            0.
       29900.            0.
       29910.            0.
       29920.            0.
       29930.            0.
       29940.            0.
       29950.            0.
       29960.            0.
       29970.            0.
       29980.            0.
       29990.            0.
       30000.            0.
