         100.            0.            0.
        1290.       0.05489            0.
        1320.       0.13873            0.
        1350.       0.16874            0.
        1410.       0.16248            0.
        1440.       0.15623            0.
        1470.          0.15            0.
        1500.       0.14123            0.
        1530.       0.13373            0.
        1560.         0.125            0.
        1590.         0.115            0.
        1620.       0.10494            0.
        1650.       0.09247            0.
        1680.       0.08122            0.
        1710.          0.07            0.
        1740.          0.06            0.
        1770.          0.05            0.
        1800.          0.04            0.
        1860.       0.01798            0.
        1870.        0.0168            0.
        1880.       0.01568            0.
        1890.        0.0146            0.
        1900.        0.0136            0.
        1910.       0.01268            0.
        1920.       0.01174            0.
        1930.       0.01085            0.
        1940.       0.01007            0.
        1950.       0.00937            0.
        1960.       0.00874            0.
        1970.       0.00814            0.
        1980.       0.00758            0.
        1990.       0.00707            0.
        2000.       0.00659            0.
        2010.       0.00616            0.
        2020.       0.00575            0.
        2030.       0.00537            0.
        2040.       0.00503            0.
        2050.       0.00471            0.
        2060.       0.00443            0.
        2070.       0.00417            0.
        2080.       0.00392            0.
        2090.       0.00369            0.
        2100.       0.00349            0.
        2110.        0.0033            0.
        2120.       0.00312            0.
        2130.       0.00295            0.
        2140.        0.0028            0.
        2150.       0.00266            0.
        2160.       0.00253            0.
        2170.        0.0024            0.
        2180.       0.00229            0.
        2190.       0.00219            0.
        2200.       0.00208            0.
        2210.       0.00199            0.
        2220.       0.00191            0.
        2230.       0.00183            0.
        2240.       0.00175            0.
        2250.       0.00167            0.
        2260.        0.0016            0.
        2270.       0.00154            0.
        2280.       0.00148            0.
        2290.       0.00142            0.
        2300.       0.00137            0.
        2310.       0.00131            0.
        2320.       0.00126            0.
        2330.       0.00122            0.
        2340.       0.00118            0.
        2350.       0.00114            0.
        2360.        0.0011            0.
        2370.       0.00106            0.
        2380.       0.00103            0.
        2390.   9.900000E-4            0.
        2400.   9.600000E-4            0.
        2410.   9.300000E-4            0.
        2420.   9.000000E-4            0.
        2430.   8.800000E-4            0.
        2440.   8.500000E-4            0.
        2450.   8.300000E-4            0.
        2460.   8.000000E-4            0.
        2470.   7.800000E-4            0.
        2480.   7.500000E-4            0.
        2490.   7.300000E-4            0.
        2500.   7.100000E-4            0.
        2510.   6.900000E-4            0.
        2520.   6.700000E-4            0.
        2530.   6.500000E-4            0.
        2540.   6.400000E-4            0.
        2550.   6.200000E-4            0.
        2560.   6.000000E-4            0.
        2570.   5.900000E-4            0.
        2580.   5.700000E-4            0.
        2590.   5.600000E-4            0.
        2600.   5.400000E-4            0.
        2610.   5.300000E-4            0.
        2620.   5.200000E-4            0.
        2630.   5.000000E-4            0.
        2640.   4.900000E-4            0.
        2650.   4.800000E-4            0.
        2660.   4.700000E-4            0.
        2670.   4.600000E-4            0.
        2680.   4.500000E-4            0.
        2690.   4.400000E-4            0.
        2700.   4.300000E-4            0.
        2710.   4.200000E-4            0.
        2720.   4.100000E-4            0.
        2730.   4.000000E-4            0.
        2740.   4.000000E-4            0.
        2750.   3.900000E-4            0.
        2760.   3.800000E-4            0.
        2770.   3.700000E-4            0.
        2780.   3.600000E-4            0.
        2790.   3.600000E-4            0.
        2800.   3.500000E-4            0.
        2810.   3.400000E-4            0.
        2820.   3.400000E-4            0.
        2830.   3.300000E-4            0.
        2840.   3.300000E-4            0.
        2850.   3.200000E-4            0.
        2860.   3.100000E-4            0.
        2870.   3.100000E-4            0.
        2880.   3.000000E-4            0.
        2890.   3.000000E-4            0.
        2900.   2.900000E-4            0.
        2910.   2.900000E-4            0.
        2920.   2.800000E-4            0.
        2930.   2.800000E-4            0.
        2940.   2.800000E-4            0.
        2950.   2.700000E-4            0.
        2960.   2.700000E-4            0.
        2970.   2.600000E-4            0.
        2980.   2.600000E-4            0.
        2990.   2.500000E-4            0.
        3000.   2.500000E-4            0.
        3010.   2.500000E-4            0.
        3020.   2.400000E-4            0.
        3030.   2.400000E-4            0.
        3040.   2.300000E-4            0.
        3050.   2.300000E-4            0.
        3060.   2.300000E-4            0.
        3070.   2.300000E-4            0.
        3080.   2.200000E-4            0.
        3090.   2.200000E-4            0.
        3100.   2.200000E-4            0.
        3110.   2.100000E-4            0.
        3120.   2.100000E-4            0.
        3130.   2.100000E-4            0.
        3140.   2.100000E-4            0.
        3150.   2.000000E-4            0.
        3160.   2.000000E-4            0.
        3170.   2.000000E-4            0.
        3180.   2.000000E-4            0.
        3190.   1.900000E-4            0.
        3200.   1.900000E-4            0.
        3210.   1.900000E-4            0.
        3220.   1.900000E-4            0.
        3230.   1.800000E-4            0.
        3240.   1.800000E-4            0.
        3250.   1.800000E-4            0.
        3260.   1.800000E-4            0.
        3270.   1.800000E-4            0.
        3280.   1.700000E-4            0.
        3290.   1.700000E-4            0.
        3300.   1.700000E-4            0.
        3310.   1.700000E-4            0.
        3320.   1.700000E-4            0.
        3330.   1.600000E-4            0.
        3340.   1.600000E-4            0.
        3350.   1.600000E-4            0.
        3360.   1.600000E-4            0.
        3370.   1.600000E-4            0.
        3380.   1.600000E-4            0.
        3390.   1.600000E-4            0.
        3400.   1.500000E-4            0.
        3410.   1.500000E-4            0.
        3420.   1.500000E-4            0.
        3430.   1.400000E-4            0.
        3440.   1.400000E-4            0.
        3450.   1.400000E-4            0.
        3460.   1.400000E-4            0.
        3470.   1.400000E-4            0.
        3480.   1.400000E-4            0.
        3490.   1.400000E-4            0.
        3500.   1.300000E-4            0.
        3510.   1.300000E-4            0.
        3520.   1.300000E-4            0.
        3530.   1.300000E-4            0.
        3540.   1.300000E-4            0.
        3550.   1.300000E-4            0.
        3560.   1.300000E-4            0.
        3570.   1.300000E-4            0.
        3580.   1.200000E-4            0.
        3590.   1.200000E-4            0.
        3600.   1.200000E-4            0.
        3610.   1.200000E-4            0.
        3620.   1.200000E-4            0.
        3630.   1.200000E-4            0.
        3640.   1.200000E-4            0.
        3650.   1.200000E-4            0.
        3660.   1.200000E-4            0.
        3670.   1.100000E-4            0.
        3680.   1.100000E-4            0.
        3690.   1.100000E-4            0.
        3700.   1.100000E-4            0.
        3710.   1.100000E-4            0.
        3720.   1.100000E-4            0.
        3730.   1.100000E-4            0.
        3740.   1.100000E-4            0.
        3750.   1.100000E-4            0.
        3760.   1.100000E-4            0.
        3770.   1.000000E-4            0.
        3780.   1.000000E-4            0.
        3790.   1.000000E-4            0.
        3800.   1.000000E-4            0.
        3810.   1.000000E-4            0.
        3820.   1.000000E-4            0.
        3830.   1.000000E-4            0.
        3840.   1.000000E-4            0.
        3850.   1.000000E-4            0.
        3860.   1.000000E-4            0.
        3870.   1.000000E-4            0.
        3880.   1.000000E-4            0.
        3890.   1.000000E-4            0.
        3900.   9.000000E-5            0.
        3910.   9.000000E-5            0.
        3920.   9.000000E-5            0.
        3930.   9.000000E-5            0.
        3940.   9.000000E-5            0.
        3950.   9.000000E-5            0.
        3960.   9.000000E-5            0.
        3970.   9.000000E-5            0.
        3980.   9.000000E-5            0.
        3990.   9.000000E-5            0.
        4000.   9.000000E-5            0.
        4010.   9.000000E-5            0.
        4020.   9.000000E-5            0.
        4030.   8.000000E-5            0.
        4040.   8.000000E-5            0.
        4050.   8.000000E-5            0.
        4060.   8.000000E-5            0.
        4070.   8.000000E-5            0.
        4080.   8.000000E-5            0.
        4090.   8.000000E-5            0.
        4100.   8.000000E-5            0.
        4110.   8.000000E-5            0.
        4120.   8.000000E-5            0.
        4130.   8.000000E-5            0.
        4140.   8.000000E-5            0.
        4150.   8.000000E-5            0.
        4160.   8.000000E-5            0.
        4170.   8.000000E-5            0.
        4180.   8.000000E-5            0.
        4190.   8.000000E-5            0.
        4200.   8.000000E-5            0.
        4210.   8.000000E-5            0.
        4220.   7.000000E-5            0.
        4230.   7.000000E-5            0.
        4240.   7.000000E-5            0.
        4250.   7.000000E-5            0.
        4260.   7.000000E-5            0.
        4270.   7.000000E-5            0.
        4280.   7.000000E-5            0.
        4290.   7.000000E-5            0.
        4300.   7.000000E-5            0.
        4310.   7.000000E-5            0.
        4320.   7.000000E-5            0.
        4330.   7.000000E-5            0.
        4340.   7.000000E-5            0.
        4350.   7.000000E-5            0.
        4360.   7.000000E-5            0.
        4370.   7.000000E-5            0.
        4380.   7.000000E-5            0.
        4390.   7.000000E-5            0.
        4400.   7.000000E-5            0.
        4410.   7.000000E-5            0.
        4420.   7.000000E-5            0.
        4430.   6.000000E-5            0.
        4440.   6.000000E-5            0.
        4450.   6.000000E-5            0.
        4460.   6.000000E-5            0.
        4470.   6.000000E-5            0.
        4480.   6.000000E-5            0.
        4490.   6.000000E-5            0.
        4500.   6.000000E-5            0.
        4510.   6.000000E-5            0.
        4520.   6.000000E-5            0.
        4530.   6.000000E-5            0.
        4540.   6.000000E-5            0.
        4550.   6.000000E-5            0.
        4560.   6.000000E-5            0.
        4570.   6.000000E-5            0.
        4580.   6.000000E-5            0.
        4590.   6.000000E-5            0.
        4600.   6.000000E-5            0.
        4610.   6.000000E-5            0.
        4620.   6.000000E-5            0.
        4630.   6.000000E-5            0.
        4640.   6.000000E-5            0.
        4650.   6.000000E-5            0.
        4660.   6.000000E-5            0.
        4670.   6.000000E-5            0.
        4680.   6.000000E-5            0.
        4690.   6.000000E-5            0.
        4700.   6.000000E-5            0.
        4710.   6.000000E-5            0.
        4720.   5.000000E-5            0.
        4730.   5.000000E-5            0.
        4740.   5.000000E-5            0.
        4750.   5.000000E-5            0.
        4760.   5.000000E-5            0.
        4770.   5.000000E-5            0.
        4780.   5.000000E-5            0.
        4790.   5.000000E-5            0.
        4800.   5.000000E-5            0.
        4810.   5.000000E-5            0.
        4820.   5.000000E-5            0.
        4830.   5.000000E-5            0.
        4840.   5.000000E-5            0.
        4850.   5.000000E-5            0.
        4860.   5.000000E-5            0.
        4870.   5.000000E-5            0.
        4880.   5.000000E-5            0.
        4890.   5.000000E-5            0.
        4900.   5.000000E-5            0.
        4910.   5.000000E-5            0.
        4920.   5.000000E-5            0.
        4930.   5.000000E-5            0.
        4940.   5.000000E-5            0.
        4950.   5.000000E-5            0.
        4960.   5.000000E-5            0.
        4970.   5.000000E-5            0.
        4980.   5.000000E-5            0.
        4990.   5.000000E-5            0.
        5000.   5.000000E-5            0.
        5010.   5.000000E-5            0.
        5020.   5.000000E-5            0.
        5030.   5.000000E-5            0.
        5040.   5.000000E-5            0.
        5050.   5.000000E-5            0.
        5060.   5.000000E-5            0.
        5070.   5.000000E-5            0.
        5080.   5.000000E-5            0.
        5090.   5.000000E-5            0.
        5100.   5.000000E-5            0.
        5110.   5.000000E-5            0.
        5120.   5.000000E-5            0.
        5130.   5.000000E-5            0.
        5140.   4.000000E-5            0.
        5150.   4.000000E-5            0.
        5160.   4.000000E-5            0.
        5170.   4.000000E-5            0.
        5180.   4.000000E-5            0.
        5190.   4.000000E-5            0.
        5200.   4.000000E-5            0.
        5210.   4.000000E-5            0.
        5220.   4.000000E-5            0.
        5230.   4.000000E-5            0.
        5240.   4.000000E-5            0.
        5250.   4.000000E-5            0.
        5260.   4.000000E-5            0.
        5270.   4.000000E-5            0.
        5280.   4.000000E-5            0.
        5290.   4.000000E-5            0.
        5300.   4.000000E-5            0.
        5310.   4.000000E-5            0.
        5320.   4.000000E-5            0.
        5330.   4.000000E-5            0.
        5340.   4.000000E-5            0.
        5350.   4.000000E-5            0.
        5360.   4.000000E-5            0.
        5370.   4.000000E-5            0.
        5380.   4.000000E-5            0.
        5390.   4.000000E-5            0.
        5400.   4.000000E-5            0.
        5410.   4.000000E-5            0.
        5420.   4.000000E-5            0.
        5430.   4.000000E-5            0.
        5440.   4.000000E-5            0.
        5450.   4.000000E-5            0.
        5460.   4.000000E-5            0.
        5470.   4.000000E-5            0.
        5480.   4.000000E-5            0.
        5490.   4.000000E-5            0.
        5500.   4.000000E-5            0.
        5510.   4.000000E-5            0.
        5520.   4.000000E-5            0.
        5530.   4.000000E-5            0.
        5540.   4.000000E-5            0.
        5550.   4.000000E-5            0.
        5560.   4.000000E-5            0.
        5570.   4.000000E-5            0.
        5580.   4.000000E-5            0.
        5590.   4.000000E-5            0.
        5600.   4.000000E-5            0.
        5610.   4.000000E-5            0.
        5620.   4.000000E-5            0.
        5630.   4.000000E-5            0.
        5640.   4.000000E-5            0.
        5650.   4.000000E-5            0.
        5660.   4.000000E-5            0.
        5670.   4.000000E-5            0.
        5680.   4.000000E-5            0.
        5690.   4.000000E-5            0.
        5700.   4.000000E-5            0.
        5710.   4.000000E-5            0.
        5720.   4.000000E-5            0.
        5730.   4.000000E-5            0.
        5740.   4.000000E-5            0.
        5750.   4.000000E-5            0.
        5760.   4.000000E-5            0.
        5770.   4.000000E-5            0.
        5780.   4.000000E-5            0.
        5790.   4.000000E-5            0.
        5800.   4.000000E-5            0.
        5810.   4.000000E-5            0.
        5820.   4.000000E-5            0.
        5830.   4.000000E-5            0.
        5840.   4.000000E-5            0.
        5850.   4.000000E-5            0.
        5860.   3.000000E-5            0.
        5870.   3.000000E-5            0.
        5880.   3.000000E-5            0.
        5890.   3.000000E-5            0.
        5900.   3.000000E-5            0.
        5910.   3.000000E-5            0.
        5920.   3.000000E-5            0.
        5930.   3.000000E-5            0.
        5940.   3.000000E-5            0.
        5950.   3.000000E-5            0.
        5960.   3.000000E-5            0.
        5970.   3.000000E-5            0.
        5980.   3.000000E-5            0.
        5990.   3.000000E-5            0.
        6000.   3.000000E-5            0.
        6010.   3.000000E-5            0.
        6020.   3.000000E-5            0.
        6030.   3.000000E-5            0.
        6040.   3.000000E-5            0.
        6050.   3.000000E-5            0.
        6060.   3.000000E-5            0.
        6070.   3.000000E-5            0.
        6080.   3.000000E-5            0.
        6090.   3.000000E-5            0.
        6100.   3.000000E-5            0.
        6110.   3.000000E-5            0.
        6120.   3.000000E-5            0.
        6130.   3.000000E-5            0.
        6140.   3.000000E-5            0.
        6150.   3.000000E-5            0.
        6160.   3.000000E-5            0.
        6170.   3.000000E-5            0.
        6180.   3.000000E-5            0.
        6190.   3.000000E-5            0.
        6200.   3.000000E-5            0.
        6210.   3.000000E-5            0.
        6220.   3.000000E-5            0.
        6230.   3.000000E-5            0.
        6240.   3.000000E-5            0.
        6250.   3.000000E-5            0.
        6260.   3.000000E-5            0.
        6270.   3.000000E-5            0.
        6280.   3.000000E-5            0.
        6290.   3.000000E-5            0.
        6300.   3.000000E-5            0.
        6310.   3.000000E-5            0.
        6320.   3.000000E-5            0.
        6330.   3.000000E-5            0.
        6340.   3.000000E-5            0.
        6350.   3.000000E-5            0.
        6360.   3.000000E-5            0.
        6370.   3.000000E-5            0.
        6380.   3.000000E-5            0.
        6390.   3.000000E-5            0.
        6400.   3.000000E-5            0.
        6410.   3.000000E-5            0.
        6420.   3.000000E-5            0.
        6430.   3.000000E-5            0.
        6440.   3.000000E-5            0.
        6450.   3.000000E-5            0.
        6460.   3.000000E-5            0.
        6470.   3.000000E-5            0.
        6480.   3.000000E-5            0.
        6490.   3.000000E-5            0.
        6500.   3.000000E-5            0.
        6510.   3.000000E-5            0.
        6520.   3.000000E-5            0.
        6530.   3.000000E-5            0.
        6540.   3.000000E-5            0.
        6550.   3.000000E-5            0.
        6560.   3.000000E-5            0.
        6570.   3.000000E-5            0.
        6580.   3.000000E-5            0.
        6590.   3.000000E-5            0.
        6600.   3.000000E-5            0.
        6610.   3.000000E-5            0.
        6620.   3.000000E-5            0.
        6630.   3.000000E-5            0.
        6640.   3.000000E-5            0.
        6650.   3.000000E-5            0.
        6660.   3.000000E-5            0.
        6670.   3.000000E-5            0.
        6680.   3.000000E-5            0.
        6690.   3.000000E-5            0.
        6700.   3.000000E-5            0.
        6710.   3.000000E-5            0.
        6720.   3.000000E-5            0.
        6730.   3.000000E-5            0.
        6740.   3.000000E-5            0.
        6750.   3.000000E-5            0.
        6760.   3.000000E-5            0.
        6770.   3.000000E-5            0.
        6780.   3.000000E-5            0.
        6790.   3.000000E-5            0.
        6800.   3.000000E-5            0.
        6810.   3.000000E-5            0.
        6820.   3.000000E-5            0.
        6830.   3.000000E-5            0.
        6840.   3.000000E-5            0.
        6850.   3.000000E-5            0.
        6860.   3.000000E-5            0.
        6870.   3.000000E-5            0.
        6880.   3.000000E-5            0.
        6890.   3.000000E-5            0.
        6900.   3.000000E-5            0.
        6910.   3.000000E-5            0.
        6920.   3.000000E-5            0.
        6930.   3.000000E-5            0.
        6940.   3.000000E-5            0.
        6950.   3.000000E-5            0.
        6960.   3.000000E-5            0.
        6970.   3.000000E-5            0.
        6980.   3.000000E-5            0.
        6990.   3.000000E-5            0.
        7000.   3.000000E-5            0.
        7010.   3.000000E-5            0.
        7020.   3.000000E-5            0.
        7030.   3.000000E-5            0.
        7040.   3.000000E-5            0.
        7050.   3.000000E-5            0.
        7060.   3.000000E-5            0.
        7070.   3.000000E-5            0.
        7080.   3.000000E-5            0.
        7090.   3.000000E-5            0.
        7100.   3.000000E-5            0.
        7110.   3.000000E-5            0.
        7120.   3.000000E-5            0.
        7130.   3.000000E-5            0.
        7140.   3.000000E-5            0.
        7150.   3.000000E-5            0.
        7160.   3.000000E-5            0.
        7170.   3.000000E-5            0.
        7180.   3.000000E-5            0.
        7190.   4.000000E-5            0.
        7200.   4.000000E-5            0.
        7210.   4.000000E-5            0.
        7220.   4.000000E-5            0.
        7230.   4.000000E-5            0.
        7240.   4.000000E-5            0.
        7250.   4.000000E-5            0.
        7260.   4.000000E-5            0.
        7270.   4.000000E-5            0.
        7280.   4.000000E-5            0.
        7290.   4.000000E-5            0.
        7300.   4.000000E-5            0.
        7310.   4.000000E-5            0.
        7320.   4.000000E-5            0.
        7330.   4.000000E-5            0.
        7340.   4.000000E-5            0.
        7350.   4.000000E-5            0.
        7360.   4.000000E-5            0.
        7370.   4.000000E-5            0.
        7380.   4.000000E-5            0.
        7390.   4.000000E-5            0.
        7400.   4.000000E-5            0.
        7410.   4.000000E-5            0.
        7420.   4.000000E-5            0.
        7430.   4.000000E-5            0.
        7440.   4.000000E-5            0.
        7450.   4.000000E-5            0.
        7460.   4.000000E-5            0.
        7470.   4.000000E-5            0.
        7480.   4.000000E-5            0.
        7490.   4.000000E-5            0.
        7500.   4.000000E-5            0.
        7510.   4.000000E-5            0.
        7520.   4.000000E-5            0.
        7530.   4.000000E-5            0.
        7540.   4.000000E-5            0.
        7550.   4.000000E-5            0.
        7560.   4.000000E-5            0.
        7570.   4.000000E-5            0.
        7580.   5.000000E-5            0.
        7590.   5.000000E-5            0.
        7600.   5.000000E-5            0.
        7610.   5.000000E-5            0.
        7620.   5.000000E-5            0.
        7630.   5.000000E-5            0.
        7640.   5.000000E-5            0.
        7650.   5.000000E-5            0.
        7660.   5.000000E-5            0.
        7670.   5.000000E-5            0.
        7680.   5.000000E-5            0.
        7690.   5.000000E-5            0.
        7700.   5.000000E-5            0.
        7710.   5.000000E-5            0.
        7720.   5.000000E-5            0.
        7730.   5.000000E-5            0.
        7740.   5.000000E-5            0.
        7750.   5.000000E-5            0.
        7760.   5.000000E-5            0.
        7770.   5.000000E-5            0.
        7780.   6.000000E-5            0.
        7790.   6.000000E-5            0.
        7800.   6.000000E-5            0.
        7810.   6.000000E-5            0.
        7820.   6.000000E-5            0.
        7830.   6.000000E-5            0.
        7840.   6.000000E-5            0.
        7850.   6.000000E-5            0.
        7860.   6.000000E-5            0.
        7870.   6.000000E-5            0.
        7880.   6.000000E-5            0.
        7890.   6.000000E-5            0.
        7900.   6.000000E-5            0.
        7910.   6.000000E-5            0.
        7920.   7.000000E-5            0.
        7930.   7.000000E-5            0.
        7940.   7.000000E-5            0.
        7950.   7.000000E-5            0.
        7960.   7.000000E-5            0.
        7970.   7.000000E-5            0.
        7980.   7.000000E-5            0.
        7990.   7.000000E-5            0.
        8000.   8.000000E-5            0.
        8010.   8.000000E-5            0.
        8020.   8.000000E-5            0.
        8030.   8.000000E-5            0.
        8040.   7.000000E-5            0.
        8050.   7.000000E-5            0.
        8060.   8.000000E-5            0.
        8070.   8.000000E-5            0.
        8080.   8.000000E-5            0.
        8090.   8.000000E-5            0.
        8100.   7.000000E-5            0.
        8110.   7.000000E-5            0.
        8120.   8.000000E-5            0.
        8130.   8.000000E-5            0.
        8140.   9.000000E-5            0.
        8150.   9.000000E-5            0.
        8160.   8.000000E-5            0.
        8170.   9.000000E-5            0.
        8180.   9.000000E-5            0.
        8190.   1.000000E-4            0.
        8200.   1.000000E-4            0.
        8210.   1.000000E-4            0.
        8220.   9.000000E-5            0.
        8230.   9.000000E-5            0.
        8240.   9.000000E-5            0.
        8250.   1.000000E-4            0.
        8260.   1.000000E-4            0.
        8270.   1.000000E-4            0.
        8280.   9.000000E-5            0.
        8290.   9.000000E-5            0.
        8300.   1.000000E-4            0.
        8310.   1.000000E-4            0.
        8320.   1.000000E-4            0.
        8330.   1.000000E-4            0.
        8340.   1.000000E-4            0.
        8350.   1.000000E-4            0.
        8360.   1.000000E-4            0.
        8370.   1.100000E-4            0.
        8380.   1.100000E-4            0.
        8390.   1.100000E-4            0.
        8400.   1.200000E-4            0.
        8410.   1.200000E-4            0.
        8420.   1.200000E-4            0.
        8430.   1.100000E-4            0.
        8440.   1.200000E-4            0.
        8450.   1.300000E-4            0.
        8460.   1.200000E-4            0.
        8470.   1.100000E-4            0.
        8480.   1.200000E-4            0.
        8490.   1.200000E-4            0.
        8500.   1.200000E-4            0.
        8510.   1.200000E-4            0.
        8520.   1.200000E-4            0.
        8530.   1.200000E-4            0.
        8540.   1.200000E-4            0.
        8550.   1.200000E-4            0.
        8560.   1.200000E-4            0.
        8570.   1.200000E-4            0.
        8580.   1.200000E-4            0.
        8590.   1.200000E-4            0.
        8600.   1.200000E-4            0.
        8610.   1.200000E-4            0.
        8620.   1.300000E-4            0.
        8630.   1.300000E-4            0.
        8640.   1.300000E-4            0.
        8650.   1.300000E-4            0.
        8660.   1.300000E-4            0.
        8670.   1.400000E-4            0.
        8680.   1.400000E-4            0.
        8690.   1.300000E-4            0.
        8700.   1.300000E-4            0.
        8710.   1.300000E-4            0.
        8720.   1.200000E-4            0.
        8730.   1.300000E-4            0.
        8740.   1.400000E-4            0.
        8750.   1.400000E-4            0.
        8760.   1.400000E-4            0.
        8770.   1.400000E-4            0.
        8780.   1.400000E-4            0.
        8790.   1.300000E-4            0.
        8800.   1.300000E-4            0.
        8810.   1.300000E-4            0.
        8820.   1.300000E-4            0.
        8830.   1.300000E-4            0.
        8840.   1.300000E-4            0.
        8850.   1.400000E-4            0.
        8860.   1.400000E-4            0.
        8870.   1.300000E-4            0.
        8880.   1.400000E-4            0.
        8890.   1.400000E-4            0.
        8900.   1.400000E-4            0.
        8910.   1.400000E-4            0.
        8920.   1.300000E-4            0.
        8930.   1.300000E-4            0.
        8940.   1.400000E-4            0.
        8950.   1.300000E-4            0.
        8960.   1.300000E-4            0.
        8970.   1.300000E-4            0.
        8980.   1.300000E-4            0.
        8990.   1.300000E-4            0.
        9000.   1.300000E-4            0.
        9010.   1.300000E-4            0.
        9020.   1.300000E-4            0.
        9030.   1.300000E-4            0.
        9040.   1.300000E-4            0.
        9050.   1.300000E-4            0.
        9060.   1.300000E-4            0.
        9070.   1.300000E-4            0.
        9080.   1.300000E-4            0.
        9090.   1.400000E-4            0.
        9100.   1.300000E-4            0.
        9110.   1.300000E-4            0.
        9120.   1.300000E-4            0.
        9130.   1.300000E-4            0.
        9140.   1.300000E-4            0.
        9150.   1.300000E-4            0.
        9160.   1.300000E-4            0.
        9170.   1.200000E-4            0.
        9180.   1.300000E-4            0.
        9190.   1.300000E-4            0.
        9200.   1.300000E-4            0.
        9210.   1.300000E-4            0.
        9220.   1.300000E-4            0.
        9230.   1.300000E-4            0.
        9240.   1.300000E-4            0.
        9250.   1.200000E-4            0.
        9260.   1.200000E-4            0.
        9270.   1.200000E-4            0.
        9280.   1.300000E-4            0.
        9290.   1.300000E-4            0.
        9300.   1.200000E-4            0.
        9310.   1.300000E-4            0.
        9320.   1.300000E-4            0.
        9330.   1.300000E-4            0.
        9340.   1.200000E-4            0.
        9350.   1.100000E-4            0.
        9360.   1.100000E-4            0.
        9370.   1.200000E-4            0.
        9380.   1.200000E-4            0.
        9390.   1.100000E-4            0.
        9400.   1.200000E-4            0.
        9410.   1.300000E-4            0.
        9420.   1.200000E-4            0.
        9430.   1.200000E-4            0.
        9440.   1.200000E-4            0.
        9450.   1.200000E-4            0.
        9460.   1.200000E-4            0.
        9470.   1.200000E-4            0.
        9480.   1.200000E-4            0.
        9490.   1.200000E-4            0.
        9500.   1.200000E-4            0.
        9510.   1.100000E-4            0.
        9520.   1.100000E-4            0.
        9530.   1.200000E-4            0.
        9540.   1.200000E-4            0.
        9550.   1.100000E-4            0.
        9560.   1.000000E-4            0.
        9570.   1.100000E-4            0.
        9580.   1.100000E-4            0.
        9590.   1.100000E-4            0.
        9600.   1.100000E-4            0.
        9610.   1.100000E-4            0.
        9620.   1.100000E-4            0.
        9630.   1.100000E-4            0.
        9640.   1.100000E-4            0.
        9650.   1.100000E-4            0.
        9660.   1.100000E-4            0.
        9670.   1.200000E-4            0.
        9680.   1.200000E-4            0.
        9690.   1.100000E-4            0.
        9700.   1.000000E-4            0.
        9710.   1.000000E-4            0.
        9720.   1.100000E-4            0.
        9730.   1.000000E-4            0.
        9740.   1.000000E-4            0.
        9750.   9.000000E-5            0.
        9760.   9.000000E-5            0.
        9770.   1.000000E-4            0.
        9780.   1.100000E-4            0.
        9790.   1.200000E-4            0.
        9800.   1.100000E-4            0.
        9810.   1.100000E-4            0.
        9820.   1.000000E-4            0.
        9830.   1.000000E-4            0.
        9840.   1.000000E-4            0.
        9850.   1.000000E-4            0.
        9860.   1.000000E-4            0.
        9870.   9.000000E-5            0.
        9880.   9.000000E-5            0.
        9890.   9.000000E-5            0.
        9900.   1.000000E-4            0.
        9910.   1.000000E-4            0.
        9920.   1.000000E-4            0.
        9930.   1.000000E-4            0.
        9940.   9.000000E-5            0.
        9950.   1.000000E-4            0.
        9960.   9.000000E-5            0.
        9970.   9.000000E-5            0.
        9980.   1.000000E-4            0.
        9990.   1.000000E-4            0.
       10000.   1.000000E-4            0.
       10010.   1.000000E-4            0.
       10020.   1.000000E-4            0.
       10030.   9.000000E-5            0.
       10040.   9.000000E-5            0.
       10050.   9.000000E-5            0.
       10060.   8.000000E-5            0.
       10070.   8.000000E-5            0.
       10080.   8.000000E-5            0.
       10090.   8.000000E-5            0.
       10100.   9.000000E-5            0.
       10110.   1.000000E-4            0.
       10120.   9.000000E-5            0.
       10130.   9.000000E-5            0.
       10140.   9.000000E-5            0.
       10150.   9.000000E-5            0.
       10160.   8.000000E-5            0.
       10170.   8.000000E-5            0.
       10180.   8.000000E-5            0.
       10190.   8.000000E-5            0.
       10200.   8.000000E-5            0.
       10210.   9.000000E-5            0.
       10220.   9.000000E-5            0.
       10230.   8.000000E-5            0.
       10240.   9.000000E-5            0.
       10250.   9.000000E-5            0.
       10260.   9.000000E-5            0.
       10270.   8.000000E-5            0.
       10280.   8.000000E-5            0.
       10290.   8.000000E-5            0.
       10300.   8.000000E-5            0.
       10310.   8.000000E-5            0.
       10320.   8.000000E-5            0.
       10330.   8.000000E-5            0.
       10340.   8.000000E-5            0.
       10350.   8.000000E-5            0.
       10360.   8.000000E-5            0.
       10370.   8.000000E-5            0.
       10380.   8.000000E-5            0.
       10390.   8.000000E-5            0.
       10400.   7.000000E-5            0.
       10410.   7.000000E-5            0.
       10420.   7.000000E-5            0.
       10430.   7.000000E-5            0.
       10440.   7.000000E-5            0.
       10450.   8.000000E-5            0.
       10460.   8.000000E-5            0.
       10470.   8.000000E-5            0.
       10480.   7.000000E-5            0.
       10490.   8.000000E-5            0.
       10500.   8.000000E-5            0.
       10510.   8.000000E-5            0.
       10520.   8.000000E-5            0.
       10530.   7.000000E-5            0.
       10540.   7.000000E-5            0.
       10550.   8.000000E-5            0.
       10560.   8.000000E-5            0.
       10570.   8.000000E-5            0.
       10580.   8.000000E-5            0.
       10590.   8.000000E-5            0.
       10600.   8.000000E-5            0.
       10610.   7.000000E-5            0.
       10620.   7.000000E-5            0.
       10630.   7.000000E-5            0.
       10640.   7.000000E-5            0.
       10650.   7.000000E-5            0.
       10660.   8.000000E-5            0.
       10670.   7.000000E-5            0.
       10680.   7.000000E-5            0.
       10690.   7.000000E-5            0.
       10700.   8.000000E-5            0.
       10710.   7.000000E-5            0.
       10720.   7.000000E-5            0.
       10730.   7.000000E-5            0.
       10740.   7.000000E-5            0.
       10750.   8.000000E-5            0.
       10760.   7.000000E-5            0.
       10770.   7.000000E-5            0.
       10780.   7.000000E-5            0.
       10790.   7.000000E-5            0.
       10800.   7.000000E-5            0.
       10810.   7.000000E-5            0.
       10820.   7.000000E-5            0.
       10830.   7.000000E-5            0.
       10840.   7.000000E-5            0.
       10850.   7.000000E-5            0.
       10860.   7.000000E-5            0.
       10870.   7.000000E-5            0.
       10880.   6.000000E-5            0.
       10890.   6.000000E-5            0.
       10900.   6.000000E-5            0.
       10910.   7.000000E-5            0.
       10920.   6.000000E-5            0.
       10930.   6.000000E-5            0.
       10940.   6.000000E-5            0.
       10950.   7.000000E-5            0.
       10960.   7.000000E-5            0.
       10970.   7.000000E-5            0.
       10980.   7.000000E-5            0.
       10990.   7.000000E-5            0.
       11000.   7.000000E-5            0.
       13000.            0.            0.
