         100.            0.            0.
        1860.            0.            0.
        1870.   7.000000E-5            0.
        1880.            0.            0.
        1890.            0.            0.
        1900.   1.600000E-4            0.
        1910.            0.            0.
        1920.   2.000000E-5            0.
        1930.            0.            0.
        1940.   3.000000E-5            0.
        1950.   2.000000E-5            0.
        1960.   1.000000E-5            0.
        1970.   1.000000E-5            0.
        1980.   3.000000E-5            0.
        1990.   3.000000E-5            0.
        2000.            0.            0.
        2010.   3.000000E-5            0.
        2020.   2.000000E-5            0.
        2030.            0.            0.
        2040.   6.000000E-5            0.
        2050.   2.000000E-5            0.
        2060.   1.000000E-5            0.
        2070.            0.            0.
        2080.            0.            0.
        2090.            0.            0.
        2100.            0.            0.
        2110.   1.000000E-5            0.
        2120.   1.000000E-5            0.
        2130.   1.000000E-5            0.
        2140.            0.            0.
        2150.            0.            0.
        2160.            0.            0.
        2170.            0.            0.
        2180.            0.            0.
        2190.            0.            0.
        2200.            0.            0.
        2210.            0.            0.
        2220.            0.            0.
        2230.            0.            0.
        2240.            0.            0.
        2250.            0.            0.
        2260.            0.            0.
        2270.            0.            0.
        2280.            0.            0.
        2290.            0.            0.
        2300.   1.000000E-5            0.
        2310.   1.000000E-5            0.
        2320.            0.            0.
        2330.            0.            0.
        2340.            0.            0.
        2350.            0.            0.
        2360.            0.            0.
        2370.            0.            0.
        2380.            0.            0.
        2390.            0.            0.
        2400.            0.            0.
        2410.            0.            0.
        2420.            0.            0.
        2430.            0.            0.
        2440.            0.            0.
        2450.            0.            0.
        2460.            0.            0.
        2470.            0.            0.
        2480.            0.            0.
        2490.            0.            0.
        2500.            0.            0.
        2510.            0.            0.
        2520.            0.            0.
        2530.            0.            0.
        2540.            0.            0.
        2550.            0.            0.
        2560.            0.            0.
        2570.            0.            0.
        2580.            0.            0.
        2590.            0.            0.
        2600.            0.            0.
        2610.            0.            0.
        2620.            0.            0.
        2630.   1.000000E-5            0.
        2640.            0.            0.
        2650.            0.            0.
        2660.            0.            0.
        2670.            0.            0.
        2680.            0.            0.
        2690.            0.            0.
        2700.            0.            0.
        2710.            0.            0.
        2720.            0.            0.
        2730.            0.            0.
        2740.            0.            0.
        2750.            0.            0.
        2760.            0.            0.
        2770.            0.            0.
        2780.            0.            0.
        2790.            0.            0.
        2800.            0.            0.
        2810.            0.            0.
        2820.            0.            0.
        2830.   1.000000E-5            0.
        2840.            0.            0.
        2850.            0.            0.
        2860.            0.            0.
        2870.            0.            0.
        2880.            0.            0.
        2890.            0.            0.
        2900.            0.            0.
        2910.            0.            0.
        2920.            0.            0.
        2930.            0.            0.
        2940.            0.            0.
        2950.            0.            0.
        2960.            0.            0.
        2970.            0.            0.
        2980.            0.            0.
        2990.            0.            0.
        3000.            0.            0.
        3010.            0.            0.
        3020.            0.            0.
        3030.            0.            0.
        3040.            0.            0.
        3050.            0.            0.
        3060.            0.            0.
        3070.            0.            0.
        3080.            0.            0.
        3090.            0.            0.
        3100.            0.            0.
        3110.            0.            0.
        3120.            0.            0.
        3130.            0.            0.
        3140.            0.            0.
        3150.   1.000000E-5            0.
        3160.            0.            0.
        3170.            0.            0.
        3180.            0.            0.
        3190.            0.            0.
        3200.            0.            0.
        3210.            0.            0.
        3220.            0.            0.
        3230.            0.            0.
        3240.            0.            0.
        3250.            0.            0.
        3260.            0.            0.
        3270.            0.            0.
        3280.            0.            0.
        3290.            0.            0.
        3300.            0.            0.
        3310.            0.            0.
        3320.            0.            0.
        3330.            0.            0.
        3340.            0.            0.
        3350.            0.            0.
        3360.   1.000000E-5            0.
        3370.            0.            0.
        3380.   1.000000E-5            0.
        3390.            0.            0.
        3400.            0.            0.
        3410.            0.            0.
        3420.            0.            0.
        3430.            0.            0.
        3440.            0.            0.
        3450.            0.            0.
        3460.            0.            0.
        3470.            0.            0.
        3480.            0.            0.
        3490.            0.            0.
        3500.            0.            0.
        3510.            0.            0.
        3520.            0.            0.
        3530.            0.            0.
        3540.            0.            0.
        3550.            0.            0.
        3560.            0.            0.
        3570.            0.            0.
        3580.            0.            0.
        3590.            0.            0.
        3600.            0.            0.
        3610.            0.            0.
        3620.            0.            0.
        3630.            0.            0.
        3640.            0.            0.
        3650.            0.            0.
        3660.            0.            0.
        3670.            0.            0.
        3680.            0.            0.
        3690.            0.            0.
        3700.            0.            0.
        3710.   1.000000E-5            0.
        3720.            0.            0.
        3730.   1.000000E-5            0.
        3740.   1.000000E-5            0.
        3750.   1.000000E-5            0.
        3760.   2.000000E-5            0.
        3770.   2.000000E-5            0.
        3780.   3.000000E-5            0.
        3790.   4.000000E-5            0.
        3800.   6.000000E-5            0.
        3810.   8.000000E-5            0.
        3820.   1.300000E-4            0.
        3830.   2.000000E-4            0.
        3840.   3.200000E-4            0.
        3850.   5.100000E-4            0.
        3860.   9.100000E-4            0.
        3870.       0.00152            0.
        3880.       0.00289            0.
        3890.       0.00522            0.
        3900.       0.01065            0.
        3910.       0.02089            0.
        3920.       0.02226            0.
        3922.       0.02578            0.
        3924.       0.02989            0.
        3926.       0.03455            0.
        3928.       0.03996            0.
        3930.        0.0465            0.
        3932.       0.05329            0.
        3934.       0.06257            0.
        3936.         0.072            0.
        3938.       0.08309            0.
        3940.       0.09571            0.
        3942.       0.10929            0.
        3944.       0.12573            0.
        3946.       0.14272            0.
        3948.       0.16193            0.
        3950.        0.1825            0.
        3952.       0.20515            0.
        3954.          0.23            0.
        3956.       0.25393            0.
        3958.       0.27855            0.
        3960.       0.30236            0.
        3962.        0.3261            0.
        3964.        0.3502            0.
        3966.       0.37176            0.
        3968.       0.39153            0.
        3970.       0.40943            0.
        3972.       0.42487            0.
        3974.        0.4388            0.
        3976.       0.45075            0.
        3978.       0.46095            0.
        3980.       0.46902            0.
        3982.       0.47579            0.
        3984.       0.48231            0.
        3986.       0.48614            0.
        3988.       0.48951            0.
        3990.       0.49333            0.
        3992.       0.49605            0.
        3994.       0.49728            0.
        3996.         0.499            0.
        3998.       0.50045            0.
        4000.       0.50269            0.
        4002.       0.50393            0.
        4004.       0.50635            0.
        4006.       0.50744            0.
        4008.       0.50997            0.
        4010.       0.51089            0.
        4012.       0.51294            0.
        4014.       0.51535            0.
        4016.       0.51674            0.
        4018.       0.51804            0.
        4020.       0.52094            0.
        4022.       0.52257            0.
        4024.       0.52408            0.
        4026.       0.52649            0.
        4028.        0.5281            0.
        4030.       0.53034            0.
        4032.       0.53301            0.
        4034.       0.53552            0.
        4036.       0.53766            0.
        4038.        0.5409            0.
        4040.       0.54348            0.
        4042.       0.54524            0.
        4044.        0.5482            0.
        4046.       0.55053            0.
        4048.       0.55274            0.
        4050.       0.55647            0.
        4052.       0.55787            0.
        4054.       0.56131            0.
        4056.       0.56494            0.
        4058.       0.56746            0.
        4060.       0.56961            0.
        4062.       0.57253            0.
        4064.       0.57469            0.
        4066.       0.57791            0.
        4068.       0.58071            0.
        4070.       0.58439            0.
        4072.       0.58625            0.
        4074.       0.59016            0.
        4076.       0.59319            0.
        4078.       0.59543            0.
        4080.       0.59965            0.
        4082.       0.60193            0.
        4084.       0.60599            0.
        4086.       0.60929            0.
        4088.       0.61081            0.
        4090.       0.61533            0.
        4092.       0.61857            0.
        4094.       0.62099            0.
        4096.       0.62395            0.
        4098.       0.62779            0.
        4100.       0.63087            0.
        4102.       0.63271            0.
        4104.       0.63655            0.
        4106.        0.6404            0.
        4108.       0.64331            0.
        4110.       0.64562            0.
        4112.       0.64969            0.
        4114.       0.65286            0.
        4116.       0.65604            0.
        4118.       0.65855            0.
        4120.       0.66165            0.
        4122.       0.66537            0.
        4124.       0.66599            0.
        4126.       0.67075            0.
        4128.       0.67416            0.
        4130.       0.67537            0.
        4132.       0.67972            0.
        4134.       0.68201            0.
        4136.       0.68343            0.
        4138.       0.68637            0.
        4140.       0.68814            0.
        4142.       0.69131            0.
        4144.       0.69303            0.
        4146.       0.69451            0.
        4148.        0.6964            0.
        4150.       0.69835            0.
        4152.       0.70051            0.
        4154.       0.70227            0.
        4156.       0.70328            0.
        4158.       0.70491            0.
        4160.       0.70603            0.
        4162.       0.70693            0.
        4164.       0.70869            0.
        4166.       0.70991            0.
        4168.       0.70993            0.
        4170.        0.7107            0.
        4172.       0.71099            0.
        4174.       0.71243            0.
        4176.       0.71275            0.
        4178.       0.71253            0.
        4180.       0.71205            0.
        4182.         0.712            0.
        4184.       0.71234            0.
        4186.       0.71231            0.
        4188.       0.71162            0.
        4190.       0.71106            0.
        4192.        0.7114            0.
        4194.       0.71102            0.
        4196.       0.70981            0.
        4198.       0.70904            0.
        4200.        0.7099            0.
        4202.       0.70838            0.
        4204.       0.70639            0.
        4206.       0.70635            0.
        4208.       0.70554            0.
        4210.       0.70466            0.
        4212.       0.70487            0.
        4214.       0.70466            0.
        4216.       0.70284            0.
        4218.        0.7031            0.
        4220.       0.70122            0.
        4222.        0.7009            0.
        4224.       0.69971            0.
        4226.        0.6993            0.
        4228.       0.69828            0.
        4230.       0.69752            0.
        4232.       0.69672            0.
        4234.       0.69684            0.
        4236.        0.6953            0.
        4238.       0.69533            0.
        4240.       0.69463            0.
        4242.       0.69404            0.
        4244.       0.69331            0.
        4246.       0.69385            0.
        4248.       0.69225            0.
        4250.       0.69328            0.
        4252.       0.69203            0.
        4254.        0.6917            0.
        4256.       0.69279            0.
        4258.       0.69179            0.
        4260.       0.69219            0.
        4262.       0.69325            0.
        4264.       0.69379            0.
        4266.       0.69343            0.
        4268.       0.69424            0.
        4270.       0.69291            0.
        4272.       0.69437            0.
        4274.       0.69405            0.
        4276.       0.69445            0.
        4278.       0.69653            0.
        4280.       0.69454            0.
        4282.        0.6963            0.
        4284.       0.69667            0.
        4286.       0.69652            0.
        4288.       0.69721            0.
        4290.       0.69775            0.
        4292.       0.69901            0.
        4294.       0.69853            0.
        4296.       0.69915            0.
        4298.       0.69875            0.
        4300.       0.69986            0.
        4302.       0.69955            0.
        4304.       0.69935            0.
        4306.       0.69998            0.
        4308.       0.69961            0.
        4310.       0.69967            0.
        4312.       0.69993            0.
        4314.       0.69949            0.
        4316.       0.69901            0.
        4318.       0.69955            0.
        4320.       0.69919            0.
        4322.       0.69859            0.
        4324.       0.69773            0.
        4326.       0.69801            0.
        4328.       0.69701            0.
        4330.       0.69765            0.
        4332.       0.69667            0.
        4334.       0.69487            0.
        4336.       0.69451            0.
        4338.       0.69395            0.
        4340.       0.69303            0.
        4342.       0.69205            0.
        4344.       0.69273            0.
        4346.       0.68999            0.
        4348.       0.69003            0.
        4350.       0.68941            0.
        4352.       0.68709            0.
        4354.       0.68753            0.
        4356.       0.68573            0.
        4358.       0.68533            0.
        4360.       0.68402            0.
        4362.       0.68229            0.
        4364.       0.68138            0.
        4366.       0.68028            0.
        4368.       0.68105            0.
        4370.       0.67866            0.
        4372.       0.67631            0.
        4374.       0.67534            0.
        4376.       0.67456            0.
        4378.         0.673            0.
        4380.       0.67179            0.
        4382.        0.6714            0.
        4384.       0.66959            0.
        4386.        0.6681            0.
        4388.       0.66828            0.
        4390.       0.66592            0.
        4392.       0.66484            0.
        4394.       0.66307            0.
        4396.       0.66222            0.
        4398.       0.66095            0.
        4400.       0.65886            0.
        4402.       0.65773            0.
        4404.       0.65677            0.
        4406.       0.65569            0.
        4408.       0.65456            0.
        4410.       0.65304            0.
        4412.       0.65182            0.
        4414.       0.65043            0.
        4416.       0.64856            0.
        4418.       0.64756            0.
        4420.       0.64632            0.
        4422.       0.64495            0.
        4424.       0.64276            0.
        4426.        0.6411            0.
        4428.       0.63968            0.
        4430.       0.63846            0.
        4432.        0.6365            0.
        4434.       0.63515            0.
        4436.       0.63266            0.
        4438.       0.63126            0.
        4440.       0.62963            0.
        4442.       0.62836            0.
        4444.       0.62644            0.
        4446.       0.62415            0.
        4448.       0.62294            0.
        4450.       0.62076            0.
        4452.       0.61845            0.
        4454.       0.61634            0.
        4456.       0.61477            0.
        4458.       0.61189            0.
        4460.       0.61126            0.
        4462.       0.60774            0.
        4464.        0.6067            0.
        4466.       0.60471            0.
        4468.       0.60306            0.
        4470.       0.60012            0.
        4472.       0.59808            0.
        4474.       0.59558            0.
        4476.        0.5939            0.
        4478.       0.59104            0.
        4480.        0.5896            0.
        4482.       0.58766            0.
        4484.       0.58486            0.
        4486.       0.58332            0.
        4488.       0.58116            0.
        4490.       0.57832            0.
        4492.       0.57742            0.
        4494.       0.57343            0.
        4496.       0.57176            0.
        4498.       0.56954            0.
        4500.       0.56708            0.
        4502.       0.56434            0.
        4504.       0.56314            0.
        4506.       0.56054            0.
        4508.       0.55841            0.
        4510.       0.55565            0.
        4512.       0.55354            0.
        4514.       0.55141            0.
        4516.       0.54969            0.
        4518.       0.54672            0.
        4520.       0.54421            0.
        4522.       0.54267            0.
        4524.       0.53887            0.
        4526.       0.53625            0.
        4528.       0.53387            0.
        4530.       0.53118            0.
        4532.       0.52888            0.
        4534.       0.52577            0.
        4536.       0.52177            0.
        4538.       0.51927            0.
        4540.       0.51586            0.
        4542.        0.5131            0.
        4544.        0.5093            0.
        4546.       0.50641            0.
        4548.       0.50365            0.
        4550.       0.50042            0.
        4552.       0.49677            0.
        4554.        0.4922            0.
        4556.       0.48935            0.
        4558.       0.48568            0.
        4560.       0.48169            0.
        4562.       0.47776            0.
        4564.       0.47383            0.
        4566.       0.47023            0.
        4568.       0.46634            0.
        4570.       0.46255            0.
        4572.       0.45838            0.
        4574.       0.45461            0.
        4576.        0.4511            0.
        4578.       0.44683            0.
        4580.       0.44291            0.
        4582.        0.4394            0.
        4584.       0.43602            0.
        4586.        0.4315            0.
        4588.       0.42818            0.
        4590.       0.42515            0.
        4592.       0.42182            0.
        4594.       0.41856            0.
        4596.       0.41582            0.
        4598.       0.41331            0.
        4600.       0.41067            0.
        4602.       0.40832            0.
        4604.       0.40619            0.
        4606.       0.40347            0.
        4608.       0.40165            0.
        4610.       0.40078            0.
        4612.        0.3986            0.
        4614.       0.39774            0.
        4616.       0.39672            0.
        4618.       0.39623            0.
        4620.       0.39573            0.
        4622.       0.39595            0.
        4624.        0.3958            0.
        4626.       0.39647            0.
        4628.       0.39659            0.
        4630.       0.39862            0.
        4632.       0.39902            0.
        4634.       0.40047            0.
        4636.       0.40161            0.
        4638.       0.40334            0.
        4640.       0.40467            0.
        4642.       0.40651            0.
        4644.       0.40793            0.
        4646.       0.40896            0.
        4648.        0.4096            0.
        4650.       0.41045            0.
        4652.       0.41003            0.
        4654.       0.40988            0.
        4656.       0.40777            0.
        4658.       0.40617            0.
        4660.       0.40128            0.
        4662.       0.39559            0.
        4664.       0.38943            0.
        4666.        0.3798            0.
        4668.       0.37125            0.
        4670.       0.35882            0.
        4672.       0.34593            0.
        4674.       0.33038            0.
        4676.       0.31517            0.
        4678.       0.29932            0.
        4680.       0.28196            0.
        4682.       0.26363            0.
        4684.       0.24463            0.
        4686.       0.22698            0.
        4688.       0.20866            0.
        4690.        0.1908            0.
        4692.       0.17399            0.
        4694.       0.15813            0.
        4696.        0.1436            0.
        4698.       0.12951            0.
        4700.       0.11656            0.
        4702.       0.10482            0.
        4704.       0.09448            0.
        4706.       0.08475            0.
        4708.       0.07644            0.
        4710.       0.06832            0.
        4712.       0.06134            0.
        4714.       0.05512            0.
        4716.       0.04942            0.
        4718.       0.04442            0.
        4720.       0.03992            0.
        4722.       0.03595            0.
        4724.       0.03239            0.
        4726.       0.02936            0.
        4728.       0.02647            0.
        4730.       0.02399            0.
        4732.       0.02162            0.
        4734.       0.01973            0.
        4736.       0.01788            0.
        4738.       0.01627            0.
        4740.       0.01467            0.
        4742.       0.01342            0.
        4744.       0.01213            0.
        4746.       0.01105            0.
        4748.       0.01016            0.
        4760.       0.00655            0.
        4770.       0.00446            0.
        4780.       0.00293            0.
        4790.       0.00206            0.
        4800.        0.0014            0.
        4810.       0.00101            0.
        4820.   7.100000E-4            0.
        4830.   5.300000E-4            0.
        4840.   3.800000E-4            0.
        4850.   2.800000E-4            0.
        4860.   2.100000E-4            0.
        4870.   1.600000E-4            0.
        4880.   1.200000E-4            0.
        4890.   9.000000E-5            0.
        4900.   7.000000E-5            0.
        4910.   6.000000E-5            0.
        4920.   4.000000E-5            0.
        4930.   4.000000E-5            0.
        4940.   3.000000E-5            0.
        4950.   2.000000E-5            0.
        4960.   2.000000E-5            0.
        4970.   2.000000E-5            0.
        4980.   1.000000E-5            0.
        4990.   1.000000E-5            0.
        5000.   1.000000E-5            0.
        5010.   1.000000E-5            0.
        5020.   1.000000E-5            0.
        5030.            0.            0.
        5040.            0.            0.
        5050.            0.            0.
        5060.            0.            0.
        5070.            0.            0.
        5080.            0.            0.
        5090.            0.            0.
        5100.            0.            0.
        5110.            0.            0.
        5120.            0.            0.
        5130.            0.            0.
        5140.            0.            0.
        5150.            0.            0.
        5160.            0.            0.
        5170.            0.            0.
        5180.            0.            0.
        5190.            0.            0.
        5200.            0.            0.
        5210.            0.            0.
        5220.            0.            0.
        5230.            0.            0.
        5240.            0.            0.
        5250.            0.            0.
        5260.            0.            0.
        5270.            0.            0.
        5280.            0.            0.
        5290.            0.            0.
        5300.            0.            0.
        5310.            0.            0.
        5320.            0.            0.
        5330.            0.            0.
        5340.            0.            0.
        5350.            0.            0.
        5360.            0.            0.
        5370.            0.            0.
        5380.            0.            0.
        5390.            0.            0.
        5400.            0.            0.
        5410.            0.            0.
        5420.            0.            0.
        5430.            0.            0.
        5440.            0.            0.
        5450.            0.            0.
        5460.            0.            0.
        5470.            0.            0.
        5480.            0.            0.
        5490.            0.            0.
        5500.            0.            0.
        5510.            0.            0.
        5520.            0.            0.
        5530.            0.            0.
        5540.            0.            0.
        5550.            0.            0.
        5560.            0.            0.
        5570.            0.            0.
        5580.            0.            0.
        5590.            0.            0.
        5600.            0.            0.
        5610.            0.            0.
        5620.            0.            0.
        5630.            0.            0.
        5640.            0.            0.
        5650.            0.            0.
        5660.            0.            0.
        5670.            0.            0.
        5680.            0.            0.
        5690.            0.            0.
        5700.            0.            0.
        5710.            0.            0.
        5720.            0.            0.
        5730.            0.            0.
        5740.            0.            0.
        5750.            0.            0.
        5760.            0.            0.
        5770.            0.            0.
        5780.            0.            0.
        5790.            0.            0.
        5800.            0.            0.
        5810.            0.            0.
        5820.            0.            0.
        5830.            0.            0.
        5840.            0.            0.
        5850.            0.            0.
        5860.            0.            0.
        5870.            0.            0.
        5880.            0.            0.
        5890.            0.            0.
        5900.            0.            0.
        5910.            0.            0.
        5920.            0.            0.
        5930.            0.            0.
        5940.            0.            0.
        5950.            0.            0.
        5960.            0.            0.
        5970.            0.            0.
        5980.            0.            0.
        5990.            0.            0.
        6000.            0.            0.
        6010.            0.            0.
        6020.            0.            0.
        6030.            0.            0.
        6040.            0.            0.
        6050.            0.            0.
        6060.            0.            0.
        6070.            0.            0.
        6080.            0.            0.
        6090.            0.            0.
        6100.            0.            0.
        6110.            0.            0.
        6120.            0.            0.
        6130.            0.            0.
        6140.            0.            0.
        6150.            0.            0.
        6160.            0.            0.
        6170.            0.            0.
        6180.            0.            0.
        6190.            0.            0.
        6200.            0.            0.
        6210.            0.            0.
        6220.            0.            0.
        6230.            0.            0.
        6240.            0.            0.
        6250.            0.            0.
        6260.            0.            0.
        6270.            0.            0.
        6280.            0.            0.
        6290.            0.            0.
        6300.            0.            0.
        6310.            0.            0.
        6320.            0.            0.
        6330.            0.            0.
        6340.            0.            0.
        6350.            0.            0.
        6360.            0.            0.
        6370.            0.            0.
        6380.            0.            0.
        6390.            0.            0.
        6400.            0.            0.
        6410.            0.            0.
        6420.            0.            0.
        6430.            0.            0.
        6440.            0.            0.
        6450.            0.            0.
        6460.            0.            0.
        6470.            0.            0.
        6480.            0.            0.
        6490.            0.            0.
        6500.            0.            0.
        6510.            0.            0.
        6520.            0.            0.
        6530.            0.            0.
        6540.            0.            0.
        6550.            0.            0.
        6560.            0.            0.
        6570.            0.            0.
        6580.            0.            0.
        6590.            0.            0.
        6600.            0.            0.
        6610.            0.            0.
        6620.            0.            0.
        6630.            0.            0.
        6640.            0.            0.
        6650.            0.            0.
        6660.            0.            0.
        6670.            0.            0.
        6680.            0.            0.
        6690.            0.            0.
        6700.            0.            0.
        6710.            0.            0.
        6720.            0.            0.
        6730.            0.            0.
        6740.            0.            0.
        6750.            0.            0.
        6760.   1.000000E-5            0.
        6770.   1.000000E-5            0.
        6780.   1.000000E-5            0.
        6790.   1.000000E-5            0.
        6800.   1.000000E-5            0.
        6810.   2.000000E-5            0.
        6820.   2.000000E-5            0.
        6830.   2.000000E-5            0.
        6840.   3.000000E-5            0.
        6850.   3.000000E-5            0.
        6860.   4.000000E-5            0.
        6870.   5.000000E-5            0.
        6880.   5.000000E-5            0.
        6890.   6.000000E-5            0.
        6900.   7.000000E-5            0.
        6910.   7.000000E-5            0.
        6920.   8.000000E-5            0.
        6930.   9.000000E-5            0.
        6940.   1.000000E-4            0.
        6950.   1.000000E-4            0.
        6960.   1.100000E-4            0.
        6970.   1.100000E-4            0.
        6980.   1.100000E-4            0.
        6990.   1.100000E-4            0.
        7000.   1.100000E-4            0.
        7010.   1.100000E-4            0.
        7020.   1.100000E-4            0.
        7030.   1.000000E-4            0.
        7040.   1.000000E-4            0.
        7050.   9.000000E-5            0.
        7060.   8.000000E-5            0.
        7070.   8.000000E-5            0.
        7080.   7.000000E-5            0.
        7090.   7.000000E-5            0.
        7100.   6.000000E-5            0.
        7110.   5.000000E-5            0.
        7120.   5.000000E-5            0.
        7130.   4.000000E-5            0.
        7140.   4.000000E-5            0.
        7150.   3.000000E-5            0.
        7160.   3.000000E-5            0.
        7170.   3.000000E-5            0.
        7180.   2.000000E-5            0.
        7190.   2.000000E-5            0.
        7200.   2.000000E-5            0.
        7210.   2.000000E-5            0.
        7220.   2.000000E-5            0.
        7230.   1.000000E-5            0.
        7240.   1.000000E-5            0.
        7250.   1.000000E-5            0.
        7260.   1.000000E-5            0.
        7270.   1.000000E-5            0.
        7280.   1.000000E-5            0.
        7290.   1.000000E-5            0.
        7300.   1.000000E-5            0.
        7310.   1.000000E-5            0.
        7320.   1.000000E-5            0.
        7330.            0.            0.
        7340.            0.            0.
        7350.            0.            0.
        7360.            0.            0.
        7370.            0.            0.
        7380.            0.            0.
        7390.            0.            0.
        7400.            0.            0.
        7410.            0.            0.
        7420.            0.            0.
        7430.            0.            0.
        7440.            0.            0.
        7450.            0.            0.
        7460.            0.            0.
        7470.            0.            0.
        7480.            0.            0.
        7490.            0.            0.
        7500.            0.            0.
        7510.            0.            0.
        7520.            0.            0.
        7530.            0.            0.
        7540.            0.            0.
        7550.            0.            0.
        7560.            0.            0.
        7570.            0.            0.
        7580.            0.            0.
        7590.            0.            0.
        7600.            0.            0.
        7610.            0.            0.
        7620.            0.            0.
        7630.            0.            0.
        7640.            0.            0.
        7650.            0.            0.
        7660.            0.            0.
        7670.            0.            0.
        7680.            0.            0.
        7690.            0.            0.
        7700.            0.            0.
        7710.            0.            0.
        7720.            0.            0.
        7730.            0.            0.
        7740.            0.            0.
        7750.            0.            0.
        7760.            0.            0.
        7770.            0.            0.
        7780.            0.            0.
        7790.            0.            0.
        7800.            0.            0.
        7810.            0.            0.
        7820.            0.            0.
        7830.            0.            0.
        7840.            0.            0.
        7850.            0.            0.
        7860.            0.            0.
        7870.            0.            0.
        7880.            0.            0.
        7890.            0.            0.
        7900.            0.            0.
        7910.            0.            0.
        7920.            0.            0.
        7930.            0.            0.
        7940.            0.            0.
        7950.            0.            0.
        7960.            0.            0.
        7970.            0.            0.
        7980.            0.            0.
        7990.            0.            0.
        8000.            0.            0.
        8010.            0.            0.
        8020.            0.            0.
        8030.            0.            0.
        8040.            0.            0.
        8050.   1.000000E-5            0.
        8060.            0.            0.
        8070.   1.000000E-5            0.
        8080.   1.000000E-5            0.
        8090.   1.000000E-5            0.
        8100.            0.            0.
        8110.            0.            0.
        8120.            0.            0.
        8130.   1.000000E-5            0.
        8140.            0.            0.
        8150.            0.            0.
        8160.            0.            0.
        8170.            0.            0.
        8180.   2.000000E-5            0.
        8190.   1.000000E-5            0.
        8200.            0.            0.
        8210.   1.000000E-5            0.
        8220.   1.000000E-5            0.
        8230.            0.            0.
        8240.   1.000000E-5            0.
        8250.   1.000000E-5            0.
        8260.            0.            0.
        8270.            0.            0.
        8280.            0.            0.
        8290.            0.            0.
        8300.            0.            0.
        8310.   1.000000E-5            0.
        8320.            0.            0.
        8330.            0.            0.
        8340.            0.            0.
        8350.            0.            0.
        8360.            0.            0.
        8370.   1.000000E-5            0.
        8380.   1.000000E-5            0.
        8390.   1.000000E-5            0.
        8400.            0.            0.
        8410.            0.            0.
        8420.   1.000000E-5            0.
        8430.            0.            0.
        8440.            0.            0.
        8450.            0.            0.
        8460.   1.000000E-5            0.
        8470.            0.            0.
        8480.   1.000000E-5            0.
        8490.            0.            0.
        8500.            0.            0.
        8510.            0.            0.
        8520.            0.            0.
        8530.            0.            0.
        8540.            0.            0.
        8550.   1.000000E-5            0.
        8560.            0.            0.
        8570.            0.            0.
        8580.   1.000000E-5            0.
        8590.            0.            0.
        8600.            0.            0.
        8610.            0.            0.
        8620.            0.            0.
        8630.            0.            0.
        8640.            0.            0.
        8650.   1.000000E-5            0.
        8660.   1.000000E-5            0.
        8670.            0.            0.
        8680.            0.            0.
        8690.            0.            0.
        8700.   1.000000E-5            0.
        8710.            0.            0.
        8720.   1.000000E-5            0.
        8730.   1.000000E-5            0.
        8740.            0.            0.
        8750.            0.            0.
        8760.            0.            0.
        8770.            0.            0.
        8780.            0.            0.
        8790.            0.            0.
        8800.            0.            0.
        8810.            0.            0.
        8820.   1.000000E-5            0.
        8830.   1.000000E-5            0.
        8840.   2.000000E-5            0.
        8850.            0.            0.
        8860.            0.            0.
        8870.            0.            0.
        8880.            0.            0.
        8890.   1.000000E-5            0.
        8900.            0.            0.
        8910.            0.            0.
        8920.            0.            0.
        8930.            0.            0.
        8940.            0.            0.
        8950.            0.            0.
        8960.            0.            0.
        8970.            0.            0.
        8980.   1.000000E-5            0.
        8990.   1.000000E-5            0.
        9000.            0.            0.
        9010.   1.000000E-5            0.
        9020.   1.000000E-5            0.
        9030.   1.000000E-5            0.
        9040.            0.            0.
        9050.   1.000000E-5            0.
        9060.            0.            0.
        9070.   1.000000E-5            0.
        9080.            0.            0.
        9090.            0.            0.
        9100.            0.            0.
        9110.            0.            0.
        9120.            0.            0.
        9130.            0.            0.
        9140.            0.            0.
        9150.            0.            0.
        9160.   1.000000E-5            0.
        9170.            0.            0.
        9180.            0.            0.
        9190.            0.            0.
        9200.            0.            0.
        9210.            0.            0.
        9220.            0.            0.
        9230.            0.            0.
        9240.            0.            0.
        9250.   1.000000E-5            0.
        9260.            0.            0.
        9270.            0.            0.
        9280.            0.            0.
        9290.            0.            0.
        9300.            0.            0.
        9310.            0.            0.
        9320.            0.            0.
        9330.   1.000000E-5            0.
        9340.   1.000000E-5            0.
        9350.   1.000000E-5            0.
        9360.   1.000000E-5            0.
        9370.   1.000000E-5            0.
        9380.            0.            0.
        9390.            0.            0.
        9400.            0.            0.
        9410.   1.000000E-5            0.
        9420.   1.000000E-5            0.
        9430.            0.            0.
        9440.            0.            0.
        9450.            0.            0.
        9460.            0.            0.
        9470.            0.            0.
        9480.            0.            0.
        9490.   1.000000E-5            0.
        9500.            0.            0.
        9510.            0.            0.
        9520.            0.            0.
        9530.   1.000000E-5            0.
        9540.            0.            0.
        9550.   1.000000E-5            0.
        9560.   1.000000E-5            0.
        9570.            0.            0.
        9580.            0.            0.
        9590.   1.000000E-5            0.
        9600.   1.000000E-5            0.
        9610.            0.            0.
        9620.   1.000000E-5            0.
        9630.            0.            0.
        9640.            0.            0.
        9650.            0.            0.
        9660.            0.            0.
        9670.            0.            0.
        9680.            0.            0.
        9690.            0.            0.
        9700.            0.            0.
        9710.            0.            0.
        9720.            0.            0.
        9730.            0.            0.
        9740.            0.            0.
        9750.   1.000000E-5            0.
        9760.   1.000000E-5            0.
        9770.            0.            0.
        9780.   1.000000E-5            0.
        9790.            0.            0.
        9800.            0.            0.
        9810.            0.            0.
        9820.            0.            0.
        9830.   1.000000E-5            0.
        9840.            0.            0.
        9850.            0.            0.
        9860.   1.000000E-5            0.
        9870.            0.            0.
        9880.            0.            0.
        9890.            0.            0.
        9900.            0.            0.
        9910.            0.            0.
        9920.   1.000000E-5            0.
        9930.   2.000000E-5            0.
        9940.            0.            0.
        9950.            0.            0.
        9960.   1.000000E-5            0.
        9970.   1.000000E-5            0.
        9980.            0.            0.
        9990.   1.000000E-5            0.
       10000.   1.000000E-5            0.
       10010.   1.000000E-5            0.
       10020.   1.000000E-5            0.
       10030.            0.            0.
       10040.            0.            0.
       10050.   2.000000E-5            0.
       10060.   1.000000E-5            0.
       10070.            0.            0.
       10080.   1.000000E-5            0.
       10090.            0.            0.
       10100.   1.000000E-5            0.
       10110.            0.            0.
       10120.            0.            0.
       10130.   1.000000E-5            0.
       10140.            0.            0.
       10150.            0.            0.
       10160.            0.            0.
       10170.            0.            0.
       10180.            0.            0.
       10190.            0.            0.
       10200.            0.            0.
       10210.            0.            0.
       10220.            0.            0.
       10230.   1.000000E-5            0.
       10240.            0.            0.
       10250.            0.            0.
       10260.            0.            0.
       10270.            0.            0.
       10280.            0.            0.
       10290.            0.            0.
       10300.            0.            0.
       10310.            0.            0.
       10320.            0.            0.
       10330.            0.            0.
       10340.            0.            0.
       10350.   1.000000E-5            0.
       10360.            0.            0.
       10370.   2.000000E-5            0.
       10380.   2.000000E-5            0.
       10390.            0.            0.
       10400.            0.            0.
       10410.            0.            0.
       10420.            0.            0.
       10430.            0.            0.
       10440.   1.000000E-5            0.
       10450.            0.            0.
       10460.            0.            0.
       10470.            0.            0.
       10480.            0.            0.
       10490.            0.            0.
       10500.            0.            0.
       10510.            0.            0.
       10520.            0.            0.
       10530.            0.            0.
       10540.            0.            0.
       10550.            0.            0.
       10560.            0.            0.
       10570.            0.            0.
       10580.   1.000000E-5            0.
       10590.            0.            0.
       10600.            0.            0.
       10610.   1.000000E-5            0.
       10620.            0.            0.
       10630.            0.            0.
       10640.            0.            0.
       10650.   1.000000E-5            0.
       10660.            0.            0.
       10670.   1.000000E-5            0.
       10680.            0.            0.
       10690.            0.            0.
       10700.            0.            0.
       10710.            0.            0.
       10720.            0.            0.
       10730.   2.000000E-5            0.
       10740.            0.            0.
       10750.            0.            0.
       10760.            0.            0.
       10770.   1.000000E-5            0.
       10780.            0.            0.
       10790.   1.000000E-5            0.
       10800.   1.000000E-5            0.
       10810.            0.            0.
       10820.            0.            0.
       10830.            0.            0.
       10840.            0.            0.
       10850.   1.000000E-5            0.
       10860.            0.            0.
       10870.            0.            0.
       10880.            0.            0.
       10890.            0.            0.
       10900.            0.            0.
       10910.            0.            0.
       10920.            0.            0.
       10930.            0.            0.
       10940.            0.            0.
       10950.            0.            0.
       10960.            0.            0.
       10970.            0.            0.
       10980.   1.000000E-5            0.
       10990.            0.            0.
       11000.            0.            0.
       13000.            0.            0.
