        1850.   1.086572E-4            0.
        1860.   1.427438E-4            0.
        1870.   4.329294E-5            0.
        1880.   3.838488E-6            0.
        1890.   3.809499E-6            0.
        1900.   3.781510E-5            0.
        1910.   1.030594E-4            0.
        1920.   4.574198E-5            0.
        1930.   2.968830E-5            0.
        1940.   4.810105E-5            0.
        1950.   5.687759E-5            0.
        1960.   4.591191E-5            0.
        1970.   2.680944E-5            0.
        1980.   3.383667E-5            0.
        1990.   3.911459E-5            0.
        2000.   1.267501E-5            0.
        2010.   8.250749E-6            0.
        2020.   1.153546E-5            0.
        2030.   8.433678E-6            0.
        2040.   1.365462E-5            0.
        2050.   1.792294E-5            0.
        2060.   1.696332E-5            0.
        2070.   1.089571E-5            0.
        2080.   5.456850E-6            0.
        2090.   4.814103E-6            0.
        2100.   4.019417E-6            0.
        2110.   8.598612E-6            0.
        2120.   1.039590E-5            0.
        2130.   5.786721E-6            0.
        2140.   2.239118E-6            0.
        2150.   2.535001E-6            0.
        2160.   5.468845E-6            0.
        2170.   3.121770E-6            0.
        2180.   1.664344E-6            0.
        2190.   8.925484E-7            0.
        2200.   7.818920E-7            0.
        2210.   2.996819E-6            0.
        2220.   7.825917E-6            0.
        2230.   8.456668E-6            0.
        2240.   6.648381E-6            0.
        2250.   4.383273E-6            0.
        2260.   1.837276E-6            0.
        2270.   1.191531E-6            0.
        2280.   2.355072E-6            0.
        2290.   2.903856E-6            0.
        2300.   9.612213E-7            0.
        2310.   3.202738E-7            0.
        2320.   3.160755E-7            0.
        2330.   3.160755E-7            0.
        2340.   3.160755E-7            0.
        2350.   3.505619E-7            0.
        2360.   9.018447E-7            0.
        2370.   1.514403E-6            0.
        2380.   2.753915E-6            0.
        2390.   5.293914E-6            0.
        2400.   5.226941E-6            0.
        2410.   4.319298E-6            0.
        2420.   3.379668E-6            0.
        2430.   1.473420E-6            0.
        2440.   1.026596E-6            0.
        2450.   9.614212E-7            0.
        2460.   4.111380E-7            0.
        2470.   3.160755E-7            0.
        2480.   3.160755E-7            0.
        2490.   3.160755E-7            0.
        2500.   5.532820E-7            0.
        2510.   1.465423E-6            0.
        2520.   1.818284E-6            0.
        2530.   1.543392E-6            0.
        2540.   7.778935E-7            0.
        2550.   5.185957E-7            0.
        2560.   3.687547E-7            0.
        2570.   3.160755E-7            0.
        2580.   3.160755E-7            0.
        2590.   3.160755E-7            0.
        2600.   3.160755E-7            0.
        2610.   3.522612E-7            0.
        2620.   3.811498E-7            0.
        2630.   1.104565E-6            0.
        2640.   3.119771E-6            0.
        2650.   3.850483E-6            0.
        2660.   2.095175E-6            0.
        2670.   6.817314E-7            0.
        2680.   1.006603E-6            0.
        2690.   1.460425E-6            0.
        2700.   7.852906E-7            0.
        2710.   1.183534E-6            0.
        2720.   1.880259E-6            0.
        2730.   3.049799E-6            0.
        2740.   3.783509E-6            0.
        2750.   2.808893E-6            0.
        2760.   1.769303E-6            0.
        2770.   2.746918E-6            0.
        2780.   4.575197E-6            0.
        2790.   5.246933E-6            0.
        2800.   2.811892E-6            0.
        2810.   7.293127E-7            0.
        2820.   5.414867E-7            0.
        2830.   1.920243E-6            0.
        2840.   3.473632E-6            0.
        2850.   2.261109E-6            0.
        2860.   1.799291E-6            0.
        2870.   1.562384E-6            0.
        2880.   1.296489E-6            0.
        2890.   1.464423E-6            0.
        2900.   2.553994E-6            0.
        2910.   1.072577E-6            0.
        2920.   4.284312E-7            0.
        2930.   1.181535E-6            0.
        2940.   2.564989E-6            0.
        2950.   1.474419E-6            0.
        2960.   1.901251E-6            0.
        2970.   3.537607E-6            0.
        2980.   3.369672E-6            0.
        2990.   2.551995E-6            0.
        3000.   1.499409E-6            0.
        3010.   1.388453E-6            0.
        3020.   3.127768E-6            0.
        3030.   4.968043E-6            0.
        3040.   4.781116E-6            0.
        3050.   4.525217E-6            0.
        3060.   1.835277E-6            0.
        3070.   4.126374E-7            0.
        3080.   4.400267E-7            0.
        3090.   1.212522E-6            0.
        3100.   1.064581E-6            0.
        3110.   4.508224E-7            0.
        3120.   5.196953E-7            0.
        3130.   6.112592E-7            0.
        3140.   3.204738E-7            0.
        3150.   3.618574E-7            0.
        3160.   9.105412E-7            0.
        3170.   8.220761E-7            0.
        3180.   8.141793E-7            0.
        3190.   9.116409E-7            0.
        3200.   5.200951E-7            0.
        3210.   7.751946E-7            0.
        3220.   7.361100E-7            0.
        3230.   4.787114E-7            0.
        3240.   3.737528E-7            0.
        3250.   6.273528E-7            0.
        3260.   1.806288E-6            0.
        3270.   8.271741E-7            0.
        3280.   3.221731E-7            0.
        3290.   3.219731E-7            0.
        3300.   3.160755E-7            0.
        3310.   3.160755E-7            0.
        3320.   4.438251E-7            0.
        3330.   3.744525E-7            0.
        3340.   3.912459E-7            0.
        3350.   4.061400E-7            0.
        3360.   5.317905E-7            0.
        3370.   1.846273E-6            0.
        3380.   4.308303E-6            0.
        3390.   2.020204E-6            0.
        3400.   1.573380E-6            0.
        3410.   3.209735E-6            0.
        3420.   4.618180E-6            0.
        3430.   6.110592E-6            0.
        3440.   1.129555E-5            0.
        3450.   9.836124E-6            0.
        3460.   5.432859E-6            0.
        3470.   4.127374E-6            0.
        3480.   5.029019E-6            0.
        3490.   5.988641E-6            0.
        3500.   5.947657E-6            0.
        3510.   4.987035E-6            0.
        3520.   4.339291E-6            0.
        3530.   4.808106E-6            0.
        3540.   6.325508E-6            0.
        3550.   5.524824E-6            0.
        3560.   3.982431E-6            0.
        3570.   4.695150E-6            0.
        3580.   3.736528E-6            0.
        3590.   1.139551E-6            0.
        3600.   6.052616E-7            0.
        3610.   8.931481E-7            0.
        3620.   2.308091E-6            0.
        3630.   2.998819E-6            0.
        3640.   1.992215E-6            0.
        3650.   1.911247E-6            0.
        3660.   3.275709E-6            0.
        3670.   2.343077E-6            0.
        3680.   1.325478E-6            0.
        3690.   1.962227E-6            0.
        3700.   3.561597E-6            0.
        3710.   4.899070E-6            0.
        3720.   5.005028E-6            0.
        3730.   4.339291E-6            0.
        3740.   3.230727E-6            0.
        3750.   3.024808E-6            0.
        3760.   3.018811E-6            0.
        3770.   2.076182E-6            0.
        3780.   1.248508E-6            0.
        3790.   6.253537E-7            0.
        3800.   5.104989E-7            0.
        3810.   1.097568E-6            0.
        3820.   1.728319E-6            0.
        3830.   2.007209E-6            0.
        3840.   1.863266E-6            0.
        3850.   9.959076E-7            0.
        3860.   9.217369E-7            0.
        3870.   1.481416E-6            0.
        3880.   1.503408E-6            0.
        3890.   9.945082E-7            0.
        3900.   1.106564E-6            0.
        3910.   2.166147E-6            0.
        3920.   2.998819E-6            0.
        3930.   2.067186E-6            0.
        3940.   1.934238E-6            0.
        3950.   2.282101E-6            0.
        3960.   2.754915E-6            0.
        3970.   3.589586E-6            0.
        3980.   3.037803E-6            0.
        3990.   2.820889E-6            0.
        4000.   3.456638E-6            0.
        4010.   3.752522E-6            0.
        4020.   3.123769E-6            0.
        4030.   1.991216E-6            0.
        4040.   1.375458E-6            0.
        4050.   1.592373E-6            0.
        4060.   2.226123E-6            0.
        4070.   2.340078E-6            0.
        4080.   1.879260E-6            0.
        4090.   1.691334E-6            0.
        4100.   1.232514E-6            0.
        4110.   8.927483E-7            0.
        4120.   1.277497E-6            0.
        4130.   1.770303E-6            0.
        4140.   1.606367E-6            0.
        4150.   1.536395E-6            0.
        4160.   1.720322E-6            0.
        4170.   1.905249E-6            0.
        4180.   1.579378E-6            0.
        4190.   9.335322E-7            0.
        4200.   8.145790E-7            0.
        4210.   9.741162E-7            0.
        4220.   5.607790E-7            0.
        4230.   3.274710E-7            0.
        4240.   3.160755E-7            0.
        4250.   3.160755E-7            0.
        4260.   3.160755E-7            0.
        4270.   3.160755E-7            0.
        4280.   3.160755E-7            0.
        4290.   3.160755E-7            0.
        4300.   3.160755E-7            0.
        4310.   3.160755E-7            0.
        4320.   3.160755E-7            0.
        4330.   3.160755E-7            0.
        4340.   3.160755E-7            0.
        4350.   3.160755E-7            0.
        4360.   3.160755E-7            0.
        4370.   4.293309E-7            0.
        4380.   5.223942E-6            0.
        4390.   6.677369E-5            0.
        4400.   1.662345E-4            0.
        4410.   2.258110E-4            0.
        4420.   2.330082E-4            0.
        4430.   1.916245E-4            0.
        4440.   1.240511E-4            0.
        4450.   5.991640E-5            0.
        4460.   1.932239E-5            0.
        4470.   4.559204E-6            0.
        4480.   1.653349E-6            0.
        4490.   1.334474E-6            0.
        4500.   1.283494E-6            0.
        4510.   1.202526E-6            0.
        4520.   1.533396E-6            0.
        4530.   1.787296E-6            0.
        4540.   1.814285E-6            0.
        4550.   1.704329E-6            0.
        4560.   1.424439E-6            0.
        4570.   1.321479E-6            0.
        4580.   1.663345E-6            0.
        4590.   2.142156E-6            0.
        4600.   2.734922E-6            0.
        4610.   6.052615E-6            0.
        4620.   2.119165E-5            0.
        4630.   7.805925E-5            0.
        4640.   2.987823E-4            0.
        4650.   0.001098567            0.
        4660.   0.003665556            0.
        4670.    0.01050586            0.
        4680.     0.0223312            0.
        4720.     0.1292491            0.
        4722.     0.1404447            0.
        4724.     0.1514403            0.
        4726.     0.1619362            0.
        4728.     0.1722321            0.
        4730.     0.1823282            0.
        4732.     0.1921243            0.
        4734.     0.2019205            0.
        4736.     0.2114167            0.
        4738.      0.220813            0.
        4740.     0.2302093            0.
        4742.     0.2397056            0.
        4744.     0.2491019            0.
        4746.     0.2585981            0.
        4748.     0.2684942            0.
        4750.     0.2784903            0.
        4752.     0.2887862            0.
        4754.      0.299382            0.
        4756.     0.3103777            0.
        4758.     0.3215733            0.
        4760.     0.3331687            0.
        4762.      0.345264            0.
        4764.     0.3576591            0.
        4766.      0.370454            0.
        4768.     0.3836488            0.
        4770.     0.3972435            0.
        4772.      0.411038            0.
        4774.     0.4253324            0.
        4776.     0.4398267            0.
        4778.     0.4546209            0.
        4780.     0.4698149            0.
        4782.     0.4853088            0.
        4784.     0.5011026            0.
        4786.     0.5169963            0.
        4788.       0.53299            0.
        4790.     0.5488837            0.
        4792.     0.5645776            0.
        4794.     0.5802714            0.
        4796.     0.5957653            0.
        4798.     0.6109593            0.
        4800.     0.6256535            0.
        4802.      0.639748            0.
        4804.     0.6535425            0.
        4806.     0.6666374            0.
        4808.     0.6792324            0.
        4810.     0.6910278            0.
        4812.     0.7021234            0.
        4814.     0.7124193            0.
        4816.     0.7218156            0.
        4818.     0.7305122            0.
        4820.      0.738409            0.
        4822.     0.7455063            0.
        4824.     0.7518038            0.
        4826.     0.7574016            0.
        4828.     0.7620997            0.
        4830.     0.7660981            0.
        4832.     0.7693969            0.
        4834.     0.7721958            0.
        4836.     0.7743949            0.
        4838.     0.7759943            0.
        4840.     0.7770939            0.
        4842.     0.7777936            0.
        4844.     0.7781934            0.
        4846.     0.7782934            0.
        4848.     0.7780935            0.
        4850.     0.7776936            0.
        4852.     0.7770939            0.
        4854.     0.7762942            0.
        4856.     0.7753945            0.
        4858.      0.774295            0.
        4860.     0.7732953            0.
        4862.     0.7722957            0.
        4864.     0.7713961            0.
        4866.     0.7705964            0.
        4868.     0.7698967            0.
        4870.     0.7692969            0.
        4872.     0.7686971            0.
        4874.     0.7681974            0.
        4876.     0.7677975            0.
        4878.     0.7675976            0.
        4880.     0.7675976            0.
        4882.     0.7676976            0.
        4884.     0.7678975            0.
        4886.     0.7681974            0.
        4888.     0.7686971            0.
        4890.     0.7695968            0.
        4892.     0.7705964            0.
        4894.     0.7717959            0.
        4896.     0.7730954            0.
        4898.     0.7746948            0.
        4900.     0.7764941            0.
        4902.     0.7782934            0.
        4904.     0.7800927            0.
        4906.     0.7820919            0.
        4908.     0.7841911            0.
        4910.     0.7864902            0.
        4912.     0.7887892            0.
        4914.     0.7911883            0.
        4916.     0.7935874            0.
        4918.     0.7960864            0.
        4920.     0.7985854            0.
        4922.     0.8011844            0.
        4924.     0.8040832            0.
        4926.     0.8067821            0.
        4928.      0.809581            0.
        4930.     0.8125799            0.
        4932.     0.8152788            0.
        4934.     0.8179777            0.
        4936.     0.8207766            0.
        4938.     0.8234756            0.
        4940.     0.8261745            0.
        4942.     0.8286735            0.
        4944.     0.8309727            0.
        4946.     0.8332717            0.
        4948.     0.8354709            0.
        4950.       0.83777            0.
        4952.     0.8399691            0.
        4954.     0.8417684            0.
        4956.     0.8435677            0.
        4958.      0.845367            0.
        4960.     0.8470663            0.
        4962.     0.8486657            0.
        4964.     0.8501651            0.
        4966.     0.8515645            0.
        4968.     0.8526641            0.
        4970.     0.8536637            0.
        4972.     0.8546633            0.
        4974.     0.8555629            0.
        4976.     0.8563626            0.
        4978.     0.8569624            0.
        4980.     0.8574622            0.
        4982.     0.8578621            0.
        4984.     0.8582619            0.
        4986.     0.8584618            0.
        4988.     0.8585618            0.
        4990.     0.8585618            0.
        4992.     0.8585618            0.
        4994.     0.8585618            0.
        4996.     0.8584618            0.
        4998.     0.8583618            0.
        5000.     0.8582619            0.
        5002.     0.8581619            0.
        5004.      0.858062            0.
        5006.      0.857962            0.
        5008.      0.857962            0.
        5010.     0.8578621            0.
        5012.     0.8578621            0.
        5014.     0.8578621            0.
        5016.      0.857962            0.
        5018.      0.858062            0.
        5020.     0.8581619            0.
        5022.     0.8582619            0.
        5024.     0.8583618            0.
        5026.     0.8586618            0.
        5028.     0.8589616            0.
        5030.     0.8592615            0.
        5032.     0.8595614            0.
        5034.     0.8599612            0.
        5036.     0.8604611            0.
        5038.     0.8612607            0.
        5040.     0.8622603            0.
        5042.     0.8633599            0.
        5044.     0.8644594            0.
        5046.     0.8656589            0.
        5048.     0.8667585            0.
        5050.     0.8679581            0.
        5052.     0.8692576            0.
        5054.      0.870757            0.
        5056.     0.8722564            0.
        5058.     0.8739557            0.
        5060.      0.875655            0.
        5062.     0.8774543            0.
        5064.     0.8793536            0.
        5066.     0.8813528            0.
        5068.      0.883252            0.
        5070.     0.8853512            0.
        5072.     0.8875504            0.
        5074.     0.8896495            0.
        5076.     0.8920486            0.
        5078.     0.8944476            0.
        5080.     0.8967467            0.
        5082.     0.8990458            0.
        5084.     0.9013449            0.
        5086.      0.903744            0.
        5088.      0.906143            0.
        5090.     0.9085421            0.
        5092.     0.9110411            0.
        5094.     0.9135401            0.
        5096.     0.9159392            0.
        5098.     0.9183382            0.
        5100.     0.9207373            0.
        5102.     0.9230363            0.
        5104.     0.9253355            0.
        5106.     0.9275346            0.
        5108.     0.9296337            0.
        5110.      0.931733            0.
        5112.     0.9335322            0.
        5114.     0.9353315            0.
        5116.     0.9370309            0.
        5118.     0.9384302            0.
        5120.     0.9397298            0.
        5122.     0.9410293            0.
        5124.     0.9421288            0.
        5126.     0.9432284            0.
        5128.      0.944228            0.
        5130.     0.9452276            0.
        5132.     0.9458274            0.
        5134.     0.9462273            0.
        5136.     0.9465271            0.
        5138.     0.9466271            0.
        5140.     0.9465271            0.
        5142.     0.9463271            0.
        5144.     0.9459274            0.
        5146.     0.9454275            0.
        5148.     0.9448278            0.
        5150.     0.9441281            0.
        5152.     0.9432284            0.
        5154.     0.9420289            0.
        5156.     0.9407294            0.
        5158.       0.93923            0.
        5160.     0.9374307            0.
        5162.     0.9358314            0.
        5164.      0.934132            0.
        5166.     0.9322327            0.
        5168.     0.9301335            0.
        5170.     0.9278345            0.
        5172.     0.9253355            0.
        5174.     0.9229364            0.
        5176.     0.9202375            0.
        5178.     0.9175385            0.
        5180.     0.9145397            0.
        5182.     0.9115409            0.
        5184.     0.9084421            0.
        5186.     0.9054433            0.
        5188.     0.9025444            0.
        5190.     0.8997455            0.
        5192.     0.8967467            0.
        5194.     0.8938479            0.
        5196.      0.891049            0.
        5198.     0.8881501            0.
        5200.     0.8851513            0.
        5202.     0.8821524            0.
        5204.     0.8790537            0.
        5206.     0.8761548            0.
        5208.      0.873056            0.
        5210.     0.8698573            0.
        5212.     0.8666586            0.
        5214.     0.8634598            0.
        5216.     0.8604611            0.
        5218.     0.8576621            0.
        5220.     0.8549632            0.
        5222.     0.8524642            0.
        5224.     0.8501651            0.
        5226.      0.847866            0.
        5228.     0.8456668            0.
        5230.     0.8436676            0.
        5232.     0.8417684            0.
        5234.     0.8399691            0.
        5236.     0.8382697            0.
        5238.     0.8365704            0.
        5240.      0.835071            0.
        5242.     0.8336716            0.
        5244.     0.8322721            0.
        5246.     0.8308727            0.
        5248.     0.8296731            0.
        5250.     0.8284736            0.
        5252.      0.827374            0.
        5254.     0.8262745            0.
        5256.     0.8252749            0.
        5258.     0.8245751            0.
        5260.     0.8238754            0.
        5262.     0.8234756            0.
        5264.     0.8232756            0.
        5266.     0.8234756            0.
        5268.     0.8237755            0.
        5270.     0.8242753            0.
        5272.      0.824975            0.
        5274.     0.8256747            0.
        5276.     0.8266743            0.
        5278.     0.8277739            0.
        5280.     0.8289734            0.
        5282.      0.830173            0.
        5284.     0.8313725            0.
        5286.      0.832472            0.
        5288.     0.8336716            0.
        5290.      0.835071            0.
        5292.     0.8365704            0.
        5294.     0.8380699            0.
        5296.     0.8396692            0.
        5298.     0.8413686            0.
        5300.     0.8432677            0.
        5302.      0.845367            0.
        5304.      0.847666            0.
        5306.     0.8500651            0.
        5308.     0.8526641            0.
        5310.      0.855363            0.
        5312.     0.8581619            0.
        5314.     0.8610608            0.
        5316.     0.8641595            0.
        5318.     0.8672584            0.
        5320.     0.8704571            0.
        5322.     0.8735558            0.
        5324.     0.8766546            0.
        5326.     0.8796535            0.
        5328.     0.8825523            0.
        5330.     0.8854512            0.
        5332.       0.88835            0.
        5334.     0.8914488            0.
        5336.     0.8946475            0.
        5338.     0.8978463            0.
        5340.     0.9008451            0.
        5342.     0.9040439            0.
        5344.     0.9071426            0.
        5346.     0.9102414            0.
        5348.     0.9132403            0.
        5350.      0.916339            0.
        5352.     0.9195377            0.
        5354.     0.9227365            0.
        5356.     0.9257353            0.
        5358.     0.9288341            0.
        5360.     0.9319328            0.
        5362.     0.9347318            0.
        5364.     0.9372308            0.
        5366.     0.9398297            0.
        5368.     0.9425287            0.
        5370.     0.9449277            0.
        5372.     0.9472268            0.
        5374.      0.949426            0.
        5376.     0.9513252            0.
        5378.     0.9532245            0.
        5380.     0.9549237            0.
        5382.     0.9566231            0.
        5384.     0.9582225            0.
        5386.     0.9597219            0.
        5388.     0.9610214            0.
        5390.     0.9622209            0.
        5392.     0.9633205            0.
        5394.     0.9642202            0.
        5396.     0.9651198            0.
        5398.     0.9658195            0.
        5400.     0.9664192            0.
        5402.     0.9669191            0.
        5404.     0.9672189            0.
        5406.     0.9675188            0.
        5408.     0.9676188            0.
        5410.     0.9676188            0.
        5412.     0.9673189            0.
        5414.      0.967119            0.
        5416.     0.9667192            0.
        5418.     0.9662194            0.
        5420.     0.9657195            0.
        5422.     0.9653197            0.
        5424.     0.9648199            0.
        5426.     0.9642202            0.
        5428.     0.9634205            0.
        5430.     0.9628206            0.
        5432.     0.9618211            0.
        5434.     0.9608214            0.
        5436.     0.9597219            0.
        5438.     0.9584224            0.
        5440.     0.9572229            0.
        5442.     0.9561233            0.
        5444.     0.9548239            0.
        5446.     0.9536243            0.
        5448.     0.9523249            0.
        5450.     0.9510253            0.
        5452.     0.9497259            0.
        5454.     0.9483264            0.
        5456.      0.946827            0.
        5458.     0.9454275            0.
        5460.      0.944228            0.
        5462.     0.9431284            0.
        5464.     0.9420289            0.
        5466.     0.9409293            0.
        5468.     0.9397298            0.
        5470.     0.9385303            0.
        5472.     0.9374307            0.
        5474.     0.9364311            0.
        5476.     0.9356314            0.
        5478.     0.9348317            0.
        5480.      0.934132            0.
        5482.     0.9334322            0.
        5484.     0.9325326            0.
        5486.     0.9318329            0.
        5488.     0.9313331            0.
        5490.     0.9308333            0.
        5492.     0.9303335            0.
        5494.     0.9299337            0.
        5496.     0.9295338            0.
        5498.      0.929134            0.
        5500.     0.9288341            0.
        5502.     0.9286342            0.
        5504.     0.9286342            0.
        5506.     0.9286342            0.
        5508.      0.928934            0.
        5510.     0.9292339            0.
        5512.     0.9295338            0.
        5514.     0.9297338            0.
        5516.     0.9302335            0.
        5518.     0.9308333            0.
        5520.      0.931533            0.
        5522.     0.9322327            0.
        5524.     0.9330324            0.
        5526.     0.9339321            0.
        5528.     0.9348317            0.
        5530.     0.9357314            0.
        5532.      0.936731            0.
        5534.     0.9378305            0.
        5536.     0.9389301            0.
        5538.     0.9401296            0.
        5540.     0.9411293            0.
        5542.     0.9422288            0.
        5544.     0.9434283            0.
        5546.     0.9447278            0.
        5548.     0.9458274            0.
        5550.     0.9471269            0.
        5552.     0.9486263            0.
        5554.     0.9502257            0.
        5556.      0.951725            0.
        5558.     0.9532245            0.
        5560.     0.9548239            0.
        5562.     0.9563233            0.
        5564.     0.9577227            0.
        5566.     0.9591222            0.
        5568.     0.9607215            0.
        5570.     0.9624209            0.
        5572.     0.9640202            0.
        5574.     0.9653197            0.
        5576.     0.9666192            0.
        5578.     0.9678187            0.
        5580.     0.9692182            0.
        5582.     0.9704177            0.
        5584.     0.9716172            0.
        5586.     0.9725168            0.
        5588.     0.9735165            0.
        5590.     0.9745161            0.
        5592.     0.9755157            0.
        5594.     0.9764153            0.
        5596.      0.977215            0.
        5598.     0.9780147            0.
        5600.     0.9786144            0.
        5602.     0.9791142            0.
        5604.     0.9796141            0.
        5606.     0.9800139            0.
        5608.     0.9803138            0.
        5610.     0.9805137            0.
        5612.     0.9806137            0.
        5614.     0.9806137            0.
        5616.     0.9805137            0.
        5618.     0.9801139            0.
        5620.      0.979714            0.
        5622.     0.9793142            0.
        5624.     0.9788144            0.
        5626.     0.9781147            0.
        5628.     0.9773149            0.
        5630.     0.9765153            0.
        5632.     0.9755157            0.
        5634.     0.9744161            0.
        5636.     0.9733166            0.
        5638.     0.9721171            0.
        5640.     0.9708175            0.
        5642.     0.9694181            0.
        5644.     0.9678187            0.
        5646.     0.9661193            0.
        5648.     0.9643201            0.
        5650.     0.9625208            0.
        5652.     0.9607215            0.
        5654.     0.9588223            0.
        5656.      0.956723            0.
        5658.     0.9547239            0.
        5660.     0.9526247            0.
        5662.     0.9504256            0.
        5664.     0.9481264            0.
        5666.     0.9459274            0.
        5668.     0.9436283            0.
        5670.     0.9413291            0.
        5672.     0.9388301            0.
        5674.     0.9365311            0.
        5676.      0.934132            0.
        5678.     0.9314331            0.
        5680.     0.9288341            0.
        5682.     0.9262351            0.
        5684.     0.9235362            0.
        5686.     0.9208372            0.
        5688.     0.9181383            0.
        5690.     0.9155393            0.
        5692.     0.9130403            0.
        5694.     0.9110411            0.
        5696.     0.9099416            0.
        5698.     0.9095417            0.
        5700.     0.9064429            0.
        5702.     0.9047436            0.
        5704.     0.9023445            0.
        5706.     0.9000454            0.
        5708.     0.8979462            0.
        5710.      0.895947            0.
        5712.     0.8939478            0.
        5714.     0.8920486            0.
        5716.     0.8902493            0.
        5718.       0.88835            0.
        5720.     0.8864508            0.
        5722.     0.8844516            0.
        5724.     0.8824523            0.
        5726.      0.880653            0.
        5728.     0.8789537            0.
        5730.     0.8772544            0.
        5732.      0.875655            0.
        5734.     0.8740557            0.
        5736.     0.8725563            0.
        5738.     0.8711568            0.
        5740.     0.8698573            0.
        5742.     0.8686578            0.
        5744.     0.8673583            0.
        5746.     0.8663587            0.
        5748.      0.865559            0.
        5750.     0.8649592            0.
        5752.     0.8644594            0.
        5754.     0.8639597            0.
        5756.     0.8635598            0.
        5758.     0.8632599            0.
        5760.       0.86316            0.
        5762.       0.86306            0.
        5764.       0.86306            0.
        5766.       0.86316            0.
        5768.     0.8633599            0.
        5770.     0.8634598            0.
        5772.     0.8635598            0.
        5774.     0.8637597            0.
        5776.     0.8639597            0.
        5778.     0.8642595            0.
        5780.     0.8646594            0.
        5782.     0.8651592            0.
        5784.     0.8658589            0.
        5786.     0.8664587            0.
        5788.     0.8672584            0.
        5790.      0.868058            0.
        5792.     0.8689577            0.
        5794.     0.8700572            0.
        5796.     0.8712567            0.
        5798.     0.8725563            0.
        5800.     0.8738557            0.
        5802.     0.8753551            0.
        5804.     0.8769546            0.
        5806.     0.8786538            0.
        5808.     0.8803532            0.
        5810.     0.8822525            0.
        5812.     0.8841517            0.
        5814.     0.8860509            0.
        5816.     0.8880501            0.
        5818.     0.8899494            0.
        5820.     0.8919486            0.
        5822.     0.8937479            0.
        5824.     0.8955472            0.
        5826.     0.8973465            0.
        5828.     0.8992457            0.
        5830.     0.9013449            0.
        5832.     0.9033441            0.
        5834.     0.9054433            0.
        5836.     0.9076424            0.
        5838.     0.9098415            0.
        5840.     0.9120407            0.
        5842.     0.9145397            0.
        5844.     0.9168388            0.
        5846.     0.9190379            0.
        5848.     0.9211372            0.
        5850.     0.9234362            0.
        5852.     0.9256353            0.
        5854.     0.9279345            0.
        5856.     0.9300336            0.
        5858.     0.9323327            0.
        5860.     0.9345318            0.
        5862.      0.936731            0.
        5864.     0.9388301            0.
        5866.     0.9407294            0.
        5868.     0.9425287            0.
        5870.      0.944328            0.
        5872.     0.9463271            0.
        5874.     0.9483264            0.
        5876.     0.9502257            0.
        5878.      0.951925            0.
        5880.     0.9536243            0.
        5882.     0.9553236            0.
        5884.     0.9572229            0.
        5886.     0.9588223            0.
        5888.     0.9603217            0.
        5890.     0.9618211            0.
        5892.     0.9632205            0.
        5894.     0.9646199            0.
        5896.     0.9660195            0.
        5898.     0.9673189            0.
        5900.     0.9684185            0.
        5902.     0.9694181            0.
        5904.     0.9704177            0.
        5906.     0.9714173            0.
        5908.     0.9723169            0.
        5910.     0.9731166            0.
        5912.     0.9738163            0.
        5914.     0.9743161            0.
        5916.      0.974816            0.
        5918.     0.9751158            0.
        5920.     0.9754157            0.
        5922.     0.9758155            0.
        5924.     0.9760155            0.
        5926.     0.9760155            0.
        5928.     0.9760155            0.
        5930.     0.9760155            0.
        5932.     0.9760155            0.
        5934.     0.9757156            0.
        5936.     0.9755157            0.
        5938.     0.9754157            0.
        5940.     0.9752158            0.
        5942.     0.9749159            0.
        5944.     0.9745161            0.
        5946.     0.9739164            0.
        5948.     0.9733166            0.
        5950.     0.9727168            0.
        5952.     0.9721171            0.
        5954.     0.9714173            0.
        5956.     0.9708175            0.
        5958.     0.9700179            0.
        5960.     0.9692182            0.
        5962.     0.9683185            0.
        5964.     0.9675188            0.
        5966.     0.9668191            0.
        5968.     0.9660195            0.
        5970.     0.9650198            0.
        5972.     0.9641202            0.
        5974.     0.9630206            0.
        5976.      0.962021            0.
        5978.     0.9610214            0.
        5980.     0.9600218            0.
        5982.     0.9589222            0.
        5984.     0.9579226            0.
        5986.      0.956923            0.
        5988.     0.9559234            0.
        5990.     0.9549237            0.
        5992.     0.9538243            0.
        5994.     0.9528246            0.
        5996.      0.951825            0.
        5998.     0.9509254            0.
        6000.     0.9501257            0.
        6002.      0.949426            0.
        6004.     0.9487262            0.
        6006.     0.9481264            0.
        6008.     0.9473268            0.
        6010.     0.9465271            0.
        6012.     0.9460273            0.
        6014.     0.9453276            0.
        6016.     0.9446278            0.
        6018.     0.9438282            0.
        6020.     0.9431284            0.
        6022.     0.9426287            0.
        6024.     0.9419289            0.
        6026.     0.9411293            0.
        6028.     0.9404295            0.
        6030.     0.9399297            0.
        6032.     0.9394299            0.
        6034.     0.9388301            0.
        6036.     0.9384302            0.
        6038.     0.9382304            0.
        6040.     0.9377306            0.
        6042.     0.9374307            0.
        6044.     0.9374307            0.
        6046.     0.9374307            0.
        6048.     0.9375306            0.
        6050.     0.9374307            0.
        6052.     0.9376307            0.
        6054.     0.9377306            0.
        6056.     0.9380304            0.
        6058.     0.9382304            0.
        6060.     0.9387302            0.
        6062.     0.9393299            0.
        6064.     0.9398297            0.
        6066.     0.9402295            0.
        6068.     0.9406294            0.
        6070.     0.9409293            0.
        6072.     0.9413291            0.
        6074.      0.941729            0.
        6076.     0.9422288            0.
        6078.     0.9428285            0.
        6080.     0.9434283            0.
        6082.     0.9441281            0.
        6084.     0.9447278            0.
        6086.     0.9450277            0.
        6088.     0.9454275            0.
        6090.     0.9461272            0.
        6092.      0.946927            0.
        6094.     0.9477266            0.
        6096.     0.9486263            0.
        6098.     0.9498258            0.
        6100.     0.9508254            0.
        6102.     0.9516251            0.
        6104.     0.9524248            0.
        6106.     0.9534244            0.
        6108.      0.954424            0.
        6110.     0.9555236            0.
        6112.     0.9566231            0.
        6114.     0.9577227            0.
        6116.     0.9588223            0.
        6118.     0.9599218            0.
        6120.     0.9611213            0.
        6122.      0.962121            0.
        6124.     0.9631206            0.
        6126.     0.9640202            0.
        6128.     0.9650198            0.
        6130.     0.9659195            0.
        6132.     0.9669191            0.
        6134.     0.9678187            0.
        6136.     0.9687183            0.
        6138.     0.9698179            0.
        6140.     0.9707175            0.
        6142.     0.9717172            0.
        6144.     0.9725168            0.
        6146.     0.9733166            0.
        6148.     0.9743161            0.
        6150.     0.9750159            0.
        6152.     0.9756157            0.
        6154.     0.9763154            0.
        6156.      0.977215            0.
        6158.     0.9781147            0.
        6160.     0.9788144            0.
        6162.     0.9794141            0.
        6164.     0.9799139            0.
        6166.     0.9804137            0.
        6168.     0.9808136            0.
        6170.     0.9811135            0.
        6172.     0.9815133            0.
        6174.     0.9819131            0.
        6176.      0.982213            0.
        6178.      0.982413            0.
        6180.      0.982513            0.
        6182.     0.9826128            0.
        6184.     0.9826128            0.
        6186.     0.9826128            0.
        6188.     0.9826128            0.
        6190.      0.982513            0.
        6192.      0.982313            0.
        6194.      0.982213            0.
        6196.     0.9820131            0.
        6198.     0.9817132            0.
        6200.     0.9813134            0.
        6202.     0.9810135            0.
        6204.     0.9808136            0.
        6206.     0.9804137            0.
        6208.      0.979814            0.
        6210.     0.9794141            0.
        6212.     0.9790143            0.
        6214.     0.9784145            0.
        6216.     0.9777148            0.
        6218.     0.9769151            0.
        6220.     0.9762154            0.
        6222.     0.9754157            0.
        6224.     0.9745161            0.
        6226.     0.9735165            0.
        6228.     0.9726168            0.
        6230.     0.9717172            0.
        6232.     0.9709175            0.
        6234.     0.9700179            0.
        6236.     0.9690182            0.
        6238.     0.9679186            0.
        6240.     0.9668191            0.
        6242.     0.9657195            0.
        6244.     0.9646199            0.
        6246.     0.9634205            0.
        6248.     0.9623209            0.
        6250.     0.9611213            0.
        6252.     0.9598219            0.
        6254.     0.9585224            0.
        6256.     0.9572229            0.
        6258.     0.9559234            0.
        6260.     0.9546239            0.
        6262.     0.9535244            0.
        6264.     0.9522249            0.
        6266.     0.9511253            0.
        6268.     0.9500257            0.
        6270.     0.9487262            0.
        6272.     0.9472268            0.
        6274.     0.9458274            0.
        6276.     0.9445279            0.
        6278.     0.9432284            0.
        6280.     0.9420289            0.
        6282.     0.9408293            0.
        6284.     0.9397298            0.
        6286.     0.9387302            0.
        6288.     0.9375306            0.
        6290.     0.9363311            0.
        6292.     0.9351316            0.
        6294.     0.9339321            0.
        6296.     0.9327325            0.
        6298.     0.9316329            0.
        6300.     0.9305334            0.
        6302.     0.9294338            0.
        6304.     0.9284342            0.
        6306.     0.9275346            0.
        6308.      0.926535            0.
        6310.     0.9255354            0.
        6312.     0.9245358            0.
        6314.     0.9235362            0.
        6316.     0.9227365            0.
        6318.     0.9219368            0.
        6320.     0.9211372            0.
        6322.     0.9204373            0.
        6324.     0.9199376            0.
        6326.     0.9194378            0.
        6328.      0.918938            0.
        6330.     0.9183382            0.
        6332.     0.9178384            0.
        6334.     0.9173386            0.
        6336.     0.9171387            0.
        6338.     0.9168388            0.
        6340.     0.9166389            0.
        6342.      0.916439            0.
        6344.      0.916239            0.
        6346.     0.9160391            0.
        6348.     0.9159392            0.
        6350.     0.9158392            0.
        6352.     0.9158392            0.
        6354.     0.9157392            0.
        6356.     0.9157392            0.
        6358.     0.9156393            0.
        6360.     0.9155393            0.
        6362.     0.9156393            0.
        6364.     0.9157392            0.
        6366.     0.9160391            0.
        6368.      0.916339            0.
        6370.     0.9165389            0.
        6372.     0.9168388            0.
        6374.     0.9171387            0.
        6376.     0.9175385            0.
        6378.     0.9181383            0.
        6380.     0.9186381            0.
        6382.     0.9191379            0.
        6384.     0.9197376            0.
        6386.     0.9204373            0.
        6388.     0.9210371            0.
        6390.     0.9216369            0.
        6392.     0.9223366            0.
        6394.     0.9230363            0.
        6396.     0.9238361            0.
        6398.     0.9245358            0.
        6400.     0.9254354            0.
        6402.      0.926535            0.
        6404.     0.9275346            0.
        6406.     0.9283342            0.
        6408.     0.9293339            0.
        6410.     0.9303335            0.
        6412.     0.9311332            0.
        6414.     0.9320328            0.
        6416.     0.9328325            0.
        6418.     0.9337321            0.
        6420.     0.9347318            0.
        6422.     0.9356314            0.
        6424.     0.9365311            0.
        6426.     0.9373307            0.
        6428.     0.9381304            0.
        6430.     0.9389301            0.
        6432.     0.9398297            0.
        6434.     0.9408293            0.
        6436.      0.941829            0.
        6438.     0.9429286            0.
        6440.     0.9440281            0.
        6442.     0.9451277            0.
        6444.     0.9461272            0.
        6446.     0.9470269            0.
        6448.     0.9481264            0.
        6450.     0.9490261            0.
        6452.     0.9499257            0.
        6454.     0.9509254            0.
        6456.     0.9520249            0.
        6458.     0.9530246            0.
        6460.     0.9538243            0.
        6462.     0.9547239            0.
        6464.     0.9557235            0.
        6466.      0.956723            0.
        6468.     0.9574228            0.
        6470.     0.9580226            0.
        6472.     0.9587223            0.
        6474.      0.959522            0.
        6476.     0.9603217            0.
        6478.     0.9611213            0.
        6480.     0.9617211            0.
        6482.     0.9623209            0.
        6484.     0.9627208            0.
        6486.     0.9630206            0.
        6488.     0.9633205            0.
        6490.     0.9635205            0.
        6492.     0.9639202            0.
        6494.     0.9643201            0.
        6496.     0.9646199            0.
        6498.     0.9649199            0.
        6500.     0.9652197            0.
        6502.     0.9656196            0.
        6504.     0.9658195            0.
        6506.     0.9659195            0.
        6508.     0.9659195            0.
        6510.     0.9660195            0.
        6512.     0.9661193            0.
        6514.     0.9661193            0.
        6516.     0.9658195            0.
        6518.     0.9653197            0.
        6520.       0.96452            0.
        6522.     0.9632205            0.
        6524.     0.9618211            0.
        6526.     0.9607215            0.
        6528.     0.9603217            0.
        6530.     0.9606216            0.
        6532.     0.9613213            0.
        6534.     0.9622209            0.
        6536.     0.9629206            0.
        6538.     0.9632205            0.
        6540.     0.9628206            0.
        6542.     0.9622209            0.
        6544.     0.9614212            0.
        6546.     0.9607215            0.
        6548.     0.9602217            0.
        6550.     0.9596219            0.
        6552.     0.9589222            0.
        6554.     0.9582225            0.
        6556.     0.9574228            0.
        6558.     0.9568231            0.
        6560.     0.9562233            0.
        6562.     0.9554236            0.
        6564.     0.9547239            0.
        6566.     0.9539242            0.
        6568.     0.9531245            0.
        6570.     0.9522249            0.
        6572.     0.9513252            0.
        6574.     0.9504256            0.
        6576.     0.9496258            0.
        6578.     0.9487262            0.
        6580.     0.9477266            0.
        6582.      0.946727            0.
        6584.     0.9456275            0.
        6586.     0.9446278            0.
        6588.     0.9437282            0.
        6590.     0.9429286            0.
        6592.     0.9421288            0.
        6594.     0.9412292            0.
        6596.     0.9403296            0.
        6598.     0.9394299            0.
        6600.     0.9387302            0.
        6602.     0.9380304            0.
        6604.     0.9372308            0.
        6606.     0.9365311            0.
        6608.     0.9359313            0.
        6610.     0.9354315            0.
        6612.     0.9348317            0.
        6614.     0.9342319            0.
        6616.     0.9338321            0.
        6618.     0.9332324            0.
        6620.     0.9327325            0.
        6622.     0.9321328            0.
        6624.      0.931733            0.
        6626.     0.9313331            0.
        6628.     0.9309332            0.
        6630.     0.9305334            0.
        6632.     0.9300336            0.
        6634.     0.9297338            0.
        6636.     0.9292339            0.
        6638.     0.9287341            0.
        6640.     0.9282343            0.
        6642.     0.9279345            0.
        6644.     0.9277345            0.
        6646.     0.9274346            0.
        6648.     0.9272347            0.
        6650.     0.9269348            0.
        6652.     0.9266349            0.
        6654.     0.9264351            0.
        6656.     0.9262351            0.
        6658.     0.9262351            0.
        6660.      0.926335            0.
        6662.      0.926335            0.
        6664.      0.926335            0.
        6666.      0.926535            0.
        6668.      0.926535            0.
        6670.     0.9267349            0.
        6672.     0.9272347            0.
        6674.     0.9276345            0.
        6676.     0.9280344            0.
        6678.     0.9284342            0.
        6680.      0.928934            0.
        6682.     0.9296337            0.
        6684.     0.9303335            0.
        6686.     0.9309332            0.
        6688.     0.9316329            0.
        6690.     0.9321328            0.
        6692.     0.9328325            0.
        6694.     0.9336322            0.
        6696.     0.9343319            0.
        6698.     0.9350317            0.
        6700.     0.9356314            0.
        6702.     0.9363311            0.
        6704.     0.9370309            0.
        6706.     0.9377306            0.
        6708.     0.9384302            0.
        6710.       0.93913            0.
        6712.     0.9398297            0.
        6714.     0.9405295            0.
        6716.     0.9412292            0.
        6718.     0.9419289            0.
        6720.     0.9425287            0.
        6722.     0.9430285            0.
        6724.     0.9436283            0.
        6726.      0.944428            0.
        6728.     0.9452276            0.
        6730.     0.9458274            0.
        6732.     0.9465271            0.
        6734.     0.9471269            0.
        6736.     0.9476267            0.
        6738.     0.9481264            0.
        6740.     0.9485263            0.
        6742.     0.9487262            0.
        6744.     0.9489262            0.
        6746.      0.949226            0.
        6748.     0.9495259            0.
        6750.     0.9497259            0.
        6752.     0.9498258            0.
        6754.     0.9498258            0.
        6756.     0.9498258            0.
        6758.     0.9496258            0.
        6760.      0.949426            0.
        6762.     0.9491261            0.
        6764.     0.9487262            0.
        6766.     0.9483264            0.
        6768.     0.9478266            0.
        6770.     0.9471269            0.
        6772.     0.9462273            0.
        6774.     0.9452276            0.
        6776.      0.944228            0.
        6778.     0.9431284            0.
        6780.     0.9420289            0.
        6782.     0.9407294            0.
        6784.     0.9393299            0.
        6786.     0.9378305            0.
        6788.     0.9360312            0.
        6790.      0.934132            0.
        6792.     0.9320328            0.
        6794.     0.9299337            0.
        6796.     0.9277345            0.
        6798.     0.9253355            0.
        6800.     0.9227365            0.
        6802.     0.9199376            0.
        6804.     0.9171387            0.
        6806.     0.9141399            0.
        6808.     0.9108412            0.
        6810.     0.9073426            0.
        6812.     0.9039438            0.
        6814.     0.9000454            0.
        6816.     0.8960469            0.
        6818.     0.8919486            0.
        6820.     0.8878502            0.
        6822.     0.8836519            0.
        6824.     0.8791536            0.
        6826.     0.8746554            0.
        6828.     0.8700572            0.
        6830.     0.8652591            0.
        6832.     0.8601611            0.
        6834.     0.8550631            0.
        6836.     0.8499652            0.
        6838.      0.845067            0.
        6840.      0.840069            0.
        6842.     0.8353709            0.
        6844.      0.829973            0.
        6846.     0.8251749            0.
        6848.     0.8200769            0.
        6850.      0.814779            0.
        6852.     0.8093811            0.
        6854.     0.8037833            0.
        6856.     0.7983854            0.
        6858.     0.7929876            0.
        6860.     0.7874898            0.
        6862.     0.7819919            0.
        6864.     0.7762942            0.
        6866.     0.7702966            0.
        6868.     0.7643989            0.
        6870.     0.7587011            0.
        6872.     0.7529034            0.
        6874.     0.7471057            0.
        6876.      0.741208            0.
        6878.     0.7353103            0.
        6880.     0.7293127            0.
        6882.      0.723315            0.
        6884.     0.7173174            0.
        6886.     0.7113197            0.
        6888.     0.7053221            0.
        6890.     0.6994244            0.
        6892.     0.6935267            0.
        6894.     0.6877291            0.
        6896.     0.6819314            0.
        6898.     0.6761336            0.
        6900.     0.6703359            0.
        6902.     0.6644382            0.
        6904.     0.6589404            0.
        6906.     0.6535425            0.
        6908.     0.6481447            0.
        6910.     0.6426468            0.
        6912.     0.6374489            0.
        6914.     0.6324509            0.
        6916.     0.6276527            0.
        6918.     0.6229546            0.
        6920.     0.6183564            0.
        6922.     0.6138582            0.
        6924.     0.6094599            0.
        6926.     0.6052615            0.
        6928.     0.6011632            0.
        6930.     0.5972647            0.
        6932.     0.5935662            0.
        6934.     0.5900676            0.
        6936.     0.5865689            0.
        6938.     0.5831702            0.
        6940.     0.5797716            0.
        6942.     0.5764729            0.
        6944.     0.5733741            0.
        6946.     0.5702754            0.
        6948.     0.5671765            0.
        6950.     0.5642776            0.
        6952.     0.5613789            0.
        6954.     0.5585799            0.
        6956.      0.555981            0.
        6958.      0.553382            0.
        6960.      0.550883            0.
        6962.      0.548284            0.
        6964.      0.545685            0.
        6966.      0.543186            0.
        6968.     0.5408869            0.
        6970.     0.5385878            0.
        6972.     0.5365886            0.
        6974.     0.5346894            0.
        6976.     0.5328901            0.
        6978.     0.5313907            0.
        6980.     0.5300912            0.
        6982.     0.5288916            0.
        6984.     0.5277921            0.
        6986.     0.5269924            0.
        6988.     0.5263926            0.
        6990.     0.5259928            0.
        6992.     0.5258928            0.
        6994.     0.5257929            0.
        6996.     0.5259928            0.
        6998.     0.5263926            0.
        7000.     0.5269924            0.
        7002.     0.5278921            0.
        7004.     0.5291915            0.
        7006.      0.530591            0.
        7008.     0.5321903            0.
        7010.     0.5340896            0.
        7012.     0.5360888            0.
        7014.     0.5382879            0.
        7016.      0.540587            0.
        7018.      0.543286            0.
        7020.     0.5460849            0.
        7022.     0.5490837            0.
        7024.     0.5522825            0.
        7026.     0.5555812            0.
        7028.     0.5590798            0.
        7030.     0.5626783            0.
        7032.     0.5663769            0.
        7034.     0.5704752            0.
        7036.     0.5746736            0.
        7038.     0.5790719            0.
        7040.       0.58367            0.
        7042.     0.5885682            0.
        7044.     0.5936661            0.
        7046.     0.5988641            0.
        7048.     0.6045618            0.
        7050.     0.6105595            0.
        7052.     0.6165571            0.
        7054.     0.6232545            0.
        7056.     0.6302517            0.
        7058.     0.6374489            0.
        7060.     0.6450459            0.
        7062.     0.6529427            0.
        7064.     0.6613395            0.
        7066.     0.6702359            0.
        7068.     0.6795323            0.
        7070.     0.6893284            0.
        7072.     0.6996244            0.
        7074.     0.7103202            0.
        7076.     0.7213158            0.
        7078.     0.7324114            0.
        7080.      0.743807            0.
        7082.     0.7555023            0.
        7084.     0.7674976            0.
        7086.     0.7797928            0.
        7088.     0.7921879            0.
        7090.     0.8044831            0.
        7092.     0.8165783            0.
        7094.     0.8284736            0.
        7096.      0.840169            0.
        7098.     0.8517644            0.
        7100.     0.8627601            0.
        7102.      0.873256            0.
        7104.     0.8830521            0.
        7106.     0.8923485            0.
        7108.     0.9007451            0.
        7110.     0.9080423            0.
        7112.     0.9142398            0.
        7114.     0.9191379            0.
        7116.     0.9226365            0.
        7118.     0.9246358            0.
        7120.     0.9252355            0.
        7122.     0.9243359            0.
        7124.      0.921437            0.
        7126.     0.9165389            0.
        7128.     0.9094417            0.
        7130.     0.9002454            0.
        7132.     0.8890498            0.
        7134.      0.875755            0.
        7136.     0.8606609            0.
        7138.     0.8438675            0.
        7140.      0.825075            0.
        7142.      0.804583            0.
        7144.     0.7828916            0.
        7146.     0.7599006            0.
        7148.     0.7357101            0.
        7150.     0.7105201            0.
        7152.     0.6845304            0.
        7154.     0.6580408            0.
        7156.     0.6312513            0.
        7158.     0.6045618            0.
        7160.     0.5781723            0.
        7162.     0.5519826            0.
        7164.     0.5261927            0.
        7166.     0.5010027            0.
        7168.     0.4766122            0.
        7170.     0.4530215            0.
        7172.     0.4303305            0.
        7174.      0.408739            0.
        7176.     0.3880471            0.
        7178.     0.3683549            0.
        7180.     0.3492624            0.
        7182.     0.3309696            0.
        7184.     0.3133765            0.
        7186.     0.2967831            0.
        7188.     0.2810892            0.
        7190.     0.2660952            0.
        7192.     0.2520007            0.
        7194.      0.238706            0.
        7196.      0.226011            0.
        7198.     0.2140157            0.
        7200.     0.2027201            0.
        7202.     0.1920244            0.
        7204.     0.1820283            0.
        7206.      0.172532            0.
        7208.     0.1636355            0.
        7210.     0.1551389            0.
        7212.      0.147342            0.
        7214.     0.1398449            0.
        7216.     0.1328477            0.
        7218.     0.1262503            0.
        7220.     0.1200527            0.
        7222.      0.114255            0.
        7224.     0.1086572            0.
        7226.     0.1034592            0.
        7228.    0.09848121            0.
        7230.    0.09384303            0.
        7232.    0.08942477            0.
        7234.    0.08521643            0.
        7236.    0.08125798            0.
        7238.    0.07747947            0.
        7240.    0.07403083            0.
        7242.    0.07069215            0.
        7244.    0.06759337            0.
        7246.    0.06463453            0.
        7248.    0.06178566            0.
        7250.     0.0591267            0.
        7252.    0.05658771            0.
        7254.    0.05413867            0.
        7256.    0.05183958            0.
        7258.    0.04963044            0.
        7260.    0.04756126            0.
        7262.    0.04558204            0.
        7264.    0.04369279            0.
        7266.     0.0418835            0.
        7268.    0.04015418            0.
        7270.    0.03844485            0.
        7272.    0.03689547            0.
        7274.    0.03540605            0.
        7276.     0.0340166            0.
        7278.    0.03268712            0.
        7280.    0.03136764            0.
        7282.    0.03017811            0.
        7284.    0.02897858            0.
        7286.    0.02786902            0.
        7288.    0.02677945            0.
        7290.    0.02426044            0.
        7300.    0.02033199            0.
        7310.    0.01717323            0.
        7320.    0.01459425            0.
        7330.    0.01246509            0.
        7340.    0.01069579            0.
        7350.   0.009687183            0.
        7360.   0.008377699            0.
        7370.   0.007271135            0.
        7380.   0.006336504            0.
        7390.   0.005547814            0.
        7400.   0.004879078            0.
        7410.   0.004307303            0.
        7420.   0.003813497            0.
        7430.   0.003382667            0.
        7440.   0.003007815            0.
        7450.   0.002683943            0.
        7460.   0.002402054            0.
        7470.    0.00215715            0.
        7480.   0.001945234            0.
        7490.   0.001759307            0.
        7500.   0.001595372            0.
        7510.   0.001449429            0.
        7520.   0.001316481            0.
        7530.   0.001198528            0.
        7540.    0.00109257            0.
        7550.   9.996062E-4            0.
        7560.   9.169388E-4            0.
        7570.   8.425681E-4            0.
        7580.   7.757943E-4            0.
        7590.   7.153182E-4            0.
        7600.   6.610396E-4            0.
        7610.   6.125587E-4            0.
        7620.   5.685760E-4            0.
        7630.   5.279920E-4            0.
        7640.   4.913065E-4            0.
        7650.   4.578196E-4            0.
        7660.   4.269318E-4            0.
        7670.   3.992427E-4            0.
        7680.   3.736528E-4            0.
        7690.   3.506618E-4            0.
        7700.   3.302699E-4            0.
        7710.   3.103777E-4            0.
        7720.   2.920849E-4            0.
        7730.   2.751916E-4            0.
        7740.   2.595977E-4            0.
        7750.   2.452034E-4            0.
        7760.   2.323085E-4            0.
        7770.   2.207130E-4            0.
        7780.   2.094175E-4            0.
        7790.   1.982219E-4            0.
        7800.   1.883258E-4            0.
        7810.   1.792294E-4            0.
        7820.   1.709327E-4            0.
        7830.   1.629358E-4            0.
        7840.   1.550389E-4            0.
        7850.   1.475419E-4            0.
        7860.   1.402448E-4            0.
        7870.   1.329476E-4            0.
        7880.   1.261503E-4            0.
        7890.   1.204525E-4            0.
        7900.   1.146548E-4            0.
        7910.   1.099567E-4            0.
        7920.   1.054585E-4            0.
        7930.   1.006603E-4            0.
        7940.   9.672189E-5            0.
        7950.   9.402296E-5            0.
        7960.   9.200375E-5            0.
        7970.   9.181383E-5            0.
        7980.   9.258353E-5            0.
        7990.   9.154393E-5            0.
        8000.   7.243147E-5            0.
        8010.   7.176172E-5            0.
        8020.   7.318117E-5            0.
        8030.   7.607003E-5            0.
        8040.   7.625996E-5            0.
        8050.   7.972859E-5            0.
        8060.   7.574016E-5            0.
        8070.   6.509435E-5            0.
        8080.   6.482446E-5            0.
        8090.   6.272529E-5            0.
        8100.   5.422863E-5            0.
        8110.   5.200951E-5            0.
        8120.   5.292915E-5            0.
        8130.   5.300912E-5            0.
        8140.   6.142580E-5            0.
        8150.   7.044225E-5            0.
        8160.   6.308514E-5            0.
        8170.   5.907672E-5            0.
        8180.   5.787720E-5            0.
        8190.   4.724139E-5            0.
        8200.   4.215339E-5            0.
        8210.   5.044013E-5            0.
        8220.   5.414867E-5            0.
        8230.   5.062006E-5            0.
        8240.   4.556205E-5            0.
        8250.   4.647169E-5            0.
        8260.   5.475843E-5            0.
        8270.   5.451852E-5            0.
        8280.   4.863084E-5            0.
        8290.   5.089995E-5            0.
        8300.   5.546815E-5            0.
        8310.   5.453852E-5            0.
        8320.   4.648169E-5            0.
        8330.   4.090388E-5            0.
        8340.   3.928452E-5            0.
        8350.   3.796504E-5            0.
        8360.   4.037410E-5            0.
        8370.   4.406264E-5            0.
        8380.   4.593191E-5            0.
        8390.   4.502226E-5            0.
        8400.   4.776118E-5            0.
        8410.   5.351891E-5            0.
        8420.   5.355890E-5            0.
        8430.   4.747130E-5            0.
        8440.   4.557205E-5            0.
        8450.   4.653167E-5            0.
        8460.   3.919456E-5            0.
        8470.   3.718535E-5            0.
        8480.   3.929452E-5            0.
        8490.   4.097386E-5            0.
        8500.   4.527216E-5            0.
        8510.   4.944052E-5            0.
        8520.   5.324902E-5            0.
        8530.   5.551813E-5            0.
        8540.   5.457850E-5            0.
        8550.   4.728137E-5            0.
        8560.   4.145367E-5            0.
        8570.   4.213340E-5            0.
        8580.   4.436252E-5            0.
        8590.   4.711144E-5            0.
        8600.   5.012025E-5            0.
        8610.   5.605791E-5            0.
        8620.   5.532820E-5            0.
        8630.   5.088995E-5            0.
        8640.   5.205949E-5            0.
        8650.   5.329900E-5            0.
        8660.   5.523824E-5            0.
        8670.   5.243934E-5            0.
        8680.   4.840093E-5            0.
        8690.   4.636173E-5            0.
        8700.   4.291310E-5            0.
        8710.   4.454245E-5            0.
        8720.   4.840093E-5            0.
        8730.   4.500227E-5            0.
        8740.   3.509617E-5            0.
        8750.   2.889862E-5            0.
        8760.   2.210129E-5            0.
        8770.   1.583376E-5            0.
        8780.   1.729319E-5            0.
        8790.   1.776300E-5            0.
        8800.   1.642353E-5            0.
        8810.   1.399449E-5            0.
        8820.   1.464423E-5            0.
        8830.   1.601369E-5            0.
        8840.   1.311483E-5            0.
        8850.   7.685972E-6            0.
        8860.   2.478024E-6            0.
        8870.   3.592585E-6            0.
        8880.   8.659588E-6            0.
        8890.   8.675582E-6            0.
        8900.   2.471027E-6            0.
        8910.   1.863266E-6            0.
        8920.   1.035592E-5            0.
        8930.   1.185533E-5            0.
        8940.   6.337503E-6            0.
        8950.   6.194559E-6            0.
        8960.   4.870081E-6            0.
        8970.   5.729742E-6            0.
        8980.   1.125557E-5            0.
        8990.   7.981856E-6            0.
        9000.   1.183534E-6            0.
        9010.   4.393269E-7            0.
        9020.   7.278133E-7            0.
        9030.   1.680338E-6            0.
        9040.   4.335292E-6            0.
        9050.   4.563202E-6            0.
        9060.   2.247115E-6            0.
        9070.   1.036592E-6            0.
        9080.   1.302487E-6            0.
        9090.   2.336080E-6            0.
        9100.   1.578378E-6            0.
        9110.   9.546239E-7            0.
        9120.   1.080574E-6            0.
        9130.   7.932875E-7            0.
        9140.   6.671372E-7            0.
        9150.   1.410444E-6            0.
        9160.   3.025808E-6            0.
        9170.   4.237331E-6            0.
        9180.   9.045437E-6            0.
        9190.   8.228759E-6            0.
        9200.   3.916457E-6            0.
        9210.   2.264108E-6            0.
        9220.   2.036198E-6            0.
        9230.   3.016811E-6            0.
        9240.   3.100778E-6            0.
        9250.   6.645382E-7            0.
        9260.   3.160755E-7            0.
        9270.   3.768515E-7            0.
        9280.   1.429437E-6            0.
        9290.   5.575803E-6            0.
        9300.   4.517221E-6            0.
        9310.   3.633568E-6            0.
        9320.   7.015236E-6            0.
        9330.   8.381698E-6            0.
        9340.   6.622391E-6            0.
        9350.   8.429680E-6            0.
        9360.   1.477418E-5            0.
        9370.   2.049193E-5            0.
        9380.   1.615364E-5            0.
        9390.   9.410292E-6            0.
        9400.   7.627995E-6            0.
        9410.   4.840093E-6            0.
        9420.   6.770333E-6            0.
        9430.   8.588617E-6            0.
        9440.   4.168358E-6            0.
        9450.   3.311695E-6            0.
        9460.   5.892678E-6            0.
        9470.   1.275497E-5            0.
        9480.   1.160543E-5            0.
        9490.   9.283342E-6            0.
        9500.   1.140551E-5            0.
        9510.   1.814285E-5            0.
        9520.   2.291097E-5            0.
        9530.   1.505407E-5            0.
        9540.   7.643988E-6            0.
        9550.   1.135553E-5            0.
        9560.   2.014207E-5            0.
        9570.   2.300094E-5            0.
        9580.   2.411050E-5            0.
        9590.   1.862266E-5            0.
        9600.   2.037197E-5            0.
        9610.   2.828886E-5            0.
        9620.   2.376064E-5            0.
        9630.   2.842880E-5            0.
        9640.   3.474631E-5            0.
        9650.   2.771908E-5            0.
        9660.   2.539999E-5            0.
        9670.   3.110774E-5            0.
        9680.   3.615576E-5            0.
        9690.   3.518614E-5            0.
        9700.   3.125768E-5            0.
        9710.   2.906855E-5            0.
        9720.   2.680944E-5            0.
        9730.   2.416048E-5            0.
        9740.   2.446036E-5            0.
        9750.   2.190137E-5            0.
        9760.   1.480417E-5            0.
        9770.   1.565383E-5            0.
        9780.   2.017205E-5            0.
        9790.   1.911247E-5            0.
        9800.   2.062188E-5            0.
        9810.   2.359071E-5            0.
        9820.   2.311090E-5            0.
        9830.   2.447036E-5            0.
        9840.   2.304092E-5            0.
        9850.   2.302093E-5            0.
        9860.   2.107170E-5            0.
        9870.   1.830279E-5            0.
        9880.   1.636355E-5            0.
        9890.   1.761306E-5            0.
        9900.   2.227123E-5            0.
        9910.   2.048193E-5            0.
        9920.   2.622967E-5            0.
        9930.   2.942841E-5            0.
        9940.   2.952837E-5            0.
        9950.   3.331688E-5            0.
        9960.   2.646957E-5            0.
        9970.   1.888256E-5            0.
        9980.   1.990216E-5            0.
        9990.   2.200133E-5            0.
       10000.   1.831279E-5            0.
       10010.   1.453427E-5            0.
       10020.   1.623360E-5            0.
       10030.   1.945234E-5            0.
       10040.   1.901251E-5            0.
       10050.   1.904250E-5            0.
       10060.   1.361464E-5            0.
       10070.   1.090570E-5            0.
       10080.   1.108563E-5            0.
       10090.   1.155545E-5            0.
       10100.   1.930240E-5            0.
       10110.   2.221125E-5            0.
       10120.   1.636355E-5            0.
       10130.   8.381698E-6            0.
       10140.   9.768152E-6            0.
       10150.   1.337473E-5            0.
       10160.   1.324478E-5            0.
       10170.   1.553388E-5            0.
       10180.   1.974222E-5            0.
       10190.   1.995214E-5            0.
       10200.   1.412444E-5            0.
       10210.   1.438433E-5            0.
       10220.   1.800291E-5            0.
       10230.   2.316088E-5            0.
       10240.   2.623966E-5            0.
       10250.   2.056190E-5            0.
       10260.   2.009208E-5            0.
       10270.   2.583982E-5            0.
       10280.   2.752915E-5            0.
       10290.   2.906855E-5            0.
       10300.   3.228728E-5            0.
       10310.   2.764911E-5            0.
       10320.   2.503014E-5            0.
       10330.   2.972829E-5            0.
       10340.   2.833883E-5            0.
       10350.   2.778905E-5            0.
       10360.   3.268712E-5            0.
       10370.   3.376670E-5            0.
       10380.   2.872868E-5            0.
       10390.   2.440039E-5            0.
       10400.   2.610971E-5            0.
       10410.   3.083785E-5            0.
       10420.   2.992821E-5            0.
       10430.   3.100778E-5            0.
       10440.   3.195741E-5            0.
       10450.   2.736922E-5            0.
       10460.   3.046800E-5            0.
       10470.   3.931451E-5            0.
       10480.   4.404265E-5            0.
       10490.   4.321297E-5            0.
       10500.   4.175355E-5            0.
       10510.   4.694151E-5            0.
       10520.   5.302911E-5            0.
       10530.   5.165965E-5            0.
       10540.   4.703147E-5            0.
       10550.   4.046406E-5            0.
       10560.   3.615576E-5            0.
       10570.   4.034410E-5            0.
       10580.   4.456244E-5            0.
       10590.   4.727138E-5            0.
       10600.   4.772120E-5            0.
       10610.   4.273317E-5            0.
       10620.   3.976433E-5            0.
       10630.   4.327295E-5            0.
       10640.   5.312907E-5            0.
       10650.   5.414867E-5            0.
       10660.   4.785115E-5            0.
       10670.   5.268924E-5            0.
       10680.   5.565807E-5            0.
       10690.   5.049011E-5            0.
       10700.   4.847091E-5            0.
       10710.   5.167964E-5            0.
       10720.   5.668767E-5            0.
       10730.   6.688365E-5            0.
       10740.   6.966256E-5            0.
       10750.   6.186563E-5            0.
       10760.   5.791718E-5            0.
       10770.   6.091600E-5            0.
       10780.   6.513434E-5            0.
       10790.   6.474449E-5            0.
       10800.   6.322510E-5            0.
       10810.   6.882289E-5            0.
       10820.   7.534032E-5            0.
       10830.   7.685972E-5            0.
       10840.   8.029836E-5            0.
       10850.   8.549632E-5            0.
       10860.   9.213370E-5            0.
       10870.   1.003605E-4            0.
       10880.   9.877109E-5            0.
       10890.   9.436283E-5            0.
       10900.   9.358313E-5            0.
       10910.   8.646593E-5            0.
       10920.   8.572623E-5            0.
       10930.   9.445279E-5            0.
       10940.   9.621210E-5            0.
       10950.   9.897101E-5            0.
       10960.   1.033593E-4            0.
       10970.   3.986430E-4            0.
       10980.   0.007532033            0.
       10990.    0.02949838            0.
       11000.    0.02949838            0.
