         100.            0.            0.
        1910.   1.000000E-5            0.
        1920.   1.000000E-5            0.
        1930.            0.            0.
        1940.            0.            0.
        1950.            0.            0.
        1960.   1.000000E-5            0.
        1970.            0.            0.
        1980.            0.            0.
        1990.            0.            0.
        2000.            0.            0.
        2010.            0.            0.
        2020.            0.            0.
        2030.            0.            0.
        2040.            0.            0.
        2050.            0.            0.
        2060.            0.            0.
        2070.            0.            0.
        2080.            0.            0.
        2090.            0.            0.
        2100.            0.            0.
        2110.            0.            0.
        2120.            0.            0.
        2130.            0.            0.
        2140.            0.            0.
        2150.            0.            0.
        2160.            0.            0.
        2170.            0.            0.
        2180.            0.            0.
        2190.            0.            0.
        2200.            0.            0.
        2210.            0.            0.
        2220.            0.            0.
        2230.            0.            0.
        2240.            0.            0.
        2250.            0.            0.
        2260.            0.            0.
        2270.            0.            0.
        2280.            0.            0.
        2290.            0.            0.
        2300.            0.            0.
        2310.            0.            0.
        2320.            0.            0.
        2330.            0.            0.
        2340.            0.            0.
        2350.            0.            0.
        2360.            0.            0.
        2370.            0.            0.
        2380.            0.            0.
        2390.            0.            0.
        2400.            0.            0.
        2410.            0.            0.
        2420.            0.            0.
        2430.            0.            0.
        2440.            0.            0.
        2450.            0.            0.
        2460.            0.            0.
        2470.            0.            0.
        2480.            0.            0.
        2490.            0.            0.
        2500.            0.            0.
        2510.            0.            0.
        2520.            0.            0.
        2530.            0.            0.
        2540.            0.            0.
        2550.            0.            0.
        2560.            0.            0.
        2570.            0.            0.
        2580.            0.            0.
        2590.            0.            0.
        2600.            0.            0.
        2610.            0.            0.
        2620.            0.            0.
        2630.            0.            0.
        2640.            0.            0.
        2650.            0.            0.
        2660.            0.            0.
        2670.            0.            0.
        2680.            0.            0.
        2690.            0.            0.
        2700.            0.            0.
        2710.            0.            0.
        2720.            0.            0.
        2730.            0.            0.
        2740.            0.            0.
        2750.            0.            0.
        2760.            0.            0.
        2770.            0.            0.
        2780.            0.            0.
        2790.            0.            0.
        2800.            0.            0.
        2810.            0.            0.
        2820.            0.            0.
        2830.            0.            0.
        2840.            0.            0.
        2850.            0.            0.
        2860.            0.            0.
        2870.            0.            0.
        2880.            0.            0.
        2890.            0.            0.
        2900.            0.            0.
        2910.            0.            0.
        2920.            0.            0.
        2930.            0.            0.
        2940.            0.            0.
        2950.            0.            0.
        2960.            0.            0.
        2970.            0.            0.
        2980.            0.            0.
        2990.            0.            0.
        3000.            0.            0.
        3010.            0.            0.
        3020.            0.            0.
        3030.            0.            0.
        3040.            0.            0.
        3050.            0.            0.
        3060.            0.            0.
        3070.            0.            0.
        3080.            0.            0.
        3090.            0.            0.
        3100.            0.            0.
        3110.            0.            0.
        3120.            0.            0.
        3130.            0.            0.
        3140.            0.            0.
        3150.            0.            0.
        3160.            0.            0.
        3170.            0.            0.
        3180.            0.            0.
        3190.            0.            0.
        3200.            0.            0.
        3210.            0.            0.
        3220.            0.            0.
        3230.            0.            0.
        3240.            0.            0.
        3250.            0.            0.
        3260.            0.            0.
        3270.            0.            0.
        3280.            0.            0.
        3290.            0.            0.
        3300.            0.            0.
        3310.            0.            0.
        3320.            0.            0.
        3330.            0.            0.
        3340.            0.            0.
        3350.            0.            0.
        3360.            0.            0.
        3370.            0.            0.
        3380.            0.            0.
        3390.            0.            0.
        3400.            0.            0.
        3410.            0.            0.
        3420.            0.            0.
        3430.            0.            0.
        3440.            0.            0.
        3450.            0.            0.
        3460.            0.            0.
        3470.            0.            0.
        3480.            0.            0.
        3490.            0.            0.
        3500.            0.            0.
        3510.            0.            0.
        3520.            0.            0.
        3530.            0.            0.
        3540.            0.            0.
        3550.            0.            0.
        3560.            0.            0.
        3570.            0.            0.
        3580.            0.            0.
        3590.            0.            0.
        3600.            0.            0.
        3610.            0.            0.
        3620.            0.            0.
        3630.            0.            0.
        3640.            0.            0.
        3650.            0.            0.
        3660.            0.            0.
        3670.            0.            0.
        3680.            0.            0.
        3690.            0.            0.
        3700.            0.            0.
        3710.            0.            0.
        3720.            0.            0.
        3730.            0.            0.
        3740.            0.            0.
        3750.            0.            0.
        3760.            0.            0.
        3770.            0.            0.
        3780.            0.            0.
        3790.            0.            0.
        3800.            0.            0.
        3810.            0.            0.
        3820.            0.            0.
        3830.            0.            0.
        3840.            0.            0.
        3850.            0.            0.
        3860.            0.            0.
        3870.            0.            0.
        3880.            0.            0.
        3890.            0.            0.
        3900.            0.            0.
        3910.            0.            0.
        3920.            0.            0.
        3930.            0.            0.
        3940.            0.            0.
        3950.            0.            0.
        3960.            0.            0.
        3970.            0.            0.
        3980.            0.            0.
        3990.            0.            0.
        4000.            0.            0.
        4010.   1.000000E-5            0.
        4020.   1.000000E-5            0.
        4030.   1.000000E-5            0.
        4040.   1.000000E-5            0.
        4050.   1.000000E-5            0.
        4060.            0.            0.
        4070.            0.            0.
        4080.            0.            0.
        4090.            0.            0.
        4100.            0.            0.
        4110.            0.            0.
        4120.            0.            0.
        4130.            0.            0.
        4140.   1.000000E-5            0.
        4150.   1.000000E-5            0.
        4160.   1.000000E-5            0.
        4170.   1.000000E-5            0.
        4180.   1.000000E-5            0.
        4190.            0.            0.
        4200.            0.            0.
        4210.            0.            0.
        4220.   1.000000E-5            0.
        4230.   2.000000E-5            0.
        4240.   3.000000E-5            0.
        4250.   3.000000E-5            0.
        4260.   2.000000E-5            0.
        4270.   1.000000E-5            0.
        4280.            0.            0.
        4290.            0.            0.
        4300.            0.            0.
        4310.            0.            0.
        4320.            0.            0.
        4330.            0.            0.
        4340.            0.            0.
        4350.   1.000000E-5            0.
        4360.   3.000000E-5            0.
        4370.   4.000000E-5            0.
        4380.   3.000000E-5            0.
        4390.   1.000000E-5            0.
        4400.            0.            0.
        4410.            0.            0.
        4420.            0.            0.
        4430.   1.000000E-5            0.
        4440.   1.000000E-5            0.
        4450.   2.000000E-5            0.
        4460.   2.000000E-5            0.
        4470.   2.000000E-5            0.
        4480.            0.            0.
        4490.            0.            0.
        4500.            0.            0.
        4510.            0.            0.
        4520.            0.            0.
        4530.            0.            0.
        4540.            0.            0.
        4550.            0.            0.
        4560.            0.            0.
        4570.            0.            0.
        4580.            0.            0.
        4590.            0.            0.
        4600.            0.            0.
        4610.            0.            0.
        4620.            0.            0.
        4630.            0.            0.
        4640.            0.            0.
        4650.            0.            0.
        4660.            0.            0.
        4670.            0.            0.
        4680.            0.            0.
        4690.            0.            0.
        4700.            0.            0.
        4710.            0.            0.
        4720.            0.            0.
        4730.            0.            0.
        4740.            0.            0.
        4750.            0.            0.
        4760.            0.            0.
        4770.            0.            0.
        4780.            0.            0.
        4790.            0.            0.
        4800.            0.            0.
        4810.            0.            0.
        4820.            0.            0.
        4830.            0.            0.
        4840.            0.            0.
        4850.            0.            0.
        4860.            0.            0.
        4870.            0.            0.
        4880.            0.            0.
        4890.            0.            0.
        4900.            0.            0.
        4910.            0.            0.
        4920.            0.            0.
        4930.            0.            0.
        4940.            0.            0.
        4950.            0.            0.
        4960.            0.            0.
        4970.            0.            0.
        4980.            0.            0.
        4990.            0.            0.
        5000.            0.            0.
        5010.            0.            0.
        5020.            0.            0.
        5030.            0.            0.
        5040.            0.            0.
        5050.            0.            0.
        5060.   1.000000E-5            0.
        5070.   1.000000E-5            0.
        5080.   1.000000E-5            0.
        5090.   1.000000E-5            0.
        5100.   1.000000E-5            0.
        5110.   1.000000E-5            0.
        5120.   1.000000E-5            0.
        5130.   1.000000E-5            0.
        5140.   1.000000E-5            0.
        5150.   1.000000E-5            0.
        5160.   1.000000E-5            0.
        5170.   1.000000E-5            0.
        5180.   1.000000E-5            0.
        5190.   1.000000E-5            0.
        5200.   1.000000E-5            0.
        5210.   1.000000E-5            0.
        5220.   1.000000E-5            0.
        5230.   1.000000E-5            0.
        5240.   1.000000E-5            0.
        5250.   1.000000E-5            0.
        5260.   1.000000E-5            0.
        5270.   1.000000E-5            0.
        5280.   2.000000E-5            0.
        5290.   2.000000E-5            0.
        5300.   2.000000E-5            0.
        5310.   2.000000E-5            0.
        5320.   2.000000E-5            0.
        5330.   2.000000E-5            0.
        5340.   1.000000E-5            0.
        5350.   1.000000E-5            0.
        5360.   1.000000E-5            0.
        5370.   2.000000E-5            0.
        5380.   2.000000E-5            0.
        5390.   2.000000E-5            0.
        5400.   2.000000E-5            0.
        5410.   2.000000E-5            0.
        5420.   2.000000E-5            0.
        5430.   2.000000E-5            0.
        5440.   2.000000E-5            0.
        5450.   2.000000E-5            0.
        5460.   2.000000E-5            0.
        5470.   2.000000E-5            0.
        5480.   2.000000E-5            0.
        5490.   2.000000E-5            0.
        5500.   2.000000E-5            0.
        5510.   3.000000E-5            0.
        5520.   2.000000E-5            0.
        5530.   2.000000E-5            0.
        5540.   2.000000E-5            0.
        5550.   1.000000E-5            0.
        5560.   1.000000E-5            0.
        5570.   1.000000E-5            0.
        5580.   1.000000E-5            0.
        5590.   1.000000E-5            0.
        5600.   1.000000E-5            0.
        5610.   1.000000E-5            0.
        5620.   1.000000E-5            0.
        5630.   1.000000E-5            0.
        5640.   1.000000E-5            0.
        5650.   1.000000E-5            0.
        5660.   1.000000E-5            0.
        5670.   1.000000E-5            0.
        5680.   1.000000E-5            0.
        5690.   1.000000E-5            0.
        5700.   2.000000E-5            0.
        5710.   2.000000E-5            0.
        5720.   1.000000E-5            0.
        5730.   1.000000E-5            0.
        5740.   1.000000E-5            0.
        5750.   1.000000E-5            0.
        5760.   1.000000E-5            0.
        5770.   2.000000E-5            0.
        5780.   2.000000E-5            0.
        5790.   1.000000E-5            0.
        5800.   1.000000E-5            0.
        5810.   1.000000E-5            0.
        5820.   1.000000E-5            0.
        5830.   1.000000E-5            0.
        5840.   1.000000E-5            0.
        5850.   1.000000E-5            0.
        5860.   1.000000E-5            0.
        5870.   1.000000E-5            0.
        5880.   1.000000E-5            0.
        5890.   1.000000E-5            0.
        5900.   1.000000E-5            0.
        5910.   1.000000E-5            0.
        5920.   1.000000E-5            0.
        5930.   1.000000E-5            0.
        5940.   1.000000E-5            0.
        5950.   1.000000E-5            0.
        5960.   1.000000E-5            0.
        5970.   1.000000E-5            0.
        5980.   1.000000E-5            0.
        5990.   1.000000E-5            0.
        6000.   1.000000E-5            0.
        6010.   1.000000E-5            0.
        6020.   1.000000E-5            0.
        6030.   1.000000E-5            0.
        6040.   1.000000E-5            0.
        6050.   1.000000E-5            0.
        6060.   1.000000E-5            0.
        6070.   1.000000E-5            0.
        6080.   1.000000E-5            0.
        6090.   1.000000E-5            0.
        6100.   1.000000E-5            0.
        6110.   1.000000E-5            0.
        6120.   1.000000E-5            0.
        6130.   1.000000E-5            0.
        6140.   1.000000E-5            0.
        6150.   1.000000E-5            0.
        6160.   1.000000E-5            0.
        6170.   1.000000E-5            0.
        6180.   1.000000E-5            0.
        6190.   1.000000E-5            0.
        6200.   1.000000E-5            0.
        6210.   1.000000E-5            0.
        6220.   1.000000E-5            0.
        6230.   1.000000E-5            0.
        6240.   1.000000E-5            0.
        6250.   1.000000E-5            0.
        6260.   1.000000E-5            0.
        6270.   1.000000E-5            0.
        6280.   1.000000E-5            0.
        6290.   1.000000E-5            0.
        6300.   1.000000E-5            0.
        6310.   1.000000E-5            0.
        6320.   1.000000E-5            0.
        6330.   1.000000E-5            0.
        6340.   1.000000E-5            0.
        6350.   1.000000E-5            0.
        6360.   1.000000E-5            0.
        6370.   1.000000E-5            0.
        6380.   1.000000E-5            0.
        6390.   1.000000E-5            0.
        6400.   1.000000E-5            0.
        6410.   1.000000E-5            0.
        6420.   1.000000E-5            0.
        6430.   1.000000E-5            0.
        6440.   1.000000E-5            0.
        6450.   1.000000E-5            0.
        6460.   1.000000E-5            0.
        6470.   1.000000E-5            0.
        6480.   1.000000E-5            0.
        6490.   1.000000E-5            0.
        6500.   1.000000E-5            0.
        6510.   1.000000E-5            0.
        6520.   1.000000E-5            0.
        6530.   1.000000E-5            0.
        6540.   1.000000E-5            0.
        6550.   1.000000E-5            0.
        6560.   1.000000E-5            0.
        6570.   1.000000E-5            0.
        6580.   1.000000E-5            0.
        6590.   1.000000E-5            0.
        6600.   1.000000E-5            0.
        6610.   1.000000E-5            0.
        6620.   1.000000E-5            0.
        6630.   1.000000E-5            0.
        6640.   1.000000E-5            0.
        6650.   1.000000E-5            0.
        6660.   1.000000E-5            0.
        6670.   1.000000E-5            0.
        6680.   1.000000E-5            0.
        6690.   1.000000E-5            0.
        6700.   1.000000E-5            0.
        6710.   1.000000E-5            0.
        6720.   1.000000E-5            0.
        6730.   1.000000E-5            0.
        6740.   1.000000E-5            0.
        6750.   1.000000E-5            0.
        6760.   1.000000E-5            0.
        6770.   1.000000E-5            0.
        6780.   1.000000E-5            0.
        6790.   1.000000E-5            0.
        6800.   1.000000E-5            0.
        6810.   1.000000E-5            0.
        6820.   1.000000E-5            0.
        6830.   1.000000E-5            0.
        6840.   1.000000E-5            0.
        6850.   1.000000E-5            0.
        6860.   1.000000E-5            0.
        6870.   1.000000E-5            0.
        6880.   1.000000E-5            0.
        6890.   1.000000E-5            0.
        6900.   1.000000E-5            0.
        6910.   1.000000E-5            0.
        6920.   1.000000E-5            0.
        6930.   1.000000E-5            0.
        6940.   1.000000E-5            0.
        6950.   1.000000E-5            0.
        6960.   1.000000E-5            0.
        6970.   1.000000E-5            0.
        6980.   1.000000E-5            0.
        6990.   1.000000E-5            0.
        7000.   1.000000E-5            0.
        7010.   1.000000E-5            0.
        7020.   1.000000E-5            0.
        7030.   1.000000E-5            0.
        7040.   1.000000E-5            0.
        7050.   1.000000E-5            0.
        7060.   1.000000E-5            0.
        7070.   1.000000E-5            0.
        7080.   1.000000E-5            0.
        7090.   1.000000E-5            0.
        7100.   1.000000E-5            0.
        7110.   1.000000E-5            0.
        7120.   1.000000E-5            0.
        7130.   1.000000E-5            0.
        7140.   1.000000E-5            0.
        7150.   1.000000E-5            0.
        7160.   1.000000E-5            0.
        7170.   1.000000E-5            0.
        7180.   2.000000E-5            0.
        7190.   3.000000E-5            0.
        7220.   1.000000E-4            0.
        7221.   2.000000E-4            0.
        7222.   3.000000E-4            0.
        7223.   4.000000E-4            0.
        7224.   6.000000E-4            0.
        7225.   8.000000E-4            0.
        7226.        0.0011            0.
        7227.        0.0014            0.
        7228.        0.0018            0.
        7229.        0.0024            0.
        7230.         0.003            0.
        7231.        0.0038            0.
        7232.        0.0047            0.
        7233.        0.0059            0.
        7234.        0.0073            0.
        7235.        0.0092            0.
        7236.        0.0114            0.
        7237.        0.0145            0.
        7238.        0.0185            0.
        7239.        0.0233            0.
        7240.        0.0292            0.
        7241.        0.0368            0.
        7242.        0.0461            0.
        7243.        0.0575            0.
        7244.        0.0718            0.
        7245.        0.0883            0.
        7246.        0.1095            0.
        7247.        0.1344            0.
        7248.        0.1667            0.
        7249.        0.2054            0.
        7250.        0.2494            0.
        7251.        0.3024            0.
        7252.        0.3609            0.
        7253.        0.4235            0.
        7254.        0.4891            0.
        7255.        0.5481            0.
        7256.        0.6049            0.
        7257.        0.6516            0.
        7258.        0.6912            0.
        7259.        0.7201            0.
        7260.        0.7423            0.
        7261.        0.7596            0.
        7262.        0.7734            0.
        7263.        0.7844            0.
        7264.        0.7927            0.
        7265.        0.7996            0.
        7266.        0.8058            0.
        7267.        0.8124            0.
        7268.        0.8216            0.
        7269.        0.8308            0.
        7270.        0.8407            0.
        7271.        0.8513            0.
        7272.        0.8629            0.
        7273.        0.8737            0.
        7274.        0.8817            0.
        7275.        0.8882            0.
        7276.         0.893            0.
        7277.        0.8953            0.
        7278.        0.8971            0.
        7279.        0.8972            0.
        7280.        0.8964            0.
        7281.        0.8945            0.
        7282.        0.8902            0.
        7283.        0.8847            0.
        7284.        0.8772            0.
        7285.        0.8675            0.
        7286.         0.857            0.
        7287.        0.8452            0.
        7288.        0.8314            0.
        7289.        0.8199            0.
        7290.        0.8089            0.
        7291.        0.8002            0.
        7292.        0.7945            0.
        7293.        0.7914            0.
        7294.        0.7891            0.
        7295.        0.7864            0.
        7296.        0.7812            0.
        7297.        0.7728            0.
        7298.        0.7551            0.
        7299.        0.7289            0.
        7300.        0.6919            0.
        7301.        0.6444            0.
        7302.        0.5887            0.
        7303.        0.5288            0.
        7304.        0.4632            0.
        7305.        0.3986            0.
        7306.        0.3357            0.
        7307.        0.2791            0.
        7308.        0.2271            0.
        7309.        0.1812            0.
        7310.        0.1424            0.
        7311.        0.1094            0.
        7312.        0.0828            0.
        7313.        0.0623            0.
        7314.        0.0459            0.
        7315.        0.0341            0.
        7316.         0.025            0.
        7317.        0.0189            0.
        7318.        0.0143            0.
        7319.        0.0109            0.
        7320.        0.0084            0.
        7321.        0.0065            0.
        7322.        0.0052            0.
        7323.         0.004            0.
        7324.        0.0033            0.
        7325.        0.0026            0.
        7326.        0.0021            0.
        7327.        0.0017            0.
        7328.        0.0014            0.
        7329.        0.0011            0.
        7330.   9.000000E-4            0.
        7331.   7.000000E-4            0.
        7332.   5.000000E-4            0.
        7333.   4.000000E-4            0.
        7334.   3.000000E-4            0.
        7335.   2.000000E-4            0.
        7336.   1.000000E-4            0.
        7370.   2.000000E-5            0.
        7380.   2.000000E-5            0.
        7390.   1.000000E-5            0.
        7400.   1.000000E-5            0.
        7410.   1.000000E-5            0.
        7420.   1.000000E-5            0.
        7430.   1.000000E-5            0.
        7440.   1.000000E-5            0.
        7450.   1.000000E-5            0.
        7460.   1.000000E-5            0.
        7470.   1.000000E-5            0.
        7480.   1.000000E-5            0.
        7490.   1.000000E-5            0.
        7500.   1.000000E-5            0.
        7510.   1.000000E-5            0.
        7520.   1.000000E-5            0.
        7530.   1.000000E-5            0.
        7540.   1.000000E-5            0.
        7550.   1.000000E-5            0.
        7560.   1.000000E-5            0.
        7570.   1.000000E-5            0.
        7580.   1.000000E-5            0.
        7590.   1.000000E-5            0.
        7600.   1.000000E-5            0.
        7610.   1.000000E-5            0.
        7620.   1.000000E-5            0.
        7630.   1.000000E-5            0.
        7640.   1.000000E-5            0.
        7650.   1.000000E-5            0.
        7660.   1.000000E-5            0.
        7670.   1.000000E-5            0.
        7680.   1.000000E-5            0.
        7690.   1.000000E-5            0.
        7700.   1.000000E-5            0.
        7710.   1.000000E-5            0.
        7720.   1.000000E-5            0.
        7730.   1.000000E-5            0.
        7740.   1.000000E-5            0.
        7750.   1.000000E-5            0.
        7760.   1.000000E-5            0.
        7770.   1.000000E-5            0.
        7780.   1.000000E-5            0.
        7790.   1.000000E-5            0.
        7800.   1.000000E-5            0.
        7810.   1.000000E-5            0.
        7820.   1.000000E-5            0.
        7830.   1.000000E-5            0.
        7840.   1.000000E-5            0.
        7850.   1.000000E-5            0.
        7860.   1.000000E-5            0.
        7870.   1.000000E-5            0.
        7880.   1.000000E-5            0.
        7890.   1.000000E-5            0.
        7900.   1.000000E-5            0.
        7910.   1.000000E-5            0.
        7920.   1.000000E-5            0.
        7930.   1.000000E-5            0.
        7940.   1.000000E-5            0.
        7950.   1.000000E-5            0.
        7960.   1.000000E-5            0.
        7970.   1.000000E-5            0.
        7980.   1.000000E-5            0.
        7990.   1.000000E-5            0.
        8000.   4.600000E-4            0.
        8010.   5.800000E-4            0.
        8020.   5.400000E-4            0.
        8030.   5.000000E-4            0.
        8040.   5.600000E-4            0.
        8050.   5.000000E-4            0.
        8060.   5.200000E-4            0.
        8070.   5.000000E-4            0.
        8080.   4.900000E-4            0.
        8090.   5.500000E-4            0.
        8100.   4.000000E-4            0.
        8110.   5.200000E-4            0.
        8120.   5.100000E-4            0.
        8130.   4.900000E-4            0.
        8140.   4.800000E-4            0.
        8150.   4.800000E-4            0.
        8160.   4.700000E-4            0.
        8170.   5.200000E-4            0.
        8180.   4.800000E-4            0.
        8190.   5.400000E-4            0.
        8200.   5.300000E-4            0.
        8210.   4.600000E-4            0.
        8220.   5.800000E-4            0.
        8230.   5.000000E-4            0.
        8240.   5.500000E-4            0.
        8250.   5.300000E-4            0.
        8260.   5.200000E-4            0.
        8270.   5.100000E-4            0.
        8280.   4.600000E-4            0.
        8290.   5.100000E-4            0.
        8300.   4.700000E-4            0.
        8310.   4.700000E-4            0.
        8320.   5.100000E-4            0.
        8330.   5.300000E-4            0.
        8340.   4.900000E-4            0.
        8350.   5.000000E-4            0.
        8360.   5.000000E-4            0.
        8370.   4.700000E-4            0.
        8380.   4.900000E-4            0.
        8390.   4.400000E-4            0.
        8400.   5.000000E-4            0.
        8410.   4.200000E-4            0.
        8420.   5.300000E-4            0.
        8430.   4.700000E-4            0.
        8440.   4.500000E-4            0.
        8450.   4.600000E-4            0.
        8460.   4.900000E-4            0.
        8470.   5.200000E-4            0.
        8480.   5.400000E-4            0.
        8490.   5.300000E-4            0.
        8500.   5.700000E-4            0.
        8510.   4.800000E-4            0.
        8520.   5.300000E-4            0.
        8530.   6.100000E-4            0.
        8540.   4.800000E-4            0.
        8550.   5.400000E-4            0.
        8560.   5.100000E-4            0.
        8570.   5.000000E-4            0.
        8580.   5.000000E-4            0.
        8590.   4.700000E-4            0.
        8600.   5.200000E-4            0.
        8610.   5.000000E-4            0.
        8620.   5.000000E-4            0.
        8630.   5.100000E-4            0.
        8640.   5.100000E-4            0.
        8650.   5.400000E-4            0.
        8660.   5.200000E-4            0.
        8670.   4.800000E-4            0.
        8680.   5.000000E-4            0.
        8690.   4.800000E-4            0.
        8700.   5.300000E-4            0.
        8710.   4.900000E-4            0.
        8720.   4.400000E-4            0.
        8730.   5.100000E-4            0.
        8740.   5.200000E-4            0.
        8750.   4.600000E-4            0.
        8760.   5.600000E-4            0.
        8770.   5.100000E-4            0.
        8780.   5.400000E-4            0.
        8790.   5.600000E-4            0.
        8800.   4.800000E-4            0.
        8810.   4.800000E-4            0.
        8820.   5.000000E-4            0.
        8830.   5.300000E-4            0.
        8840.   5.100000E-4            0.
        8850.   5.100000E-4            0.
        8860.   5.100000E-4            0.
        8870.   5.200000E-4            0.
        8880.   5.300000E-4            0.
        8890.   5.000000E-4            0.
        8900.   4.700000E-4            0.
        8910.   4.400000E-4            0.
        8920.   5.100000E-4            0.
        8930.   5.600000E-4            0.
        8940.   5.000000E-4            0.
        8950.   4.300000E-4            0.
        8960.   5.200000E-4            0.
        8970.   5.200000E-4            0.
        8980.   5.900000E-4            0.
        8990.   4.700000E-4            0.
        9000.   5.400000E-4            0.
        9010.   4.900000E-4            0.
        9020.   5.000000E-4            0.
        9030.   5.600000E-4            0.
        9040.   5.600000E-4            0.
        9050.   5.300000E-4            0.
        9060.   5.200000E-4            0.
        9070.   5.100000E-4            0.
        9080.   5.200000E-4            0.
        9090.   5.200000E-4            0.
        9100.   5.300000E-4            0.
        9110.   5.400000E-4            0.
        9120.   5.000000E-4            0.
        9130.   4.500000E-4            0.
        9140.   4.900000E-4            0.
        9150.   5.000000E-4            0.
        9160.   4.800000E-4            0.
        9170.   4.900000E-4            0.
        9180.   4.900000E-4            0.
        9190.   4.600000E-4            0.
        9200.   4.600000E-4            0.
        9210.   4.800000E-4            0.
        9220.   5.400000E-4            0.
        9230.   5.600000E-4            0.
        9240.   5.000000E-4            0.
        9250.   5.000000E-4            0.
        9260.   4.800000E-4            0.
        9270.   5.800000E-4            0.
        9280.   5.400000E-4            0.
        9290.   5.400000E-4            0.
        9300.   4.400000E-4            0.
        9310.   5.200000E-4            0.
        9320.   5.200000E-4            0.
        9330.   5.100000E-4            0.
        9340.   5.200000E-4            0.
        9350.   4.400000E-4            0.
        9360.   4.800000E-4            0.
        9370.   5.300000E-4            0.
        9380.   4.700000E-4            0.
        9390.   4.600000E-4            0.
        9400.   5.100000E-4            0.
        9410.   5.400000E-4            0.
        9420.   5.100000E-4            0.
        9430.   5.100000E-4            0.
        9440.   5.000000E-4            0.
        9450.   4.500000E-4            0.
        9460.   5.100000E-4            0.
        9470.   5.100000E-4            0.
        9480.   5.200000E-4            0.
        9490.   5.400000E-4            0.
        9500.   4.900000E-4            0.
        9510.   4.800000E-4            0.
        9520.   4.500000E-4            0.
        9530.   5.200000E-4            0.
        9540.   6.000000E-4            0.
        9550.   5.200000E-4            0.
        9560.   5.100000E-4            0.
        9570.   4.500000E-4            0.
        9580.   4.900000E-4            0.
        9590.   5.500000E-4            0.
        9600.   5.300000E-4            0.
        9610.   4.700000E-4            0.
        9620.   5.900000E-4            0.
        9630.   4.900000E-4            0.
        9640.   4.800000E-4            0.
        9650.   4.800000E-4            0.
        9660.   5.400000E-4            0.
        9670.   5.200000E-4            0.
        9680.   5.100000E-4            0.
        9690.   5.000000E-4            0.
        9700.   5.100000E-4            0.
        9710.   6.400000E-4            0.
        9720.   4.800000E-4            0.
        9730.   5.300000E-4            0.
        9740.   5.100000E-4            0.
        9750.   4.600000E-4            0.
        9760.   5.300000E-4            0.
        9770.   5.700000E-4            0.
        9780.   4.800000E-4            0.
        9790.   5.200000E-4            0.
        9800.   5.600000E-4            0.
        9810.   5.300000E-4            0.
        9820.   5.300000E-4            0.
        9830.   4.800000E-4            0.
        9840.   5.200000E-4            0.
        9850.   5.300000E-4            0.
        9860.   4.900000E-4            0.
        9870.   5.600000E-4            0.
        9880.   5.500000E-4            0.
        9890.   5.400000E-4            0.
        9900.   5.500000E-4            0.
        9910.   5.500000E-4            0.
        9920.   5.200000E-4            0.
        9930.   5.400000E-4            0.
        9940.   5.200000E-4            0.
        9950.   4.700000E-4            0.
        9960.   5.100000E-4            0.
        9970.   5.100000E-4            0.
        9980.   5.700000E-4            0.
        9990.   4.500000E-4            0.
       10000.   5.300000E-4            0.
       10010.   5.200000E-4            0.
       10020.   4.800000E-4            0.
       10030.   5.800000E-4            0.
       10040.   5.000000E-4            0.
       10050.   5.100000E-4            0.
       10060.   5.300000E-4            0.
       10070.   4.900000E-4            0.
       10080.   5.500000E-4            0.
       10090.   5.200000E-4            0.
       10100.   5.400000E-4            0.
       10110.   4.900000E-4            0.
       10120.   5.400000E-4            0.
       10130.   4.800000E-4            0.
       10140.   4.800000E-4            0.
       10150.   4.800000E-4            0.
       10160.   5.200000E-4            0.
       10170.   4.300000E-4            0.
       10180.   4.800000E-4            0.
       10190.   5.600000E-4            0.
       10200.   5.200000E-4            0.
       10210.   4.600000E-4            0.
       10220.   4.600000E-4            0.
       10230.   5.800000E-4            0.
       10240.   5.000000E-4            0.
       10250.   5.100000E-4            0.
       10260.   4.800000E-4            0.
       10270.   5.100000E-4            0.
       10280.   4.200000E-4            0.
       10290.   4.600000E-4            0.
       10300.   5.400000E-4            0.
       10310.   5.000000E-4            0.
       10320.   4.800000E-4            0.
       10330.   5.200000E-4            0.
       10340.   5.300000E-4            0.
       10350.   5.200000E-4            0.
       10360.   5.200000E-4            0.
       10370.   4.300000E-4            0.
       10380.   4.700000E-4            0.
       10390.   4.800000E-4            0.
       10400.   4.900000E-4            0.
       10410.   4.900000E-4            0.
       10420.   5.200000E-4            0.
       10430.   5.100000E-4            0.
       10440.   4.900000E-4            0.
       10450.   5.000000E-4            0.
       10460.   5.200000E-4            0.
       10470.   5.200000E-4            0.
       10480.   5.700000E-4            0.
       10490.   5.000000E-4            0.
       10500.   4.400000E-4            0.
       10510.   4.800000E-4            0.
       10520.   5.200000E-4            0.
       10530.   4.800000E-4            0.
       10540.   5.200000E-4            0.
       10550.   5.400000E-4            0.
       10560.   5.000000E-4            0.
       10570.   4.900000E-4            0.
       10580.   5.000000E-4            0.
       10590.   5.500000E-4            0.
       10600.   5.600000E-4            0.
       10610.   5.200000E-4            0.
       10620.   4.900000E-4            0.
       10630.   5.600000E-4            0.
       10640.   5.400000E-4            0.
       10650.   4.700000E-4            0.
       10660.   4.900000E-4            0.
       10670.   4.600000E-4            0.
       10680.   5.200000E-4            0.
       10690.   5.100000E-4            0.
       10700.   5.400000E-4            0.
       10710.   5.100000E-4            0.
       10720.   5.100000E-4            0.
       10730.   5.300000E-4            0.
       10740.   4.700000E-4            0.
       10750.   4.800000E-4            0.
       10760.   4.600000E-4            0.
       10770.   5.400000E-4            0.
       10780.   5.100000E-4            0.
       10790.   5.300000E-4            0.
       10800.   4.800000E-4            0.
       10810.   5.500000E-4            0.
       10820.   5.200000E-4            0.
       10830.   4.800000E-4            0.
       10840.   5.000000E-4            0.
       10850.   5.300000E-4            0.
       10860.   5.000000E-4            0.
       10870.   4.800000E-4            0.
       10880.   4.800000E-4            0.
       10890.   5.500000E-4            0.
       10900.   4.600000E-4            0.
       10910.   4.900000E-4            0.
       10920.   5.600000E-4            0.
       10930.   5.300000E-4            0.
       10940.   5.300000E-4            0.
       10950.   5.600000E-4            0.
       10960.   5.500000E-4            0.
       10970.   4.900000E-4            0.
       10980.   5.600000E-4            0.
       10990.   5.200000E-4            0.
       11000.   5.000000E-4            0.
       11010.   4.900000E-4            0.
       11020.   4.500000E-4            0.
       11030.   5.100000E-4            0.
       11040.   5.200000E-4            0.
       11050.   5.700000E-4            0.
       11060.   5.000000E-4            0.
       11070.   5.300000E-4            0.
       11080.   5.500000E-4            0.
       11090.   5.000000E-4            0.
       11100.   5.300000E-4            0.
       13000.            0.            0.
