         100.            0.            0.
        1860.   5.100000E-4            0.
        1870.   5.900000E-4            0.
        1880.   5.700000E-4            0.
        1890.   1.700000E-4            0.
        1900.   7.000000E-5            0.
        1910.   2.800000E-4            0.
        1920.   1.300000E-4            0.
        1930.   2.000000E-5            0.
        1940.            0.            0.
        1950.   9.000000E-5            0.
        1960.   8.000000E-5            0.
        1970.   8.000000E-5            0.
        1980.   1.000000E-5            0.
        1990.   3.000000E-5            0.
        2000.   7.000000E-5            0.
        2010.            0.            0.
        2020.            0.            0.
        2030.            0.            0.
        2040.            0.            0.
        2050.   4.000000E-5            0.
        2060.            0.            0.
        2070.   1.000000E-5            0.
        2080.   1.000000E-5            0.
        2090.            0.            0.
        2100.            0.            0.
        2110.            0.            0.
        2120.   1.000000E-5            0.
        2130.            0.            0.
        2140.            0.            0.
        2150.            0.            0.
        2160.            0.            0.
        2170.            0.            0.
        2180.            0.            0.
        2190.            0.            0.
        2200.   1.000000E-5            0.
        2210.            0.            0.
        2220.            0.            0.
        2230.   1.000000E-5            0.
        2240.            0.            0.
        2250.   1.000000E-5            0.
        2260.            0.            0.
        2270.            0.            0.
        2280.            0.            0.
        2290.            0.            0.
        2300.            0.            0.
        2310.            0.            0.
        2320.            0.            0.
        2330.            0.            0.
        2340.            0.            0.
        2350.            0.            0.
        2360.            0.            0.
        2370.            0.            0.
        2380.            0.            0.
        2390.            0.            0.
        2400.            0.            0.
        2410.            0.            0.
        2420.            0.            0.
        2430.            0.            0.
        2440.            0.            0.
        2450.   1.000000E-5            0.
        2460.            0.            0.
        2470.            0.            0.
        2480.            0.            0.
        2490.   1.000000E-5            0.
        2500.            0.            0.
        2510.            0.            0.
        2520.            0.            0.
        2530.            0.            0.
        2540.            0.            0.
        2550.            0.            0.
        2560.            0.            0.
        2570.            0.            0.
        2580.            0.            0.
        2590.            0.            0.
        2600.            0.            0.
        2610.            0.            0.
        2620.            0.            0.
        2630.            0.            0.
        2640.            0.            0.
        2650.            0.            0.
        2660.            0.            0.
        2670.            0.            0.
        2680.            0.            0.
        2690.            0.            0.
        2700.            0.            0.
        2710.            0.            0.
        2720.            0.            0.
        2730.            0.            0.
        2740.            0.            0.
        2750.            0.            0.
        2760.            0.            0.
        2770.            0.            0.
        2780.            0.            0.
        2790.            0.            0.
        2800.            0.            0.
        2810.            0.            0.
        2820.            0.            0.
        2830.            0.            0.
        2840.            0.            0.
        2850.            0.            0.
        2860.            0.            0.
        2870.   1.000000E-5            0.
        2880.            0.            0.
        2890.            0.            0.
        2900.            0.            0.
        2910.            0.            0.
        2920.            0.            0.
        2930.            0.            0.
        2940.            0.            0.
        2950.            0.            0.
        2960.            0.            0.
        2970.            0.            0.
        2980.            0.            0.
        2990.            0.            0.
        3000.            0.            0.
        3010.            0.            0.
        3020.            0.            0.
        3030.            0.            0.
        3040.            0.            0.
        3050.            0.            0.
        3060.            0.            0.
        3070.            0.            0.
        3080.            0.            0.
        3090.            0.            0.
        3100.            0.            0.
        3110.            0.            0.
        3120.   1.000000E-5            0.
        3130.            0.            0.
        3140.            0.            0.
        3150.            0.            0.
        3160.            0.            0.
        3170.            0.            0.
        3180.            0.            0.
        3190.            0.            0.
        3200.            0.            0.
        3210.   1.000000E-5            0.
        3220.            0.            0.
        3230.            0.            0.
        3240.   1.000000E-5            0.
        3250.            0.            0.
        3260.            0.            0.
        3270.            0.            0.
        3280.            0.            0.
        3290.   1.000000E-5            0.
        3300.            0.            0.
        3310.            0.            0.
        3320.            0.            0.
        3330.   1.000000E-5            0.
        3340.            0.            0.
        3350.   1.000000E-5            0.
        3360.            0.            0.
        3370.   1.000000E-5            0.
        3380.   2.000000E-5            0.
        3390.   1.000000E-5            0.
        3400.   1.000000E-5            0.
        3410.   2.000000E-5            0.
        3420.   1.000000E-5            0.
        3430.   2.000000E-5            0.
        3440.   3.000000E-5            0.
        3450.   2.000000E-5            0.
        3460.   2.000000E-5            0.
        3470.   2.000000E-5            0.
        3480.   3.000000E-5            0.
        3490.   3.000000E-5            0.
        3500.   2.000000E-5            0.
        3510.   3.000000E-5            0.
        3520.   3.000000E-5            0.
        3530.   2.000000E-5            0.
        3540.   3.000000E-5            0.
        3550.   3.000000E-5            0.
        3560.   4.000000E-5            0.
        3570.   4.000000E-5            0.
        3580.   3.000000E-5            0.
        3590.   3.000000E-5            0.
        3600.   4.000000E-5            0.
        3610.   4.000000E-5            0.
        3620.   4.000000E-5            0.
        3630.   5.000000E-5            0.
        3640.   5.000000E-5            0.
        3650.   5.000000E-5            0.
        3660.   5.000000E-5            0.
        3670.   5.000000E-5            0.
        3680.   6.000000E-5            0.
        3690.   6.000000E-5            0.
        3700.   6.000000E-5            0.
        3710.   6.000000E-5            0.
        3720.   6.000000E-5            0.
        3730.   6.000000E-5            0.
        3740.   7.000000E-5            0.
        3750.   7.000000E-5            0.
        3760.   7.000000E-5            0.
        3770.   7.000000E-5            0.
        3780.   7.000000E-5            0.
        3790.   7.000000E-5            0.
        3800.   8.000000E-5            0.
        3810.   7.000000E-5            0.
        3820.   8.000000E-5            0.
        3830.   8.000000E-5            0.
        3840.   8.000000E-5            0.
        3850.   8.000000E-5            0.
        3860.   8.000000E-5            0.
        3870.   8.000000E-5            0.
        3880.   8.000000E-5            0.
        3890.   8.000000E-5            0.
        3900.   9.000000E-5            0.
        3910.   8.000000E-5            0.
        3920.   9.000000E-5            0.
        3930.   9.000000E-5            0.
        3940.   9.000000E-5            0.
        3950.   9.000000E-5            0.
        3960.   9.000000E-5            0.
        3970.   9.000000E-5            0.
        3980.   9.000000E-5            0.
        3990.   9.000000E-5            0.
        4000.   9.000000E-5            0.
        4010.   9.000000E-5            0.
        4020.   1.000000E-4            0.
        4030.   9.000000E-5            0.
        4040.   9.000000E-5            0.
        4050.   9.000000E-5            0.
        4060.   9.000000E-5            0.
        4070.   9.000000E-5            0.
        4080.   9.000000E-5            0.
        4090.   9.000000E-5            0.
        4100.   9.000000E-5            0.
        4110.   9.000000E-5            0.
        4120.   9.000000E-5            0.
        4130.   9.000000E-5            0.
        4140.   9.000000E-5            0.
        4150.   9.000000E-5            0.
        4160.   9.000000E-5            0.
        4170.   9.000000E-5            0.
        4180.   8.000000E-5            0.
        4190.   9.000000E-5            0.
        4200.   8.000000E-5            0.
        4210.   9.000000E-5            0.
        4220.   8.000000E-5            0.
        4230.   8.000000E-5            0.
        4240.   8.000000E-5            0.
        4250.   8.000000E-5            0.
        4260.   8.000000E-5            0.
        4270.   8.000000E-5            0.
        4280.   7.000000E-5            0.
        4290.   7.000000E-5            0.
        4300.   6.000000E-5            0.
        4310.   6.000000E-5            0.
        4320.   7.000000E-5            0.
        4330.   1.100000E-4            0.
        4340.   2.600000E-4            0.
        4350.   6.200000E-4            0.
        4360.       0.00175            0.
        4370.       0.00414            0.
        4380.       0.01023            0.
        4390.       0.02284            0.
        4400.       0.04388            0.
        4410.       0.07983            0.
        4420.       0.12743            0.
        4430.       0.19383            0.
        4440.       0.26419            0.
        4450.       0.34465            0.
        4460.       0.41809            0.
        4470.        0.4929            0.
        4480.       0.55516            0.
        4490.       0.61338            0.
        4500.       0.65815            0.
        4510.       0.70057            0.
        4520.       0.73116            0.
        4530.       0.75906            0.
        4540.       0.78036            0.
        4550.       0.79906            0.
        4560.       0.81372            0.
        4570.        0.8263            0.
        4580.       0.83686            0.
        4590.       0.84584            0.
        4600.         0.853            0.
        4610.       0.85926            0.
        4620.       0.86508            0.
        4630.       0.87054            0.
        4640.        0.8749            0.
        4650.       0.87896            0.
        4660.       0.88224            0.
        4670.        0.8856            0.
        4680.       0.88864            0.
        4690.        0.8917            0.
        4700.       0.89464            0.
        4710.       0.89742            0.
        4720.        0.8997            0.
        4730.       0.90222            0.
        4740.       0.90402            0.
        4750.        0.9063            0.
        4760.        0.9086            0.
        4770.        0.9106            0.
        4780.       0.91262            0.
        4790.       0.91462            0.
        4800.       0.91608            0.
        4810.        0.9183            0.
        4820.        0.9199            0.
        4830.       0.92194            0.
        4840.       0.92368            0.
        4850.       0.92558            0.
        4860.       0.92696            0.
        4870.       0.92854            0.
        4880.       0.92986            0.
        4890.       0.93118            0.
        4900.       0.93266            0.
        4910.         0.934            0.
        4920.       0.93522            0.
        4930.        0.9365            0.
        4940.       0.93776            0.
        4950.       0.93858            0.
        4960.       0.94004            0.
        4970.       0.94108            0.
        4980.       0.94196            0.
        4990.       0.94266            0.
        5000.       0.94368            0.
        5010.       0.94432            0.
        5020.       0.94488            0.
        5030.        0.9458            0.
        5040.       0.94618            0.
        5050.       0.94668            0.
        5060.       0.94736            0.
        5070.       0.94828            0.
        5080.       0.94868            0.
        5090.       0.94864            0.
        5100.       0.94908            0.
        5110.       0.94932            0.
        5120.        0.9492            0.
        5130.       0.94916            0.
        5140.       0.94914            0.
        5150.       0.94938            0.
        5160.       0.94916            0.
        5170.       0.94904            0.
        5180.       0.94854            0.
        5190.       0.94798            0.
        5200.       0.94736            0.
        5210.       0.94686            0.
        5220.       0.94642            0.
        5230.       0.94576            0.
        5240.       0.94512            0.
        5250.       0.94434            0.
        5260.       0.94314            0.
        5270.        0.9417            0.
        5280.       0.94086            0.
        5290.        0.9394            0.
        5300.        0.9381            0.
        5310.        0.9365            0.
        5320.       0.93486            0.
        5330.       0.93328            0.
        5340.       0.93128            0.
        5350.       0.92954            0.
        5360.        0.9271            0.
        5370.       0.92536            0.
        5380.       0.92288            0.
        5390.       0.92044            0.
        5400.       0.91788            0.
        5410.        0.9155            0.
        5420.       0.91252            0.
        5430.        0.9099            0.
        5440.       0.90676            0.
        5450.        0.9036            0.
        5460.       0.90054            0.
        5470.       0.89734            0.
        5480.       0.89358            0.
        5490.       0.89016            0.
        5500.       0.88628            0.
        5510.        0.8825            0.
        5520.        0.8782            0.
        5530.       0.87422            0.
        5540.       0.86948            0.
        5550.       0.86546            0.
        5560.       0.86068            0.
        5570.       0.85592            0.
        5580.       0.85046            0.
        5590.       0.84594            0.
        5600.       0.84026            0.
        5610.       0.83516            0.
        5620.       0.82908            0.
        5630.       0.82388            0.
        5640.        0.8177            0.
        5650.       0.81192            0.
        5660.        0.8055            0.
        5670.        0.7996            0.
        5680.       0.79272            0.
        5690.       0.78732            0.
        5700.       0.78142            0.
        5710.       0.77486            0.
        5720.       0.76782            0.
        5730.       0.76076            0.
        5740.        0.7533            0.
        5750.       0.74574            0.
        5760.       0.73878            0.
        5770.       0.73102            0.
        5780.       0.72334            0.
        5790.         0.715            0.
        5800.        0.7075            0.
        5810.       0.69874            0.
        5820.       0.69082            0.
        5830.       0.68204            0.
        5840.        0.6741            0.
        5850.       0.66492            0.
        5860.       0.65646            0.
        5870.        0.6476            0.
        5880.        0.6389            0.
        5890.        0.6296            0.
        5900.       0.62094            0.
        5910.       0.61178            0.
        5920.       0.60266            0.
        5930.       0.59354            0.
        5940.       0.58474            0.
        5950.        0.5747            0.
        5960.       0.56596            0.
        5970.       0.55608            0.
        5980.       0.54736            0.
        5990.       0.53726            0.
        6000.       0.52844            0.
        6010.       0.51848            0.
        6020.       0.50954            0.
        6030.        0.4994            0.
        6040.       0.49042            0.
        6050.       0.48014            0.
        6060.       0.47134            0.
        6070.        0.4612            0.
        6080.       0.45248            0.
        6090.        0.4423            0.
        6100.       0.43364            0.
        6110.       0.42348            0.
        6120.       0.41484            0.
        6130.        0.4051            0.
        6140.       0.39658            0.
        6150.        0.3867            0.
        6160.       0.37826            0.
        6170.       0.36884            0.
        6180.       0.36058            0.
        6190.       0.35114            0.
        6200.       0.34298            0.
        6210.        0.3337            0.
        6220.       0.32564            0.
        6230.        0.3167            0.
        6240.       0.30884            0.
        6250.       0.30014            0.
        6260.       0.29252            0.
        6270.       0.28394            0.
        6280.       0.27662            0.
        6290.       0.26834            0.
        6300.       0.26118            0.
        6310.       0.25324            0.
        6320.       0.24632            0.
        6330.       0.23852            0.
        6340.       0.23186            0.
        6350.       0.22426            0.
        6360.       0.21786            0.
        6370.       0.21058            0.
        6380.       0.20434            0.
        6390.       0.19738            0.
        6400.        0.1913            0.
        6410.       0.18444            0.
        6420.        0.1787            0.
        6430.       0.17232            0.
        6440.       0.16678            0.
        6450.       0.16074            0.
        6460.        0.1555            0.
        6470.       0.14976            0.
        6480.       0.14478            0.
        6490.        0.1393            0.
        6500.       0.13462            0.
        6510.       0.12956            0.
        6520.       0.12488            0.
        6530.        0.1202            0.
        6540.        0.1159            0.
        6550.        0.1112            0.
        6560.        0.1072            0.
        6570.       0.10282            0.
        6580.       0.09898            0.
        6590.       0.09478            0.
        6600.       0.09122            0.
        6610.        0.0873            0.
        6620.       0.08398            0.
        6630.        0.0803            0.
        6640.        0.0772            0.
        6650.       0.07376            0.
        6660.       0.07088            0.
        6670.        0.0677            0.
        6680.         0.065            0.
        6690.        0.0619            0.
        6700.       0.05942            0.
        6710.        0.0566            0.
        6720.       0.05422            0.
        6730.       0.05158            0.
        6740.       0.04942            0.
        6750.       0.04708            0.
        6760.       0.04492            0.
        6770.       0.04272            0.
        6780.        0.0408            0.
        6790.       0.03884            0.
        6800.       0.03696            0.
        6810.        0.0352            0.
        6820.        0.0335            0.
        6830.       0.03186            0.
        6840.       0.03022            0.
        6850.       0.02874            0.
        6910.       0.02409            0.
        6920.       0.02295            0.
        6930.        0.0217            0.
        6940.       0.02065            0.
        6950.       0.01953            0.
        6960.       0.01857            0.
        6970.       0.01755            0.
        6980.        0.0167            0.
        6990.       0.01575            0.
        7000.       0.01497            0.
        7010.       0.01413            0.
        7020.       0.01342            0.
        7030.       0.01264            0.
        7040.       0.01201            0.
        7050.       0.01132            0.
        7060.       0.01074            0.
        7070.       0.01012            0.
        7080.       0.00961            0.
        7090.       0.00905            0.
        7100.       0.00858            0.
        7110.       0.00808            0.
        7120.       0.00766            0.
        7130.        0.0072            0.
        7140.       0.00682            0.
        7150.       0.00642            0.
        7160.       0.00608            0.
        7170.       0.00571            0.
        7180.       0.00541            0.
        7190.       0.00508            0.
        7200.       0.00481            0.
        7210.       0.00452            0.
        7220.       0.00428            0.
        7230.       0.00402            0.
        7240.        0.0038            0.
        7250.       0.00357            0.
        7260.       0.00337            0.
        7270.       0.00317            0.
        7280.         0.003            0.
        7290.       0.00281            0.
        7300.       0.00266            0.
        7310.        0.0025            0.
        7320.       0.00236            0.
        7330.       0.00222            0.
        7340.        0.0021            0.
        7350.       0.00197            0.
        7360.       0.00186            0.
        7370.       0.00175            0.
        7380.       0.00165            0.
        7390.       0.00155            0.
        7400.       0.00146            0.
        7410.       0.00137            0.
        7420.        0.0013            0.
        7430.       0.00122            0.
        7440.       0.00115            0.
        7450.       0.00108            0.
        7460.       0.00102            0.
        7470.   9.600000E-4            0.
        7480.   9.100000E-4            0.
        7490.   8.500000E-4            0.
        7500.   8.000000E-4            0.
        7510.   7.500000E-4            0.
        7520.   7.100000E-4            0.
        7530.   6.700000E-4            0.
        7540.   6.300000E-4            0.
        7550.   5.900000E-4            0.
        7560.   5.600000E-4            0.
        7570.   5.300000E-4            0.
        7580.   5.000000E-4            0.
        7590.   4.700000E-4            0.
        7600.   4.500000E-4            0.
        7610.   4.200000E-4            0.
        7620.   4.000000E-4            0.
        7630.   3.800000E-4            0.
        7640.   3.500000E-4            0.
        7650.   3.300000E-4            0.
        7660.   3.200000E-4            0.
        7670.   3.000000E-4            0.
        7680.   2.800000E-4            0.
        7690.   2.700000E-4            0.
        7700.   2.500000E-4            0.
        7710.   2.400000E-4            0.
        7720.   2.200000E-4            0.
        7730.   2.100000E-4            0.
        7740.   2.000000E-4            0.
        7750.   1.900000E-4            0.
        7760.   1.800000E-4            0.
        7770.   1.700000E-4            0.
        7780.   1.600000E-4            0.
        7790.   1.500000E-4            0.
        7800.   1.400000E-4            0.
        7810.   1.400000E-4            0.
        7820.   1.300000E-4            0.
        7830.   1.200000E-4            0.
        7840.   1.200000E-4            0.
        7850.   1.100000E-4            0.
        7860.   1.100000E-4            0.
        7870.   1.000000E-4            0.
        7880.   1.000000E-4            0.
        7890.   9.000000E-5            0.
        7900.   9.000000E-5            0.
        7910.   8.000000E-5            0.
        7920.   8.000000E-5            0.
        7930.   7.000000E-5            0.
        7940.   7.000000E-5            0.
        7950.   7.000000E-5            0.
        7960.   6.000000E-5            0.
        7970.   6.000000E-5            0.
        7980.   6.000000E-5            0.
        7990.   6.000000E-5            0.
        8000.   6.000000E-5            0.
        8010.   7.000000E-5            0.
        8020.   7.000000E-5            0.
        8030.   6.000000E-5            0.
        8040.   5.000000E-5            0.
        8050.   4.000000E-5            0.
        8060.   4.000000E-5            0.
        8070.   5.000000E-5            0.
        8080.   4.000000E-5            0.
        8090.   4.000000E-5            0.
        8100.   4.000000E-5            0.
        8110.   4.000000E-5            0.
        8120.   4.000000E-5            0.
        8130.   3.000000E-5            0.
        8140.   4.000000E-5            0.
        8150.   2.000000E-5            0.
        8160.   3.000000E-5            0.
        8170.   3.000000E-5            0.
        8180.   3.000000E-5            0.
        8190.   3.000000E-5            0.
        8200.   2.000000E-5            0.
        8210.   3.000000E-5            0.
        8220.   3.000000E-5            0.
        8230.   4.000000E-5            0.
        8240.   2.000000E-5            0.
        8250.   3.000000E-5            0.
        8260.   3.000000E-5            0.
        8270.   2.000000E-5            0.
        8280.   2.000000E-5            0.
        8290.   2.000000E-5            0.
        8300.   2.000000E-5            0.
        8310.   2.000000E-5            0.
        8320.            0.            0.
        8330.   1.000000E-5            0.
        8340.   2.000000E-5            0.
        8350.   1.000000E-5            0.
        8360.   2.000000E-5            0.
        8370.   1.000000E-5            0.
        8380.   2.000000E-5            0.
        8390.   1.000000E-5            0.
        8400.   2.000000E-5            0.
        8410.   2.000000E-5            0.
        8420.   2.000000E-5            0.
        8430.   2.000000E-5            0.
        8440.   1.000000E-5            0.
        8450.   2.000000E-5            0.
        8460.   1.000000E-5            0.
        8470.            0.            0.
        8480.   1.000000E-5            0.
        8490.   2.000000E-5            0.
        8500.   1.000000E-5            0.
        8510.   1.000000E-5            0.
        8520.            0.            0.
        8530.            0.            0.
        8540.   1.000000E-5            0.
        8550.   2.000000E-5            0.
        8560.   1.000000E-5            0.
        8570.   2.000000E-5            0.
        8580.   1.000000E-5            0.
        8590.   1.000000E-5            0.
        8600.   2.000000E-5            0.
        8610.   1.000000E-5            0.
        8620.            0.            0.
        8630.   1.000000E-5            0.
        8640.            0.            0.
        8650.   1.000000E-5            0.
        8660.   2.000000E-5            0.
        8670.            0.            0.
        8680.            0.            0.
        8690.            0.            0.
        8700.   1.000000E-5            0.
        8710.   2.000000E-5            0.
        8720.   1.000000E-5            0.
        8730.   1.000000E-5            0.
        8740.            0.            0.
        8750.   1.000000E-5            0.
        8760.   1.000000E-5            0.
        8770.   1.000000E-5            0.
        8780.            0.            0.
        8790.   1.000000E-5            0.
        8800.   2.000000E-5            0.
        8810.   2.000000E-5            0.
        8820.            0.            0.
        8830.   1.000000E-5            0.
        8840.            0.            0.
        8850.   2.000000E-5            0.
        8860.   1.000000E-5            0.
        8870.   1.000000E-5            0.
        8880.   1.000000E-5            0.
        8890.            0.            0.
        8900.   1.000000E-5            0.
        8910.            0.            0.
        8920.   1.000000E-5            0.
        8930.            0.            0.
        8940.            0.            0.
        8950.   1.000000E-5            0.
        8960.   1.000000E-5            0.
        8970.            0.            0.
        8980.   1.000000E-5            0.
        8990.   1.000000E-5            0.
        9000.   1.000000E-5            0.
        9010.            0.            0.
        9020.            0.            0.
        9030.            0.            0.
        9040.   1.000000E-5            0.
        9050.   1.000000E-5            0.
        9060.   1.000000E-5            0.
        9070.   2.000000E-5            0.
        9080.   1.000000E-5            0.
        9090.   2.000000E-5            0.
        9100.   1.000000E-5            0.
        9110.   1.000000E-5            0.
        9120.   1.000000E-5            0.
        9130.            0.            0.
        9140.   2.000000E-5            0.
        9150.   1.000000E-5            0.
        9160.            0.            0.
        9170.   1.000000E-5            0.
        9180.   1.000000E-5            0.
        9190.   1.000000E-5            0.
        9200.   1.000000E-5            0.
        9210.            0.            0.
        9220.   2.000000E-5            0.
        9230.   1.000000E-5            0.
        9240.            0.            0.
        9250.   1.000000E-5            0.
        9260.   1.000000E-5            0.
        9270.   1.000000E-5            0.
        9280.            0.            0.
        9290.            0.            0.
        9300.            0.            0.
        9310.   1.000000E-5            0.
        9320.   1.000000E-5            0.
        9330.   1.000000E-5            0.
        9340.            0.            0.
        9350.            0.            0.
        9360.   1.000000E-5            0.
        9370.            0.            0.
        9380.   1.000000E-5            0.
        9390.   1.000000E-5            0.
        9400.   1.000000E-5            0.
        9410.   1.000000E-5            0.
        9420.   1.000000E-5            0.
        9430.   2.000000E-5            0.
        9440.   1.000000E-5            0.
        9450.   1.000000E-5            0.
        9460.   1.000000E-5            0.
        9470.   1.000000E-5            0.
        9480.   1.000000E-5            0.
        9490.   1.000000E-5            0.
        9500.   1.000000E-5            0.
        9510.            0.            0.
        9520.   1.000000E-5            0.
        9530.   1.000000E-5            0.
        9540.   2.000000E-5            0.
        9550.   1.000000E-5            0.
        9560.   1.000000E-5            0.
        9570.   1.000000E-5            0.
        9580.   2.000000E-5            0.
        9590.   1.000000E-5            0.
        9600.   1.000000E-5            0.
        9610.   1.000000E-5            0.
        9620.   2.000000E-5            0.
        9630.   2.000000E-5            0.
        9640.   1.000000E-5            0.
        9650.            0.            0.
        9660.   1.000000E-5            0.
        9670.   2.000000E-5            0.
        9680.   1.000000E-5            0.
        9690.   1.000000E-5            0.
        9700.   1.000000E-5            0.
        9710.   1.000000E-5            0.
        9720.            0.            0.
        9730.   2.000000E-5            0.
        9740.   2.000000E-5            0.
        9750.   2.000000E-5            0.
        9760.   1.000000E-5            0.
        9770.            0.            0.
        9780.   1.000000E-5            0.
        9790.   1.000000E-5            0.
        9800.   2.000000E-5            0.
        9810.   1.000000E-5            0.
        9820.   1.000000E-5            0.
        9830.   2.000000E-5            0.
        9840.   1.000000E-5            0.
        9850.   2.000000E-5            0.
        9860.   1.000000E-5            0.
        9870.   2.000000E-5            0.
        9880.            0.            0.
        9890.   2.000000E-5            0.
        9900.   1.000000E-5            0.
        9910.   1.000000E-5            0.
        9920.   1.000000E-5            0.
        9930.   2.000000E-5            0.
        9940.   3.000000E-5            0.
        9950.   2.000000E-5            0.
        9960.   2.000000E-5            0.
        9970.   2.000000E-5            0.
        9980.   2.000000E-5            0.
        9990.   2.000000E-5            0.
       10000.   2.000000E-5            0.
       10010.   2.000000E-5            0.
       10020.   3.000000E-5            0.
       10030.   2.000000E-5            0.
       10040.   3.000000E-5            0.
       10050.   2.000000E-5            0.
       10060.   2.000000E-5            0.
       10070.   2.000000E-5            0.
       10080.   3.000000E-5            0.
       10090.   3.000000E-5            0.
       10100.   3.000000E-5            0.
       10110.   3.000000E-5            0.
       10120.   3.000000E-5            0.
       10130.   2.000000E-5            0.
       10140.   4.000000E-5            0.
       10150.   3.000000E-5            0.
       10160.   3.000000E-5            0.
       10170.   3.000000E-5            0.
       10180.   3.000000E-5            0.
       10190.   3.000000E-5            0.
       10200.   3.000000E-5            0.
       10210.   3.000000E-5            0.
       10220.   4.000000E-5            0.
       10230.   4.000000E-5            0.
       10240.   4.000000E-5            0.
       10250.   3.000000E-5            0.
       10260.   3.000000E-5            0.
       10270.   4.000000E-5            0.
       10280.   3.000000E-5            0.
       10290.   4.000000E-5            0.
       10300.   4.000000E-5            0.
       10310.   5.000000E-5            0.
       10320.   4.000000E-5            0.
       10330.   4.000000E-5            0.
       10340.   4.000000E-5            0.
       10350.   3.000000E-5            0.
       10360.   5.000000E-5            0.
       10370.   5.000000E-5            0.
       10380.   6.000000E-5            0.
       10390.   5.000000E-5            0.
       10400.   6.000000E-5            0.
       10410.   5.000000E-5            0.
       10420.   5.000000E-5            0.
       10430.   5.000000E-5            0.
       10440.   5.000000E-5            0.
       10450.   5.000000E-5            0.
       10460.   6.000000E-5            0.
       10470.   6.000000E-5            0.
       10480.   6.000000E-5            0.
       10490.   6.000000E-5            0.
       10500.   5.000000E-5            0.
       10510.   6.000000E-5            0.
       10520.   6.000000E-5            0.
       10530.   7.000000E-5            0.
       10540.   6.000000E-5            0.
       10550.   6.000000E-5            0.
       10560.   6.000000E-5            0.
       10570.   7.000000E-5            0.
       10580.   6.000000E-5            0.
       10590.   7.000000E-5            0.
       10600.   8.000000E-5            0.
       10610.   7.000000E-5            0.
       10620.   7.000000E-5            0.
       10630.   8.000000E-5            0.
       10640.   8.000000E-5            0.
       10650.   9.000000E-5            0.
       10660.   8.000000E-5            0.
       10670.   8.000000E-5            0.
       10680.   8.000000E-5            0.
       10690.   9.000000E-5            0.
       10700.   8.000000E-5            0.
       10710.   9.000000E-5            0.
       10720.   1.000000E-4            0.
       10730.   1.000000E-4            0.
       10740.   1.100000E-4            0.
       10750.   9.000000E-5            0.
       10760.   1.000000E-4            0.
       10770.   1.100000E-4            0.
       10780.   1.100000E-4            0.
       10790.   1.100000E-4            0.
       10800.   1.100000E-4            0.
       10810.   1.100000E-4            0.
       10820.   1.200000E-4            0.
       10830.   1.200000E-4            0.
       10840.   1.300000E-4            0.
       10850.   1.300000E-4            0.
       10860.   1.200000E-4            0.
       10870.   1.200000E-4            0.
       10880.   1.300000E-4            0.
       10890.   1.200000E-4            0.
       10900.   1.300000E-4            0.
       10910.   1.400000E-4            0.
       10920.   1.400000E-4            0.
       10930.   1.400000E-4            0.
       10940.   1.500000E-4            0.
       10950.   1.500000E-4            0.
       10960.   1.400000E-4            0.
       10970.   1.500000E-4            0.
       10980.   1.600000E-4            0.
       10990.   1.500000E-4            0.
       11000.   1.500000E-4            0.
       13000.            0.            0.
