         100.            0.            0.
        1354.        0.1041            0.
        1487.        0.1127            0.
        1545.         0.135            0.
        1648.        0.1405            0.
        1750.        0.1521            0.
        1879.        0.1512            0.
        2000.        0.1423            0.
        2138.        0.1412            0.
        2296.        0.1402            0.
        2537.        0.1455            0.
        2700.        0.1323            0.
        2900.        0.1251            0.
        3100.        0.1101            0.
        4000.        0.1492            0.
        4200.        0.1429            0.
        4500.        0.1519            0.
        5000.        0.2227            0.
        5600.         0.326            0.
        6000.         0.368            0.
        6500.        0.3828            0.
        7000.        0.3784            0.
        7500.        0.3512            0.
        8000.        0.2939            0.
        8500.        0.2146            0.
        9000.        0.1303            0.
        9500.         0.064            0.
       10000.        0.0216            0.
       10500.        0.0034            0.
       11000.   7.000000E-4            0.
       13000.            0.            0.
