        6180.   1.434413E-7         6182.
        6184.   1.434413E-7         6186.
        6188.   1.434413E-7         6190.
        6192.   1.434413E-7         6194.
        6196.   1.434413E-7         6198.
        6200.   1.434413E-7         6202.
        6204.   1.434413E-7         6206.
        6208.   1.434413E-7         6210.
        6212.   1.434413E-7         6214.
        6216.   1.434413E-7         6218.
        6220.   1.434413E-7         6222.
        6224.   1.434413E-7         6226.
        6228.   1.434413E-7         6230.
        6232.   1.434413E-7         6234.
        6236.   1.434413E-7         6238.
        6240.   1.434413E-7         6242.
        6244.   1.434413E-7         6246.
        6248.   1.434413E-7         6250.
        6252.   9.572316E-5         6254.
        6256.   9.572316E-5         6258.
        6260.   3.825962E-4         6262.
        6264.   0.001051912         6266.
        6268.   0.002773284         6270.
        6272.   0.008128397         6274.
        6276.    0.02648886         6278.
        6280.     0.0872124         6282.
        6284.     0.2791367         6286.
        6288.     0.6576304         6290.
        6292.      0.828517         6294.
        6296.     0.8373147         6298.
        6300.     0.8511807         6302.
        6304.     0.8560576         6306.
        6308.     0.8546233         6310.
        6312.     0.8427653         6314.
        6316.     0.8157027         6318.
        6320.     0.7934216         6322.
        6324.     0.7336543         6326.
        6328.     0.4068951         6330.
        6332.     0.1077722         6334.
        6336.    0.02687146         6338.
        6340.   0.008223977         6342.
        6344.   0.002964577         6346.
        6348.   0.001147626         6350.
        6352.   4.781663E-4         6354.
        6356.   1.912933E-4         6358.
        6360.   9.572316E-5         6362.
        6364.   1.434413E-7         6366.
        6368.   1.434413E-7         6370.
        6372.   1.434413E-7         6374.
        6376.   1.434413E-7         6378.
        6380.   1.434413E-7         6382.
        6384.   1.434413E-7         6386.
        6388.   1.434413E-7         6390.
        6392.   1.434413E-7         6394.
        6396.   1.434413E-7         6398.
        6400.   1.434413E-7         6402.
        6404.   1.434413E-7         6406.
        6408.   1.434413E-7         6410.
        6412.   1.434413E-7         6414.
        6416.   1.434413E-7         6418.
        6420.   1.434413E-7         INDEF
