        1850.   6.590544E-4            0.
        1860.   8.003014E-6            0.
        1870.   3.077627E-5            0.
        1880.   2.222840E-4            0.
        1890.   3.312545E-4            0.
        1900.   1.950414E-4            0.
        1910.   6.578699E-5            0.
        1920.   4.986585E-5            0.
        1930.   9.146021E-6            0.
        1940.   4.308480E-5            0.
        1950.   4.294661E-7            0.
        1960.   7.194619E-5            0.
        1970.   2.463681E-6            0.
        1980.   4.759563E-7            0.
        1990.   1.811240E-6            0.
        2000.   4.098238E-7            0.
        2010.   6.484929E-6            0.
        2020.   2.545606E-5            0.
        2030.   1.364105E-6            0.
        2040.   1.373976E-6            0.
        2050.   1.133135E-5            0.
        2060.   7.530216E-6            0.
        2070.   5.657780E-7            0.
        2080.   2.468616E-6            0.
        2090.   1.652324E-6            0.
        2100.   1.849735E-5            0.
        2110.   5.363638E-7            0.
        2120.   2.586075E-6            0.
        2130.   7.057419E-7            0.
        2140.   1.050223E-6            0.
        2150.   2.557451E-6            0.
        2160.   4.015326E-6            0.
        2170.   7.249894E-7            0.
        2180.   4.056782E-7            0.
        2190.   8.258660E-7            0.
        2200.   3.602738E-6            0.
        2210.   3.746848E-7            0.
        2220.   1.356209E-6            0.
        2230.   4.608544E-6            0.
        2240.   3.163500E-7            0.
        2250.   1.191371E-6            0.
        2260.   1.591127E-6            0.
        2270.   3.121057E-7            0.
        2280.   6.103927E-7            0.
        2290.   1.413458E-6            0.
        2300.   3.418160E-6            0.
        2310.   5.287636E-6            0.
        2320.   8.702834E-6            0.
        2330.   3.564243E-6            0.
        2340.   4.253205E-7            0.
        2350.   3.121057E-7            0.
        2360.   8.684079E-7            0.
        2370.   3.121057E-7            0.
        2380.   7.581543E-7            0.
        2390.   1.494396E-6            0.
        2400.   2.539684E-6            0.
        2410.   6.745511E-7            0.
        2420.   3.420134E-7            0.
        2430.   3.925504E-7            0.
        2440.   3.365846E-6            0.
        2450.   4.215697E-7            0.
        2460.   3.121057E-7            0.
        2470.   3.121057E-7            0.
        2480.   3.121057E-7            0.
        2490.   4.625324E-7            0.
        2500.   4.780291E-7            0.
        2510.   1.681936E-6            0.
        2520.   1.140045E-6            0.
        2530.   3.121057E-7            0.
        2540.   1.374963E-6            0.
        2550.   4.637168E-7            0.
        2560.   3.613596E-7            0.
        2570.   3.121057E-7            0.
        2580.   3.121057E-7            0.
        2590.   1.029495E-6            0.
        2600.   1.865527E-6            0.
        2610.   3.466525E-6            0.
        2620.   1.589153E-6            0.
        2630.   4.446667E-7            0.
        2640.   3.121057E-7            0.
        2650.   1.707599E-6            0.
        2660.   8.821280E-7            0.
        2670.   5.131682E-7            0.
        2680.   1.597050E-6            0.
        2690.   5.166228E-6            0.
        2700.   8.287285E-7            0.
        2710.   4.003481E-7            0.
        2720.   9.471747E-7            0.
        2730.   1.720431E-6            0.
        2740.   1.798408E-6            0.
        2750.   1.894152E-6            0.
        2760.   3.121057E-7            0.
        2770.   6.643844E-7            0.
        2780.   6.263829E-7            0.
        2790.   7.820410E-7            0.
        2800.   1.074899E-6            0.
        2810.   3.121057E-7            0.
        2820.   2.845670E-6            0.
        2830.   2.727224E-6            0.
        2840.   4.789174E-6            0.
        2850.   6.976480E-7            0.
        2860.   5.981533E-7            0.
        2870.   3.121057E-7            0.
        2880.   1.272310E-6            0.
        2890.   2.529813E-6            0.
        2900.   3.121057E-7            0.
        2910.   1.732276E-6            0.
        2920.   7.117629E-7            0.
        2930.   7.934908E-7            0.
        2940.   3.121057E-7            0.
        2950.   3.121057E-7            0.
        2960.   4.254192E-7            0.
        2970.   6.907387E-7            0.
        2980.   5.631129E-6            0.
        2990.   2.578179E-6            0.
        3000.   1.146954E-6            0.
        3010.   3.337221E-7            0.
        3020.   6.183878E-7            0.
        3030.   5.536372E-7            0.
        3040.   1.144980E-6            0.
        3050.   3.121057E-7            0.
        3060.   5.232361E-7            0.
        3070.   3.104277E-6            0.
        3080.   3.717236E-7            0.
        3090.   1.052197E-6            0.
        3100.   2.876268E-6            0.
        3110.   1.514137E-6            0.
        3120.   6.820526E-6            0.
        3130.   4.346975E-6            0.
        3140.   3.262205E-7            0.
        3150.   1.552632E-6            0.
        3160.   3.398418E-7            0.
        3170.   1.285141E-6            0.
        3180.   3.128953E-6            0.
        3190.   5.097135E-7            0.
        3200.   3.930440E-6            0.
        3210.   8.971312E-7            0.
        3220.   1.131161E-6            0.
        3230.   5.010274E-7            0.
        3240.   1.134122E-6            0.
        3250.   3.121057E-7            0.
        3260.   1.566451E-6            0.
        3270.   1.244672E-6            0.
        3280.   1.905010E-6            0.
        3290.   3.121057E-7            0.
        3300.   3.121057E-7            0.
        3310.   4.312428E-7            0.
        3320.   1.182488E-6            0.
        3330.   1.291064E-6            0.
        3340.   5.496890E-7            0.
        3350.   5.361664E-6            0.
        3360.   4.379548E-7            0.
        3370.   7.174878E-7            0.
        3380.   3.373742E-7            0.
        3390.   2.012598E-6            0.
        3400.   4.141669E-6            0.
        3410.   3.121057E-7            0.
        3420.   1.043314E-6            0.
        3430.   3.810019E-6            0.
        3440.   8.811409E-6            0.
        3450.   7.820410E-7            0.
        3460.   3.624453E-7            0.
        3470.   7.624973E-6            0.
        3480.   1.905997E-6            0.
        3490.   7.112694E-7            0.
        3500.   1.757939E-6            0.
        3510.   3.647156E-7            0.
        3520.   4.887880E-6            0.
        3530.   4.442719E-6            0.
        3540.   5.609414E-7            0.
        3550.   3.139811E-6            0.
        3560.   3.852462E-7            0.
        3570.   1.208151E-6            0.
        3580.   3.121057E-7            0.
        3590.   3.121057E-7            0.
        3600.   1.109446E-6            0.
        3610.   3.984727E-7            0.
        3620.   3.121057E-7            0.
        3630.   4.136733E-6            0.
        3640.   7.559828E-7            0.
        3650.   1.419380E-6            0.
        3660.   1.301921E-6            0.
        3670.   3.121057E-7            0.
        3680.   3.121057E-7            0.
        3690.   1.117342E-6            0.
        3700.   2.700573E-6            0.
        3710.   4.065666E-7            0.
        3720.   4.696391E-6            0.
        3730.   1.420367E-6            0.
        3740.   3.121057E-7            0.
        3750.   3.643208E-7            0.
        3760.   3.121057E-7            0.
        3770.   1.025547E-6            0.
        3780.   9.016716E-7            0.
        3790.   4.701326E-7            0.
        3800.   8.724549E-7            0.
        3810.   8.003014E-7            0.
        3820.   1.219996E-6            0.
        3830.   6.642857E-7            0.
        3840.   1.594088E-6            0.
        3850.   3.121057E-7            0.
        3860.   9.939610E-7            0.
        3870.   1.384833E-6            0.
        3880.   1.365092E-6            0.
        3890.   1.081809E-6            0.
        3900.   2.584101E-6            0.
        3910.   8.060263E-7            0.
        3920.   1.513150E-6            0.
        3930.   1.458862E-6            0.
        3940.   3.129940E-6            0.
        3950.   1.160773E-6            0.
        3960.   1.579283E-6            0.
        3970.   1.072925E-6            0.
        3980.   4.371652E-6            0.
        3990.   3.506994E-6            0.
        4000.   1.465772E-6            0.
        4010.   4.533528E-6            0.
        4020.   5.628168E-6            0.
        4030.   4.066652E-6            0.
        4040.   4.008416E-6            0.
        4050.   3.177319E-6            0.
        4060.   3.469486E-6            0.
        4070.   4.181151E-6            0.
        4080.   4.002494E-6            0.
        4090.   2.326481E-6            0.
        4100.   3.491202E-6            0.
        4110.   2.567321E-6            0.
        4120.   5.151422E-6            0.
        4130.   4.570049E-6            0.
        4140.   3.416186E-6            0.
        4150.   5.638039E-6            0.
        4160.   4.040989E-6            0.
        4170.   3.781395E-6            0.
        4180.   3.837656E-6            0.
        4190.   3.265167E-6            0.
        4200.   3.516865E-6            0.
        4210.   4.220632E-6            0.
        4220.   3.263193E-6            0.
        4230.   1.305869E-6            0.
        4240.   2.439004E-6            0.
        4250.   2.612725E-6            0.
        4260.   9.049289E-7            0.
        4270.   3.121057E-7            0.
        4280.   3.121057E-7            0.
        4290.   3.121057E-7            0.
        4300.   3.121057E-7            0.
        4310.   3.121057E-7            0.
        4320.   3.121057E-7            0.
        4330.   3.121057E-7            0.
        4340.   3.121057E-7            0.
        4350.   3.121057E-7            0.
        4360.   3.121057E-7            0.
        4370.   3.121057E-7            0.
        4380.   3.121057E-7            0.
        4390.   3.403354E-6            0.
        4400.   3.201008E-5            0.
        4410.   4.586829E-5            0.
        4420.   6.723796E-5            0.
        4430.   7.019911E-5            0.
        4440.   6.067406E-5            0.
        4450.   5.325144E-5            0.
        4460.   2.998663E-5            0.
        4470.   1.609881E-5            0.
        4480.   9.668170E-6            0.
        4490.   6.349703E-6            0.
        4500.   4.951051E-6            0.
        4510.   4.429887E-6            0.
        4520.   4.206814E-6            0.
        4530.   3.389535E-6            0.
        4540.   5.003365E-6            0.
        4550.   5.911452E-6            0.
        4560.   7.080121E-6            0.
        4570.   7.509489E-6            0.
        4580.   5.549204E-6            0.
        4590.   2.999650E-6            0.
        4600.   1.826045E-6            0.
        4610.   2.541658E-6            0.
        4620.   1.070951E-6            0.
        4630.   1.649363E-6            0.
        4640.   1.178540E-6            0.
        4650.   2.271206E-6            0.
        4660.   2.411367E-6            0.
        4670.   1.277245E-6            0.
        4680.   1.374963E-6            0.
        4690.   6.135513E-7            0.
        4700.   9.007833E-7            0.
        4710.   4.041976E-7            0.
        4720.   4.908607E-7            0.
        4730.   6.938973E-7            0.
        4740.   5.635077E-7            0.
        4750.   5.570919E-7            0.
        4760.   3.964986E-7            0.
        4770.   3.121057E-7            0.
        4780.   8.688028E-7            0.
        4790.   6.874815E-7            0.
        4800.   5.540321E-7            0.
        4810.   1.078848E-6            0.
        4820.   7.381172E-7            0.
        4830.   3.755732E-7            0.
        4840.   3.121057E-7            0.
        4850.   3.169423E-7            0.
        4860.   3.605699E-7            0.
        4870.   3.121057E-7            0.
        4880.   3.121057E-7            0.
        4890.   3.121057E-7            0.
        4900.   3.364859E-7            0.
        4910.   3.899841E-7            0.
        4920.   3.266154E-7            0.
        4930.   9.382912E-7            0.
        4940.   1.040352E-6            0.
        4950.   3.121057E-7            0.
        4960.   3.121057E-7            0.
        4970.   3.121057E-7            0.
        4980.   3.121057E-7            0.
        4990.   3.615570E-7            0.
        5000.   5.845320E-7            0.
        5010.   7.362418E-7            0.
        5020.   3.121057E-7            0.
        5030.   3.121057E-7            0.
        5040.   3.121057E-7            0.
        5050.   3.121057E-7            0.
        5060.   3.121057E-7            0.
        5070.   3.995585E-7            0.
        5080.   4.610518E-7            0.
        5090.   3.121057E-7            0.
        5100.   3.536606E-7            0.
        5110.   4.978688E-7            0.
        5120.   4.583868E-7            0.
        5130.   3.314519E-7            0.
        5140.   3.121057E-7            0.
        5150.   3.121057E-7            0.
        5160.   3.121057E-7            0.
        5170.   3.121057E-7            0.
        5180.   4.830630E-7            0.
        5190.   3.215814E-7            0.
        5200.   3.121057E-7            0.
        5210.   4.656910E-7            0.
        5220.   4.780291E-7            0.
        5230.   3.121057E-7            0.
        5240.   4.110083E-7            0.
        5250.   3.322416E-7            0.
        5260.   3.121057E-7            0.
        5270.   1.052197E-6            0.
        5280.   9.076927E-7            0.
        5290.   3.643208E-7            0.
        5300.   3.121057E-7            0.
        5310.   9.670143E-7            0.
        5320.   3.121057E-7            0.
        5330.   3.121057E-7            0.
        5340.   3.121057E-7            0.
        5350.   4.411134E-7            0.
        5360.   7.809552E-7            0.
        5370.   3.121057E-7            0.
        5380.   3.121057E-7            0.
        5390.   4.212736E-7            0.
        5400.   3.121057E-7            0.
        5410.   5.349820E-7            0.
        5420.   5.161293E-7            0.
        5430.   3.121057E-7            0.
        5440.   3.121057E-7            0.
        5450.   3.144746E-7            0.
        5460.   3.531671E-7            0.
        5470.   3.121057E-7            0.
        5480.   3.121057E-7            0.
        5490.   3.121057E-7            0.
        5500.   6.122681E-7            0.
        5510.   7.075186E-7            0.
        5520.   3.121057E-7            0.
        5530.   3.121057E-7            0.
        5540.   3.751783E-7            0.
        5550.   9.471747E-7            0.
        5560.   9.402653E-7            0.
        5570.   9.190437E-7            0.
        5580.   9.863608E-7            0.
        5590.   1.181501E-6            0.
        5600.   3.198047E-6            0.
        5610.   5.473201E-6            0.
        5620.   6.160189E-6            0.
        5630.   7.024847E-6            0.
        5640.   8.420538E-6            0.
        5650.   1.070951E-5            0.
        5660.   1.124252E-5            0.
        5670.   1.034430E-5            0.
        5680.   1.049236E-5            0.
        5690.   7.798694E-6            0.
        5700.   7.453227E-6            0.
        5710.   6.129590E-6            0.
        5720.   5.193865E-6            0.
        5730.   4.879983E-6            0.
        5740.   7.089992E-6            0.
        5750.   5.971662E-6            0.
        5760.   5.447538E-6            0.
        5770.   5.995351E-6            0.
        5780.   7.105784E-6            0.
        5790.   6.734653E-6            0.
        5800.   7.102823E-6            0.
        5810.   7.989195E-6            0.
        5820.   1.018637E-5            0.
        5830.   1.144980E-5            0.
        5840.   1.495383E-5            0.
        5850.   2.229749E-5            0.
        5860.   3.838644E-5            0.
        5870.   8.056315E-5            0.
        5880.   1.562503E-4            0.
        5890.   3.388548E-4            0.
        5900.   6.483942E-4            0.
        5910.   0.001290077            0.
        5920.   0.002275154            0.
        5930.   0.004185099            0.
        5940.   0.006659637            0.
        5942.   0.005659754            0.
        5944.   0.006270739            0.
        5946.   0.006863956            0.
        5948.    0.00769308            0.
        5950.   0.008500488            0.
        5952.   0.009332573            0.
        5954.    0.01025547            0.
        5956.    0.01124252            0.
        5958.    0.01246646            0.
        5960.    0.01360157            0.
        5962.    0.01494396            0.
        5964.    0.01628635            0.
        5966.    0.01772745            0.
        5968.    0.01933634            0.
        5970.    0.02089588            0.
        5972.     0.0226627            0.
        5974.    0.02464668            0.
        5976.    0.02662078            0.
        5978.    0.02884165            0.
        5980.    0.03104277            0.
        5982.    0.03347092            0.
        5984.    0.03597803            0.
        5986.    0.03854436            0.
        5988.    0.04130811            0.
        5990.      0.044289            0.
        5992.    0.04744757            0.
        5994.    0.05050743            0.
        5996.    0.05360677            0.
        5998.    0.05719964            0.
        6000.    0.06074315            0.
        6002.    0.06468149            0.
        6004.    0.06860008            0.
        6006.    0.07271609            0.
        6008.    0.07690118            0.
        6010.    0.08124422            0.
        6012.    0.08587348            0.
        6014.    0.09049288            0.
        6016.     0.0955466            0.
        6018.     0.1005805            0.
        6020.     0.1058119            0.
        6022.     0.1114382            0.
        6024.      0.117163            0.
        6026.     0.1229867            0.
        6028.     0.1291063            0.
        6030.     0.1356208            0.
        6032.     0.1423328            0.
        6034.     0.1488474            0.
        6036.     0.1556581            0.
        6038.     0.1624687            0.
        6040.     0.1701677            0.
        6042.     0.1773731            0.
        6044.     0.1851709            0.
        6046.     0.1925738            0.
        6048.     0.2004702            0.
        6050.     0.2084653            0.
        6052.     0.2160656            0.
        6054.     0.2247516            0.
        6056.     0.2326481            0.
        6058.     0.2408406            0.
        6060.     0.2488357            0.
        6062.     0.2571269            0.
        6064.     0.2653195            0.
        6066.      0.273512            0.
        6068.     0.2817045            0.
        6070.     0.2898971            0.
        6072.     0.2977934            0.
        6074.     0.3058873            0.
        6076.     0.3143759            0.
        6078.     0.3216801            0.
        6080.     0.3295766            0.
        6082.     0.3374729            0.
        6084.      0.346159            0.
        6086.      0.353858            0.
        6088.     0.3623466            0.
        6090.     0.3698483            0.
        6092.      0.377646            0.
        6094.     0.3864307            0.
        6096.     0.3936361            0.
        6098.     0.4016313            0.
        6100.      0.409429            0.
        6102.     0.4179176            0.
        6104.     0.4253205            0.
        6106.     0.4340066            0.
        6108.     0.4417056            0.
        6110.     0.4495033            0.
        6112.     0.4567087            0.
        6114.     0.4644078            0.
        6116.      0.472699            0.
        6118.     0.4803981            0.
        6120.     0.4867151            0.
        6122.     0.4937232            0.
        6124.     0.5005339            0.
        6126.     0.5075419            0.
        6128.     0.5147473            0.
        6130.     0.5209659            0.
        6132.     0.5268881            0.
        6134.     0.5331065            0.
        6136.     0.5390289            0.
        6138.     0.5441615            0.
        6140.     0.5512684            0.
        6142.     0.5565984            0.
        6144.     0.5622245            0.
        6146.     0.5675547            0.
        6148.      0.572786            0.
        6150.     0.5776226            0.
        6152.     0.5834462            0.
        6154.     0.5877892            0.
        6156.     0.5931193            0.
        6158.     0.5978572            0.
        6160.     0.6023976            0.
        6162.     0.6080238            0.
        6164.     0.6120707            0.
        6166.     0.6173021            0.
        6168.     0.6215463            0.
        6170.     0.6248037            0.
        6172.     0.6306273            0.
        6174.     0.6362534            0.
        6176.     0.6381289            0.
        6178.     0.6502695            0.
        6180.     0.6511579            0.
        6182.     0.6534282            0.
        6184.     0.6587583            0.
        6186.     0.6639896            0.
        6188.     0.6689249            0.
        6190.     0.6727743            0.
        6192.     0.6786967            0.
        6194.     0.6830397            0.
        6196.     0.6877776            0.
        6198.     0.6929103            0.
        6200.      0.696661            0.
        6202.     0.7004117            0.
        6204.     0.7053471            0.
        6206.     0.7089991            0.
        6208.     0.7132434            0.
        6210.     0.7184749            0.
        6212.     0.7211399            0.
        6214.     0.7255816            0.
        6216.      0.730813            0.
        6218.     0.7335767            0.
        6220.     0.7370314            0.
        6222.     0.7414732            0.
        6224.     0.7450266            0.
        6226.      0.748876            0.
        6228.     0.7520345            0.
        6230.     0.7564763            0.
        6232.     0.7588453            0.
        6234.     0.7608194            0.
        6236.     0.7648664            0.
        6238.     0.7685184            0.
        6240.     0.7721704            0.
        6242.     0.7756251            0.
        6244.     0.7797707            0.
        6246.     0.7828307            0.
        6248.     0.7854957            0.
        6250.     0.7891477            0.
        6252.     0.7918128            0.
        6254.      0.795761            0.
        6256.     0.7987222            0.
        6258.     0.8020781            0.
        6260.     0.8053355            0.
        6262.     0.8091849            0.
        6264.     0.8124421            0.
        6266.     0.8146137            0.
        6268.     0.8178709            0.
        6270.     0.8214243            0.
        6272.     0.8255699            0.
        6274.     0.8288272            0.
        6276.     0.8313936            0.
        6278.     0.8340586            0.
        6280.     0.8380067            0.
        6282.     0.8401783            0.
        6284.     0.8432382            0.
        6286.      0.846989            0.
        6288.     0.8501475            0.
        6290.     0.8519242            0.
        6292.     0.8544906            0.
        6294.     0.8575504            0.
        6296.     0.8588336            0.
        6298.     0.8613999            0.
        6300.     0.8646572            0.
        6302.      0.866039            0.
        6304.     0.8679144            0.
        6306.     0.8699872            0.
        6308.     0.8723562            0.
        6310.     0.8748239            0.
        6312.     0.8767979            0.
        6314.     0.8790682            0.
        6316.     0.8807462            0.
        6318.     0.8818318            0.
        6320.     0.8851878            0.
        6322.     0.8849904            0.
        6324.     0.8868659            0.
        6326.     0.8884451            0.
        6328.      0.890123            0.
        6330.     0.8919985            0.
        6332.     0.8933803            0.
        6334.     0.8938739            0.
        6336.     0.8949597            0.
        6338.     0.8956506            0.
        6340.     0.8956506            0.
        6342.     0.8971312            0.
        6344.     0.8973287            0.
        6346.     0.8994015            0.
        6348.     0.8997962            0.
        6350.     0.9001911            0.
        6352.     0.9018691            0.
        6354.     0.9032509            0.
        6356.     0.9011781            0.
        6358.     0.9021651            0.
        6360.     0.9039419            0.
        6362.     0.9028561            0.
        6364.     0.9032509            0.
        6366.      0.904929            0.
        6368.     0.9032509            0.
        6370.     0.9043366            0.
        6372.     0.9057185            0.
        6374.     0.9062121            0.
        6376.     0.9062121            0.
        6378.     0.9040406            0.
        6380.     0.9040406            0.
        6382.     0.9044353            0.
        6384.     0.9050276            0.
        6386.     0.9060147            0.
        6388.     0.9045342            0.
        6390.      0.904238            0.
        6392.     0.9050276            0.
        6394.     0.9051263            0.
        6396.     0.9058172            0.
        6398.      0.905225            0.
        6400.     0.9043366            0.
        6402.     0.9048302            0.
        6404.     0.9050276            0.
        6406.     0.9048302            0.
        6408.      0.903547            0.
        6410.     0.9045342            0.
        6412.     0.9043366            0.
        6414.     0.9043366            0.
        6416.     0.9045342            0.
        6418.     0.9031522            0.
        6420.     0.9034484            0.
        6422.     0.9023625            0.
        6424.     0.9030535            0.
        6426.     0.9016716            0.
        6428.     0.9018691            0.
        6430.     0.9019678            0.
        6432.     0.9003884            0.
        6434.     0.9005859            0.
        6436.     0.8993027            0.
        6438.      0.899895            0.
        6440.      0.899895            0.
        6442.     0.8996975            0.
        6444.     0.8999937            0.
        6446.     0.9004872            0.
        6448.     0.8996975            0.
        6450.     0.8997962            0.
        6452.     0.8988091            0.
        6454.     0.8979209            0.
        6456.     0.8988091            0.
        6458.     0.8981183            0.
        6460.     0.8978222            0.
        6462.     0.8971312            0.
        6464.     0.8981183            0.
        6466.     0.8984144            0.
        6468.      0.899204            0.
        6470.     0.8987105            0.
        6472.     0.8988091            0.
        6474.      0.900882            0.
        6476.     0.8996975            0.
        6478.     0.9009807            0.
        6480.     0.9024614            0.
        6482.     0.9023625            0.
        6484.     0.9033496            0.
        6486.     0.9036457            0.
        6488.     0.9032509            0.
        6490.     0.9043366            0.
        6492.     0.9043366            0.
        6494.     0.9044353            0.
        6496.     0.9063108            0.
        6498.      0.906903            0.
        6500.      0.906903            0.
        6502.      0.906903            0.
        6504.     0.9085809            0.
        6506.     0.9086798            0.
        6508.     0.9100616            0.
        6510.      0.911246            0.
        6512.     0.9106537            0.
        6514.     0.9108512            0.
        6516.      0.911246            0.
        6518.     0.9120356            0.
        6520.     0.9130228            0.
        6522.     0.9121344            0.
        6524.     0.9133188            0.
        6526.     0.9124305            0.
        6528.     0.9122332            0.
        6530.     0.9121344            0.
        6532.     0.9141085            0.
        6534.     0.9150956            0.
        6536.     0.9156877            0.
        6538.     0.9162801            0.
        6540.     0.9182541            0.
        6542.     0.9181554            0.
        6544.     0.9176619            0.
        6546.     0.9181554            0.
        6548.     0.9189451            0.
        6550.     0.9197347            0.
        6552.     0.9201295            0.
        6554.     0.9208205            0.
        6556.     0.9211165            0.
        6558.     0.9223009            0.
        6560.     0.9223997            0.
        6562.      0.923288            0.
        6564.     0.9240777            0.
        6566.     0.9259531            0.
        6568.     0.9265454            0.
        6570.      0.928322            0.
        6572.     0.9285194            0.
        6574.     0.9296052            0.
        6576.     0.9314806            0.
        6578.     0.9321716            0.
        6580.     0.9335534            0.
        6582.     0.9338495            0.
        6584.     0.9347379            0.
        6586.     0.9353301            0.
        6588.     0.9375016            0.
        6590.     0.9381925            0.
        6592.     0.9401666            0.
        6594.     0.9414498            0.
        6596.     0.9432265            0.
        6598.     0.9442135            0.
        6600.     0.9441148            0.
        6602.     0.9457928            0.
        6604.     0.9475695            0.
        6606.     0.9493461            0.
        6608.     0.9490501            0.
        6610.     0.9501359            0.
        6612.     0.9511229            0.
        6614.     0.9521101            0.
        6616.     0.9533931            0.
        6618.     0.9543801            0.
        6620.     0.9545776            0.
        6622.     0.9554659            0.
        6624.     0.9559594            0.
        6626.     0.9571439            0.
        6628.     0.9571439            0.
        6630.     0.9571439            0.
        6632.     0.9572427            0.
        6634.     0.9584271            0.
        6636.     0.9603025            0.
        6638.     0.9599077            0.
        6640.     0.9597102            0.
        6642.     0.9595128            0.
        6644.     0.9602038            0.
        6646.     0.9610921            0.
        6648.     0.9603025            0.
        6650.     0.9627702            0.
        6652.     0.9628688            0.
        6654.     0.9631649            0.
        6656.     0.9638559            0.
        6658.     0.9644482            0.
        6660.     0.9643494            0.
        6662.     0.9654352            0.
        6664.     0.9643494            0.
        6666.     0.9665209            0.
        6668.     0.9670145            0.
        6670.     0.9663236            0.
        6672.     0.9666196            0.
        6674.     0.9674093            0.
        6676.     0.9672118            0.
        6678.     0.9672118            0.
        6680.      0.968495            0.
        6682.     0.9683964            0.
        6684.     0.9687911            0.
        6686.     0.9695808            0.
        6688.     0.9700744            0.
        6690.     0.9702717            0.
        6692.     0.9710613            0.
        6694.     0.9707652            0.
        6696.     0.9708639            0.
        6698.     0.9724433            0.
        6700.     0.9714562            0.
        6702.     0.9709627            0.
        6704.     0.9712588            0.
        6706.     0.9719498            0.
        6708.     0.9722458            0.
        6710.     0.9714562            0.
        6712.     0.9723445            0.
        6714.     0.9718509            0.
        6716.     0.9705678            0.
        6718.     0.9718509            0.
        6720.      0.970173            0.
        6722.     0.9707652            0.
        6724.     0.9725419            0.
        6726.     0.9722458            0.
        6728.     0.9710613            0.
        6730.     0.9714562            0.
        6732.     0.9709627            0.
        6734.     0.9719498            0.
        6736.     0.9719498            0.
        6738.     0.9709627            0.
        6740.     0.9706665            0.
        6742.     0.9711601            0.
        6744.     0.9718509            0.
        6746.     0.9709627            0.
        6748.     0.9711601            0.
        6750.     0.9698768            0.
        6752.     0.9702717            0.
        6754.     0.9703705            0.
        6756.     0.9708639            0.
        6758.     0.9705678            0.
        6760.     0.9715549            0.
        6762.     0.9708639            0.
        6764.     0.9714562            0.
        6766.     0.9722458            0.
        6768.     0.9710613            0.
        6770.     0.9717523            0.
        6772.     0.9715549            0.
        6774.     0.9710613            0.
        6776.     0.9724433            0.
        6778.     0.9722458            0.
        6780.     0.9727393            0.
        6782.     0.9726407            0.
        6784.     0.9723445            0.
        6786.     0.9727393            0.
        6788.     0.9718509            0.
        6790.     0.9703705            0.
        6792.     0.9722458            0.
        6794.     0.9716536            0.
        6796.      0.972838            0.
        6798.     0.9705678            0.
        6800.     0.9707652            0.
        6802.     0.9703705            0.
        6804.     0.9702717            0.
        6806.     0.9698768            0.
        6808.     0.9709627            0.
        6810.     0.9704692            0.
        6812.     0.9707652            0.
        6814.     0.9702717            0.
        6816.     0.9697782            0.
        6818.     0.9707652            0.
        6820.     0.9696795            0.
        6822.     0.9690873            0.
        6824.     0.9681989            0.
        6826.     0.9682976            0.
        6828.     0.9688898            0.
        6830.     0.9683964            0.
        6832.      0.967804            0.
        6834.     0.9696795            0.
        6836.     0.9687911            0.
        6838.     0.9696795            0.
        6840.     0.9686924            0.
        6842.     0.9699756            0.
        6844.     0.9706665            0.
        6846.     0.9706665            0.
        6848.     0.9704692            0.
        6850.     0.9688898            0.
        6852.     0.9699756            0.
        6854.     0.9699756            0.
        6856.     0.9697782            0.
        6858.     0.9707652            0.
        6860.     0.9708639            0.
        6862.     0.9698768            0.
        6864.     0.9708639            0.
        6866.     0.9698768            0.
        6868.     0.9720484            0.
        6870.     0.9706665            0.
        6872.     0.9714562            0.
        6874.     0.9697782            0.
        6876.     0.9700744            0.
        6878.     0.9718509            0.
        6880.     0.9700744            0.
        6882.     0.9698768            0.
        6884.     0.9695808            0.
        6886.     0.9687911            0.
        6888.     0.9693834            0.
        6890.     0.9698768            0.
        6892.      0.967508            0.
        6894.     0.9680015            0.
        6896.     0.9685937            0.
        6898.     0.9671131            0.
        6900.     0.9667183            0.
        6902.     0.9671131            0.
        6904.     0.9672118            0.
        6906.     0.9670145            0.
        6908.     0.9674093            0.
        6910.     0.9669158            0.
        6912.     0.9672118            0.
        6914.     0.9639546            0.
        6916.     0.9654352            0.
        6918.     0.9645468            0.
        6920.     0.9645468            0.
        6922.     0.9638559            0.
        6924.     0.9629676            0.
        6926.     0.9645468            0.
        6928.     0.9629676            0.
        6930.      0.962474            0.
        6932.     0.9615856            0.
        6934.     0.9601051            0.
        6936.     0.9593155            0.
        6938.     0.9602038            0.
        6940.     0.9586246            0.
        6942.     0.9594142            0.
        6944.     0.9586246            0.
        6946.     0.9580323            0.
        6948.     0.9566504            0.
        6950.     0.9564529            0.
        6952.     0.9567491            0.
        6954.     0.9535905            0.
        6956.     0.9536893            0.
        6958.     0.9529983            0.
        6960.     0.9505307            0.
        6962.     0.9490501            0.
        6964.     0.9482604            0.
        6966.     0.9468786            0.
        6968.     0.9450033            0.
        6970.     0.9432265            0.
        6972.     0.9429304            0.
        6974.     0.9405614            0.
        6976.     0.9388835            0.
        6978.     0.9376003            0.
        6980.     0.9373042            0.
        6982.     0.9361198            0.
        6984.     0.9332573            0.
        6986.     0.9320728            0.
        6988.     0.9311845            0.
        6990.     0.9313818            0.
        6992.     0.9280259            0.
        6994.      0.925657            0.
        6996.      0.925657            0.
        6998.     0.9254596            0.
        7000.     0.9227945            0.
        7002.     0.9210178            0.
        7004.     0.9190437            0.
        7006.     0.9174644            0.
        7008.     0.9172671            0.
        7010.     0.9161813            0.
        7012.     0.9149967            0.
        7014.     0.9142072            0.
        7016.     0.9149967            0.
        7018.     0.9134175            0.
        7020.     0.9117396            0.
        7022.     0.9124305            0.
        7024.     0.9113447            0.
        7026.     0.9108512            0.
        7028.     0.9083836            0.
        7030.     0.9089758            0.
        7032.       0.90789            0.
        7034.     0.9083836            0.
        7036.     0.9071991            0.
        7038.     0.9058172            0.
        7040.     0.9068043            0.
        7042.      0.905916            0.
        7044.     0.9047315            0.
        7046.     0.9039419            0.
        7048.     0.9028561            0.
        7050.     0.9002897            0.
        7052.     0.8993027            0.
        7054.     0.8971312            0.
        7056.     0.8959467            0.
        7058.     0.8931831            0.
        7060.     0.8907154            0.
        7062.     0.8893335            0.
        7064.     0.8872606            0.
        7066.     0.8843982            0.
        7068.     0.8814371            0.
        7070.     0.8768966            0.
        7072.     0.8752186            0.
        7074.     0.8731458            0.
        7076.     0.8709743            0.
        7078.     0.8662365            0.
        7080.     0.8631766            0.
        7082.     0.8594259            0.
        7084.     0.8557736            0.
        7086.     0.8535035            0.
        7088.     0.8495553            0.
        7090.     0.8452123            0.
        7092.     0.8425472            0.
        7094.     0.8408692            0.
        7096.     0.8380067            0.
        7098.     0.8364275            0.
        7100.     0.8330716            0.
        7102.     0.8312948            0.
        7104.     0.8296168            0.
        7106.     0.8277414            0.
        7108.     0.8259647            0.
        7110.     0.8255699            0.
        7112.     0.8233985            0.
        7114.     0.8226088            0.
        7116.     0.8218192            0.
        7118.      0.822214            0.
        7120.      0.822214            0.
        7122.     0.8229049            0.
        7124.     0.8228062            0.
        7126.     0.8240894            0.
        7128.     0.8236946            0.
        7130.     0.8249777            0.
        7132.     0.8270505            0.
        7134.     0.8283337            0.
        7136.     0.8307026            0.
        7138.     0.8306039            0.
        7140.     0.8320845            0.
        7142.     0.8331702            0.
        7144.     0.8351444            0.
        7146.     0.8381055            0.
        7148.     0.8397835            0.
        7150.     0.8394874            0.
        7152.     0.8420537            0.
        7154.     0.8445213            0.
        7156.     0.8456072            0.
        7158.     0.8452123            0.
        7160.      0.846298            0.
        7162.     0.8481734            0.
        7164.     0.8492592            0.
        7166.     0.8482721            0.
        7168.     0.8475811            0.
        7170.      0.847976            0.
        7172.     0.8472851            0.
        7174.     0.8477786            0.
        7176.     0.8482721            0.
        7178.     0.8484696            0.
        7180.     0.8471863            0.
        7182.     0.8451135            0.
        7184.     0.8454096            0.
        7186.     0.8433369            0.
        7188.     0.8439291            0.
        7190.     0.8427447            0.
        7192.     0.8421525            0.
        7194.     0.8414615            0.
        7196.     0.8413628            0.
        7198.     0.8393885            0.
        7200.       0.83929            0.
        7202.     0.8393885            0.
        7204.     0.8388951            0.
        7206.     0.8390926            0.
        7208.     0.8385003            0.
        7210.     0.8388951            0.
        7212.     0.8388951            0.
        7214.     0.8395861            0.
        7216.     0.8396848            0.
        7218.     0.8439291            0.
        7220.     0.8459032            0.
        7222.     0.8444226            0.
        7224.     0.8472851            0.
        7226.     0.8468903            0.
        7228.     0.8497528            0.
        7230.     0.8527138            0.
        7232.      0.855379            0.
        7234.     0.8574517            0.
        7236.     0.8609064            0.
        7238.     0.8648546            0.
        7240.     0.8680131            0.
        7242.     0.8712705            0.
        7244.     0.8760083            0.
        7246.     0.8783772            0.
        7248.     0.8840035            0.
        7250.     0.8884451            0.
        7252.     0.8914063            0.
        7254.       0.89417            0.
        7256.     0.8980196            0.
        7258.     0.9038432            0.
        7260.     0.9070018            0.
        7262.     0.9090745            0.
        7264.     0.9120356            0.
        7266.     0.9166748            0.
        7268.     0.9220049            0.
        7270.     0.9247686            0.
        7272.     0.9263479            0.
        7274.     0.9310858            0.
        7276.      0.933356            0.
        7278.      0.937008            0.
        7280.     0.9411536            0.
        7282.      0.944411            0.
        7284.      0.944411            0.
        7286.     0.9455954            0.
        7288.     0.9479643            0.
        7290.     0.9489514            0.
        7292.     0.9506294            0.
        7294.     0.9528995            0.
        7296.     0.9556634            0.
        7298.     0.9550711            0.
        7300.     0.9555647            0.
        7302.     0.9543801            0.
        7304.     0.9553672            0.
        7306.     0.9560581            0.
        7308.     0.9531957            0.
        7310.     0.9511229            0.
        7312.     0.9505307            0.
        7314.     0.9480631            0.
        7316.      0.944411            0.
        7318.     0.9425355            0.
        7320.     0.9378964            0.
        7322.      0.933356            0.
        7324.     0.9286183            0.
        7326.      0.923979            0.
        7328.     0.9181554            0.
        7330.     0.9133188            0.
        7332.     0.9047315            0.
        7334.     0.8977234            0.
        7336.     0.8896297            0.
        7338.     0.8829176            0.
        7340.     0.8735406            0.
        7342.      0.866039            0.
        7344.     0.8545893            0.
        7346.     0.8451135            0.
        7348.     0.8349469            0.
        7350.     0.8220165            0.
        7352.     0.8125409            0.
        7354.     0.7988209            0.
        7356.     0.7859892            0.
        7358.     0.7756251            0.
        7360.     0.7641754            0.
        7362.     0.7492709            0.
        7364.     0.7352547            0.
        7366.     0.7232127            0.
        7368.      0.709394            0.
        7370.     0.6938974            0.
        7372.     0.6809669            0.
        7374.     0.6667532            0.
        7376.     0.6515527            0.
        7378.     0.6360561            0.
        7380.     0.6210529            0.
        7382.     0.6066419            0.
        7384.     0.5897633            0.
        7386.      0.574464            0.
        7388.     0.5593621            0.
        7390.     0.5428784            0.
        7392.     0.5278752            0.
        7394.     0.5111939            0.
        7396.     0.4936246            0.
        7398.     0.4768446            0.
        7400.     0.4605583            0.
        7402.     0.4443706            0.
        7404.     0.4303545            0.
        7406.     0.4143643            0.
        7408.     0.3981767            0.
        7410.     0.3831734            0.
        7412.     0.3685651            0.
        7414.     0.3545489            0.
        7416.     0.3402367            0.
        7418.     0.3271089            0.
        7420.     0.3142773            0.
        7422.     0.3015442            0.
        7424.     0.2893049            0.
        7426.     0.2785459            0.
        7428.     0.2673923            0.
        7430.     0.2566334            0.
        7432.      0.246072            0.
        7434.     0.2366949            0.
        7436.      0.226627            0.
        7438.     0.2176449            0.
        7440.     0.2084653            0.
        7442.     0.2014572            0.
        7444.     0.1933634            0.
        7446.     0.1872437            0.
        7448.     0.1803343            0.
        7450.     0.1737211            0.
        7452.     0.1675026            0.
        7454.     0.1612842            0.
        7456.     0.1557567            0.
        7458.     0.1512163            0.
        7460.     0.1460836            0.
        7462.     0.1416419            0.
        7464.     0.1374962            0.
        7466.     0.1337455            0.
        7468.     0.1295012            0.
        7470.     0.1257503            0.
        7472.     0.1219995            0.
        7474.     0.1184462            0.
        7476.      0.115485            0.
        7478.     0.1133135            0.
        7480.     0.1098588            0.
        7482.      0.106799            0.
        7484.     0.1041339            0.
        7486.      0.101765            0.
        7488.    0.09870517            0.
        7490.    0.09653364            0.
        7492.    0.09404627            0.
        7494.    0.09202282            0.
        7496.    0.09002898            0.
        7498.    0.08736394            0.
        7500.    0.08472851            0.
        7502.    0.08250764            0.
        7504.    0.08011898            0.
        7506.    0.07780927            0.
        7508.    0.07509489            0.
        7510.    0.07296285            0.
        7512.    0.07078147            0.
        7514.     0.0680276            0.
        7516.    0.06594491            0.
        7518.    0.06355625            0.
        7520.    0.06149331            0.
        7522.    0.05916387            0.
        7524.    0.05714042            0.
        7526.     0.0551367            0.
        7528.     0.0531626            0.
        7530.    0.05100096            0.
        7532.    0.04905646            0.
        7534.    0.04739822            0.
        7536.    0.04560178            0.
        7538.    0.04421004            0.
        7540.    0.04196943            0.
        7542.    0.04049873            0.
        7544.    0.03927478            0.
        7546.    0.03774485            0.
        7548.    0.03614583            0.
        7550.    0.03503046            0.
        7552.    0.03385587            0.
        7554.    0.03254309            0.
        7556.    0.03132901            0.
        7558.    0.03025313            0.
        7590.    0.02217905            0.
        7600.    0.01926725            0.
        7610.    0.01712534            0.
        7620.    0.01507228            0.
        7630.    0.01351274            0.
        7640.    0.01193345            0.
        7650.    0.01072925            0.
        7660.   0.009486553            0.
        7670.   0.008514307            0.
        7680.   0.007536139            0.
        7690.   0.006782032            0.
        7700.   0.006038782            0.
        7710.    0.00547024            0.
        7720.   0.004911569            0.
        7730.   0.004485163            0.
        7740.    0.00406073            0.
        7750.   0.003735003            0.
        7760.   0.003395458            0.
        7770.   0.003117109            0.
        7780.   0.002825929            0.
        7790.   0.002593972            0.
        7800.   0.002353131            0.
        7810.    0.00216263            0.
        7820.   0.001973116            0.
        7830.   0.001827032            0.
        7840.    0.00168391            0.
        7850.   0.001572373            0.
        7860.   0.001465772            0.
        7870.   0.001381872            0.
        7880.   0.001291063            0.
        7890.    0.00121506            0.
        7900.   0.001137083            0.
        7910.   0.001068977            0.
        7920.   9.929738E-4            0.
        7930.   9.304935E-4            0.
        7940.   8.600180E-4            0.
        7950.   8.046444E-4            0.
        7960.   7.468032E-4            0.
        7970.   7.022872E-4            0.
        7980.   6.593505E-4            0.
        7990.   6.289493E-4            0.
        8000.   6.368457E-4            0.
        8010.   5.967714E-4            0.
        8020.   5.587699E-4            0.
        8030.   5.355742E-4            0.
        8040.   4.957960E-4            0.
        8050.   4.853333E-4            0.
        8060.   4.557217E-4            0.
        8070.   4.348949E-4            0.
        8080.   4.246296E-4            0.
        8090.   4.007430E-4            0.
        8100.   3.934388E-4            0.
        8110.   3.802123E-4            0.
        8120.   3.621492E-4            0.
        8130.   3.488240E-4            0.
        8140.   3.341170E-4            0.
        8150.   3.276024E-4            0.
        8160.   3.048015E-4            0.
        8170.   2.951284E-4            0.
        8180.   2.859488E-4            0.
        8190.   2.774602E-4            0.
        8200.   2.747952E-4            0.
        8210.   2.585088E-4            0.
        8220.   2.588049E-4            0.
        8230.   2.397548E-4            0.
        8240.   2.290947E-4            0.
        8250.   2.202112E-4            0.
        8260.   2.185332E-4            0.
        8270.   2.046158E-4            0.
        8280.   1.996805E-4            0.
        8290.   1.883294E-4            0.
        8300.   1.837890E-4            0.
        8310.   1.790512E-4            0.
        8320.   1.828019E-4            0.
        8330.   1.706612E-4            0.
        8340.   1.821110E-4            0.
        8350.   1.711547E-4            0.
        8360.   1.797421E-4            0.
        8370.   1.773732E-4            0.
        8380.   1.818149E-4            0.
        8390.   1.752017E-4            0.
        8400.   1.601985E-4            0.
        8410.   1.606920E-4            0.
        8420.   1.600011E-4            0.
        8430.   1.460837E-4            0.
        8440.   1.456888E-4            0.
        8450.   1.495383E-4            0.
        8460.   1.505254E-4            0.
        8470.   1.456888E-4            0.
        8480.   1.391743E-4            0.
        8490.   1.294025E-4            0.
        8500.   1.304882E-4            0.
        8510.   1.290076E-4            0.
        8520.   1.319688E-4            0.
        8530.   1.356209E-4            0.
        8540.   1.245659E-4            0.
        8550.   1.118329E-4            0.
        8560.   1.149915E-4            0.
        8570.   1.122278E-4            0.
        8580.   1.119317E-4            0.
        8590.   1.000870E-4            0.
        8600.   9.579335E-5            0.
        8610.   1.077860E-4            0.
        8620.   1.029495E-4            0.
        8630.   1.002845E-4            0.
        8640.   1.053184E-4            0.
        8650.   9.781681E-5            0.
        8660.   9.408576E-5            0.
        8670.   8.582413E-5            0.
        8680.   7.915167E-5            0.
        8690.   8.750212E-5            0.
        8700.   7.690119E-5            0.
        8710.   7.372288E-5            0.
        8720.   5.647909E-5            0.
        8730.   5.267894E-5            0.
        8740.   4.480227E-5            0.
        8750.   4.519709E-5            0.
        8760.   3.016430E-5            0.
        8770.   3.395457E-5            0.
        8780.   3.761653E-5            0.
        8790.   3.345118E-5            0.
        8800.   3.067756E-5            0.
        8810.   3.835682E-5            0.
        8820.   3.266154E-5            0.
        8830.   2.778550E-5            0.
        8840.   3.171397E-5            0.
        8850.   3.277998E-5            0.
        8860.   1.922777E-5            0.
        8870.   1.902049E-5            0.
        8880.   3.461590E-5            0.
        8890.   3.156591E-5            0.
        8900.   2.788421E-5            0.
        8910.   2.770654E-5            0.
        8920.   2.019508E-5            0.
        8930.   9.588220E-6            0.
        8940.   1.586192E-5            0.
        8950.   1.462810E-5            0.
        8960.   1.581257E-5            0.
        8970.   9.223997E-6            0.
        8980.   2.493292E-5            0.
        8990.   1.031469E-5            0.
        9000.   2.390639E-5            0.
        9010.   8.474825E-6            0.
        9020.   1.220983E-5            0.
        9030.   1.659234E-5            0.
        9040.   7.856931E-6            0.
        9050.   5.162280E-6            0.
        9060.   1.210125E-5            0.
        9070.   6.725769E-6            0.
        9080.   1.045288E-5            0.
        9090.   1.774719E-5            0.
        9100.   4.458512E-6            0.
        9110.   7.658533E-6            0.
        9120.   1.802356E-5            0.
        9130.   6.533295E-6            0.
        9140.   1.960284E-5            0.
        9150.   1.364105E-5            0.
        9160.   1.473668E-5            0.
        9170.   8.067173E-6            0.
        9180.   1.021598E-5            0.
        9190.   1.161760E-5            0.
        9200.   1.753004E-5            0.
        9210.   7.300233E-6            0.
        9220.   1.920802E-5            0.
        9230.   6.506644E-6            0.
        9240.   1.413458E-5            0.
        9250.   5.016196E-6            0.
        9260.   1.703651E-5            0.
        9270.   1.336468E-5            0.
        9280.   9.524061E-6            0.
        9290.   1.564477E-5            0.
        9300.   8.584388E-6            0.
        9310.   1.366079E-5            0.
        9320.   5.634091E-6            0.
        9330.   2.387678E-6            0.
        9340.   1.463798E-5            0.
        9350.   5.573881E-6            0.
        9360.   4.061717E-6            0.
        9370.   2.110316E-5            0.
        9380.   1.773732E-5            0.
        9390.   4.169306E-6            0.
        9400.   1.116355E-5            0.
        9410.   1.481565E-5            0.
        9420.   2.610751E-5            0.
        9430.   5.624220E-6            0.
        9440.   6.316143E-6            0.
        9450.   1.701677E-5            0.
        9460.   1.790511E-5            0.
        9470.   1.342390E-5            0.
        9480.   1.077860E-5            0.
        9490.   1.667130E-5            0.
        9500.   8.697898E-6            0.
        9510.   3.195086E-6            0.
        9520.   5.280726E-6            0.
        9530.   2.805201E-6            0.
        9540.   8.221153E-6            0.
        9550.   1.380885E-5            0.
        9560.   6.035820E-6            0.
        9570.   1.197293E-5            0.
        9580.   1.244672E-5            0.
        9590.   2.519943E-6            0.
        9600.   1.443070E-5            0.
        9610.   1.016663E-5            0.
        9620.   1.973116E-5            0.
        9630.   1.248620E-5            0.
        9640.   1.560528E-5            0.
        9650.   2.275154E-5            0.
        9660.   2.358066E-5            0.
        9670.   1.902049E-5            0.
        9680.   2.475525E-5            0.
        9690.   3.052951E-5            0.
        9700.   4.038028E-5            0.
        9710.   3.246413E-5            0.
        9720.   2.629506E-5            0.
        9730.   1.989896E-5            0.
        9740.   2.423212E-5            0.
        9750.   3.787317E-5            0.
        9760.   3.021365E-5            0.
        9770.   2.131044E-5            0.
        9780.   2.253439E-5            0.
        9790.   1.907971E-5            0.
        9800.   8.398822E-6            0.
        9810.   2.252452E-5            0.
        9820.   2.149798E-5            0.
        9830.   1.867502E-5            0.
        9840.   1.606920E-5            0.
        9850.   1.908958E-5            0.
        9860.   1.557567E-5            0.
        9870.   2.347209E-5            0.
        9880.   2.439991E-5            0.
        9890.   2.221853E-5            0.
        9900.   2.901932E-5            0.
        9910.   3.842592E-5            0.
        9920.   4.066652E-5            0.
        9930.   4.497994E-5            0.
        9940.   5.257037E-5            0.
        9950.   5.554139E-5            0.
        9960.   7.090979E-5            0.
        9970.   7.497644E-5            0.
        9980.   8.188580E-5            0.
        9990.   8.073095E-5            0.
       10000.   7.809552E-5            0.
       10010.   7.611155E-5            0.
       10020.   7.997092E-5            0.
       10030.   7.567725E-5            0.
       10040.   5.338962E-5            0.
       10050.   5.644948E-5            0.
       10060.   4.475292E-5            0.
       10070.   4.779304E-5            0.
       10080.   4.403237E-5            0.
       10090.   4.108108E-5            0.
       10100.   3.609647E-5            0.
       10110.   4.081458E-5            0.
       10120.   3.630376E-5            0.
       10130.   3.434940E-5            0.
       10140.   5.299480E-5            0.
       10150.   6.381288E-5            0.
       10160.   6.875801E-5            0.
       10170.   6.209542E-5            0.
       10180.   6.279622E-5            0.
       10190.   4.626311E-5            0.
       10200.   4.466408E-5            0.
       10210.   3.129941E-5            0.
       10220.   2.657143E-5            0.
       10230.   3.556347E-5            0.
       10240.   3.783369E-5            0.
       10250.   3.939323E-5            0.
       10260.   3.957090E-5            0.
       10270.   4.267024E-5            0.
       10280.   5.479124E-5            0.
       10290.   6.239153E-5            0.
       10300.   8.805487E-5            0.
       10310.   8.736394E-5            0.
       10320.   9.554659E-5            0.
       10330.   1.106485E-4            0.
       10340.   1.252568E-4            0.
       10350.   1.232827E-4            0.
       10360.   1.194332E-4            0.
       10370.   1.140045E-4            0.
       10380.   1.031469E-4            0.
       10390.   9.437200E-5            0.
       10400.   1.078847E-4            0.
       10410.   9.616843E-5            0.
       10420.   8.726524E-5            0.
       10430.   8.516281E-5            0.
       10440.   7.574633E-5            0.
       10450.   5.946986E-5            0.
       10460.   6.292453E-5            0.
       10470.   4.909595E-5            0.
       10480.   5.673572E-5            0.
       10490.   4.552282E-5            0.
       10500.   5.895659E-5            0.
       10510.   5.328104E-5            0.
       10520.   5.065549E-5            0.
       10530.   5.033963E-5            0.
       10540.   4.539450E-5            0.
       10550.   4.962895E-5            0.
       10560.   5.753524E-5            0.
       10570.   5.874931E-5            0.
       10580.   7.441382E-5            0.
       10590.   9.072979E-5            0.
       10600.   1.063055E-4            0.
       10610.   1.425302E-4            0.
       10620.   1.630609E-4            0.
       10630.   1.929686E-4            0.
       10640.   2.108342E-4            0.
       10650.   2.321545E-4            0.
       10660.   2.411367E-4            0.
       10670.   2.523891E-4            0.
       10680.   2.498228E-4            0.
       10690.   2.395574E-4            0.
       10700.   2.287986E-4            0.
       10710.   2.194216E-4            0.
       10720.   2.056028E-4            0.
       10730.   1.932647E-4            0.
       10740.   1.969168E-4            0.
       10750.   1.772745E-4            0.
       10760.   1.732276E-4            0.
       10770.   1.608894E-4            0.
       10780.   1.526969E-4            0.
       10790.   1.533878E-4            0.
       10800.   1.609881E-4            0.
       10810.   1.479590E-4            0.
       10820.   1.562503E-4            0.
       10830.   1.701677E-4            0.
       10840.   1.846774E-4            0.
       10850.   2.044184E-4            0.
       10860.   2.107355E-4            0.
       10870.   2.451836E-4            0.
       10880.   2.612726E-4            0.
       10890.   2.802240E-4            0.
       10900.   2.879230E-4            0.
       10910.   2.957207E-4            0.
       10920.   3.002611E-4            0.
       10930.   2.984844E-4            0.
       10940.   2.973986E-4            0.
       10950.   3.063808E-4            0.
       10960.   3.045054E-4            0.
       10970.   3.109213E-4            0.
       10980.   3.321429E-4            0.
       10990.   3.560295E-4            0.
       11000.   3.486266E-4            0.
