        1150.    0.02250167         1160.
        1170.    0.04031515         1180.
        1190.    0.05812863         1200.
        1210.    0.06915651         1220.
        1230.    0.07339878         1240.
        1250.    0.07764116         1260.
        1270.    0.08188352         1280.
        1290.    0.08612581         1300.
        1310.     0.0895211         1320.
        1330.    0.09206818         1340.
        1350.    0.09461614         1360.
        1370.    0.09716323         1380.
        1390.    0.09971119         1400.
        1410.     0.1008393         1420.
        1430.     0.1005477         1440.
        1450.      0.100256         1460.
        1470.    0.09996432         1480.
        1490.    0.09967353         1500.
        1510.    0.09830801         1520.
        1530.    0.09586779         1540.
        1550.    0.09342844         1560.
        1570.    0.09098909         1580.
        1590.    0.08854886         1600.
        1610.     0.0852083         1620.
        1630.    0.08096594         1640.
        1650.    0.07672358         1660.
        1670.    0.07248129         1680.
        1690.    0.06823893         1700.
        1710.    0.06447155         1720.
        1730.    0.06117917         1740.
        1750.    0.05788679         1760.
        1770.    0.05459442         1780.
        1790.    0.05130195         1800.
        1810.    0.04690315         1820.
        1830.    0.04139784         1840.
        1850.    0.03589252         1860.
        1870.    0.03038721         1880.
        1890.     0.0248819         1900.
        1910.    0.02076636         1920.
        1930.    0.01804068         1940.
        1950.    0.01531501         1960.
        1970.    0.01258933         1980.
        1990.   0.009863735         2000.
        2010.   0.007445056         2020.
        2030.   0.005255333         2040.
        2050.   0.003678733         2060.
        2070.   0.002540078         2080.
        2090.     0.0015766         2100.
        2110.   7.007111E-4         2120.
        2130.   2.526519E-4         2140.
        2150.   1.113272E-4         2160.
        2170.   5.400818E-5         2180.
        2190.   2.822421E-5         2200.
        2210.   1.565091E-5         2220.
        2230.   9.110470E-6         2240.
        2250.   5.523399E-6         2260.
        2270.   3.466777E-6         2280.
        2290.   2.242258E-6         2300.
        2310.   1.488897E-6         2320.
        2330.   1.011967E-6         2340.
        2350.   7.022807E-7         2360.
        2370.   4.965966E-7         2380.
        2390.   3.571726E-7         2400.
        2410.   2.609098E-7         2420.
        2430.   1.933183E-7         2440.
        2450.   1.451260E-7         2460.
        2470.   1.102753E-7         2480.
        2490.   8.474041E-8         2500.
        2510.   6.580343E-8         2520.
        2530.   5.160037E-8         2540.
        2550.   4.083403E-8         2560.
        2570.   3.259191E-8         2580.
        2590.   2.622315E-8         2600.
        2610.   2.125914E-8         2620.
        2630.   1.735810E-8         2640.
        2650.   1.426840E-8         2660.
        2670.   1.180348E-8         2680.
        2690.   9.823356E-9         2700.
        2710.   8.222214E-9         2720.
        2730.   6.919435E-9         2740.
        2750.   5.853127E-9         2760.
        2770.   4.975452E-9         2780.
        2790.   4.249138E-9         2800.
        2810.   3.645038E-9         2820.
        2830.   3.140088E-9         2840.
        2850.   2.716070E-9         2860.
        2870.   2.358392E-9         2880.
        2890.   2.055405E-9         2900.
        2910.   1.797683E-9         2920.
        2930.   1.577616E-9         2940.
        2950.   1.388967E-9         2960.
        2970.   1.226691E-9         2980.
        2990.   1.086593E-9         3000.
        3010.  9.652471E-10         3020.
        3030.  8.598058E-10         3040.
        3050.  7.679084E-10         3060.
        3070.  6.875798E-10         3080.
        3090.  6.171706E-10         3100.
        3110.  5.552855E-10         3120.
        3130.  5.007509E-10         3140.
        3150.  4.525718E-10         3160.
        3170.  4.099037E-10         3180.
        3190.  3.720285E-10         3200.
        3210.  3.383278E-10         3220.
        3230.  3.082770E-10         3240.
        3250.  2.814213E-10         3260.
        3270.  2.573747E-10         3280.
        3290.  2.357954E-10         3300.
        3310.  2.163962E-10         3320.
        3330.  1.989214E-10         3340.
        3350.  1.831519E-10         3360.
        3370.  1.688950E-10         3380.
        3390.  1.559862E-10         3400.
        3410.  1.442747E-10         3420.
        3430.  1.336344E-10         3440.
        3450.  1.239497E-10         3460.
        3470.  1.151233E-10         3480.
        3490.  1.070660E-10         3500.
        3510.  9.969980E-11         3520.
        3530.  9.295546E-11         3540.
        3550.  8.677344E-11         3560.
        3570.  8.109768E-11         3580.
        3590.  7.588062E-11         3600.
        3610.  7.107873E-11         3620.
        3630.  6.665340E-11         3640.
        3650.  6.257044E-11         3660.
        3670.  5.879842E-11         3680.
        3690.  5.530967E-11         3700.
        3710.  5.207948E-11         3720.
        3730.  4.908534E-11         3740.
        3750.  4.630711E-11         3760.
        3770.  4.372630E-11         3780.
        3790.  4.132628E-11         3800.
        3810.  3.909258E-11         3820.
        3830.  3.701147E-11         3840.
        3850.  3.507024E-11         3860.
        3870.  3.325846E-11         3880.
        3890.  3.156546E-11         3900.
        3910.  2.998238E-11         3920.
        3930.  2.850055E-11         3940.
        3950.  2.711244E-11         3960.
        3970.  2.581096E-11         3980.
        3990.  2.458997E-11         4000.
        4010.  2.344308E-11         4020.
        4030.  2.236530E-11         4040.
        4050.  2.135146E-11         4060.
        4070.  2.039726E-11         4080.
        4090.  1.949834E-11         4100.
        4110.  1.865083E-11         4120.
        4130.  1.785123E-11         4140.
        4150.  1.709639E-11         4160.
        4170.  1.638297E-11         4180.
        4190.  1.570863E-11         4200.
        4210.  1.507054E-11         4220.
        4230.  1.446644E-11         4240.
        4250.  1.389405E-11         4260.
        4270.  1.335152E-11         4280.
        4290.  1.283685E-11         4300.
        4310.  1.234828E-11         4320.
        4330.  1.188432E-11         4340.
        4350.  1.144331E-11         4360.
        4370.  1.102402E-11         4380.
        4390.  1.062506E-11         4400.
        4410.  1.024536E-11         4420.
        4430.  9.883618E-12         4440.
        4450.  9.538868E-12         4460.
        4470.  9.210147E-12         4480.
        4490.  8.896578E-12         4500.
        4510.  8.597235E-12         4520.
        4530.  8.311362E-12         4540.
        4550.  8.038217E-12         4560.
        4570.  7.777158E-12         4580.
        4590.  7.527450E-12         4600.
        4610.  7.288526E-12         4620.
        4630.  7.059813E-12         4640.
        4650.  6.840797E-12         4660.
        4670.  6.630908E-12         4680.
        4690.  6.429725E-12         4700.
        4710.  6.236811E-12         4720.
        4730.  6.051709E-12         4740.
        4750.  5.874079E-12         4760.
        4770.  5.703508E-12         4780.
        4790.  5.539647E-12         4800.
        4810.  5.382223E-12         4820.
        4830.  5.230835E-12         4840.
        4850.  5.085289E-12         4860.
        4870.  4.945251E-12         4880.
        4890.  4.810478E-12         4900.
        4910.  4.680715E-12         4920.
        4930.  4.555735E-12         4940.
        4950.  4.435300E-12         4960.
        4970.  4.319254E-12         4980.
        4990.  4.207376E-12         5000.
        5010.  4.099440E-12         5020.
        5030.  3.995306E-12         5040.
        5050.  3.894824E-12         5060.
        5070.  3.797811E-12         5080.
        5090.  3.704125E-12         5100.
        5110.  3.613602E-12         5120.
        5130.  3.526171E-12         5140.
        5150.  3.441639E-12         5160.
        5170.  3.359919E-12         5180.
        5190.  3.280878E-12         5200.
        5210.  3.204431E-12         5220.
        5230.  3.130436E-12         5240.
        5250.  3.058823E-12         5260.
        5270.  2.989488E-12         5280.
        5290.  2.922333E-12         5300.
        5310.  2.857290E-12         5320.
        5330.  2.794261E-12         5340.
        5350.  2.733185E-12         5360.
        5370.  2.673957E-12         5380.
        5390.  2.616543E-12         5400.
        5410.  2.560845E-12         5420.
        5430.  2.506812E-12         5440.
        5450.  2.454381E-12         5460.
        5470.  2.403500E-12         5480.
        5490.  2.354092E-12         5500.
        5510.  2.306110E-12         5520.
        5530.  2.259513E-12         5540.
        5550.  2.214247E-12         5560.
        5570.  2.170251E-12         5580.
        5590.  2.127508E-12         5600.
        5610.  2.085938E-12         5620.
        5630.  2.045533E-12         5640.
        5650.  2.006232E-12         5660.
        5670.  1.967991E-12         5680.
        5690.  1.930801E-12         5700.
        5710.  1.894618E-12         5720.
        5730.  1.859390E-12         5740.
        5750.  1.825081E-12         5760.
        5770.  1.791692E-12         5780.
        5790.  1.759179E-12         5800.
        5810.  1.727489E-12         5820.
        5830.  1.696632E-12         5840.
        5850.  1.666554E-12         5860.
        5870.  1.637238E-12         5880.
        5890.  1.608666E-12         5900.
        5910.  1.580822E-12         5920.
        5930.  1.553652E-12         5940.
        5950.  1.527165E-12         5960.
        5970.  1.501317E-12         5980.
        5990.  1.476109E-12         6000.
        6010.  1.451506E-12         6020.
        6030.  1.427497E-12         6040.
        6050.  1.404067E-12         6060.
        6070.  1.381180E-12         6080.
        6090.  1.358845E-12         6100.
        6110.  1.337027E-12         6120.
        6130.  1.315716E-12         6140.
        6150.  1.294905E-12         6160.
        6170.  1.274558E-12         6180.
        6190.  1.254685E-12         6200.
        6210.  1.235266E-12         6220.
        6230.  1.216277E-12         6240.
        6250.  1.197708E-12         6260.
        6270.  1.179560E-12         6280.
        6290.  1.161805E-12         6300.
        6310.  1.144445E-12         6320.
        6330.  1.127462E-12         6340.
        6350.  1.110846E-12         6360.
        6370.  1.094590E-12         6380.
        6390.  1.078675E-12         6400.
        6410.  1.063101E-12         6420.
        6430.  1.047861E-12         6440.
        6450.  1.032936E-12         6460.
        6470.  1.018317E-12         6480.
        6490.  1.004014E-12         6500.
        6510.  9.899910E-13         6520.
        6530.  9.762657E-13         6540.
        6550.  9.628209E-13         6560.
        6570.  9.496387E-13         6580.
        6590.  9.367281E-13         6600.
        6610.  9.240716E-13         6620.
        6630.  9.116690E-13         6640.
        6650.  8.995116E-13         6660.
        6670.  8.875907E-13         6680.
        6690.  8.759064E-13         6700.
        6710.  8.644411E-13         6720.
        6730.  8.532034E-13         6740.
        6750.  8.421785E-13         6760.
        6770.  8.313666E-13         6780.
        6790.  8.207543E-13         6800.
        6810.  8.103479E-13         6820.
        6830.  8.001342E-13         6840.
        6850.  7.901114E-13         6860.
        6870.  7.802707E-13         6880.
        6890.  7.706149E-13         6900.
        6910.  7.611343E-13         6920.
        6930.  7.518289E-13         6940.
        6950.  7.426907E-13         6960.
        6970.  7.337155E-13         6980.
        6990.  7.249032E-13         7000.
        7010.  7.162459E-13         7020.
        7030.  7.077419E-13         7040.
        7050.  6.993885E-13         7060.
        7070.  6.911832E-13         7080.
        7090.  6.831189E-13         7100.
        7110.  6.751947E-13         7120.
        7130.  6.674081E-13         7140.
        7150.  6.597554E-13         7160.
        7170.  6.522324E-13         7180.
        7190.  6.448355E-13         7200.
        7210.  6.375666E-13         7220.
        7230.  6.304175E-13         7240.
        7250.  6.233876E-13         7260.
        7270.  6.164760E-13         7280.
        7290.  6.096799E-13         7300.
        7310.  6.029943E-13         7320.
        7330.  5.964164E-13         7340.
        7350.  5.899480E-13         7360.
        7370.  5.835828E-13         7380.
        7390.  5.773203E-13         7400.
        7410.  5.711593E-13         7420.
        7430.  5.650963E-13         7440.
        7450.  5.591298E-13         7460.
        7470.  5.532561E-13         7480.
        7490.  5.474770E-13         7500.
        7510.  5.417890E-13         7520.
        7530.  5.361877E-13         7540.
        7550.  5.306739E-13         7560.
        7570.  5.252443E-13         7580.
        7590.  5.198996E-13         7600.
        7610.  5.146337E-13         7620.
        7630.  5.094512E-13         7640.
        7650.  5.043447E-13         7660.
        7670.  4.993145E-13         7680.
        7690.  4.943622E-13         7700.
        7710.  4.894817E-13         7720.
        7730.  4.846749E-13         7740.
        7750.  4.799390E-13         7760.
        7770.  4.752722E-13         7780.
        7790.  4.706738E-13         7800.
        7810.  4.661419E-13         7820.
        7830.  4.616766E-13         7840.
        7850.  4.572753E-13         7860.
        7870.  4.529362E-13         7880.
        7890.  4.486618E-13         7900.
        7910.  4.444462E-13         7920.
        7930.  4.402910E-13         7940.
        7950.  4.361927E-13         7960.
        7970.  4.321531E-13         7980.
        7990.  4.281704E-13         8000.
        8010.  4.242438E-13         8020.
        8030.  4.203715E-13         8040.
        8050.  4.165517E-13         8060.
        8070.  4.127837E-13         8080.
        8090.  4.090673E-13         8100.
        8110.  4.054025E-13         8120.
        8130.  4.017860E-13         8140.
        8150.  3.982194E-13         8160.
        8170.  3.947001E-13         8180.
        8190.  3.912289E-13         8200.
        8210.  3.878042E-13         8220.
        8230.  3.844215E-13         8240.
        8250.  3.810870E-13         8260.
        8270.  3.777954E-13         8280.
        8290.  3.745459E-13         8300.
        8310.  3.713392E-13         8320.
        8330.  3.681738E-13         8340.
        8350.  3.650503E-13         8360.
        8370.  3.619654E-13         8380.
        8390.  3.589218E-13         8400.
        8410.  3.559157E-13         8420.
        8430.  3.529482E-13         8440.
        8450.  3.500183E-13         8460.
        8470.  3.471235E-13         8480.
        8490.  3.442673E-13         8500.
        8510.  3.414460E-13         8520.
        8530.  3.386598E-13         8540.
        8550.  3.359078E-13         8560.
        8570.  3.331899E-13         8580.
        8590.  3.305044E-13         8600.
        8610.  3.278540E-13         8620.
        8630.  3.252342E-13         8640.
        8650.  3.226459E-13         8660.
        8670.  3.200910E-13         8680.
        8690.  3.175649E-13         8700.
        8710.  3.150686E-13         8720.
        8730.  3.126030E-13         8740.
        8750.  3.101680E-13         8760.
        8770.  3.077602E-13         8780.
        8790.  3.053813E-13         8800.
        8810.  3.030304E-13         8820.
        8830.  3.007067E-13         8840.
        8850.  2.984101E-13         8860.
        8870.  2.961407E-13         8880.
        8890.  2.938966E-13         8900.
        8910.  2.916797E-13         8920.
        8930.  2.894865E-13         8940.
        8950.  2.873187E-13         8960.
        8970.  2.851772E-13         8980.
        8990.  2.830601E-13         9000.
        9010.  2.809641E-13         9020.
        9030.  2.788944E-13         9040.
        9050.  2.768457E-13         9060.
        9070.  2.748224E-13         9080.
        9090.  2.728184E-13         9100.
        9110.  2.708406E-13         9120.
        9130.  2.688821E-13         9140.
        9150.  2.669446E-13         9160.
        9170.  2.650291E-13         9180.
        9190.  2.631345E-13         9200.
        9210.  2.612627E-13         9220.
        9230.  2.594076E-13         9240.
        9250.  2.575744E-13         9260.
        9270.  2.557613E-13         9280.
        9290.  2.539657E-13         9300.
        9310.  2.521920E-13         9320.
        9330.  2.504350E-13         9340.
        9350.  2.486972E-13         9360.
        9370.  2.469788E-13         9380.
        9390.  2.452787E-13         9400.
        9410.  2.435934E-13         9420.
        9430.  2.419293E-13         9440.
        9450.  2.402800E-13         9460.
        9470.  2.386482E-13         9480.
        9490.  2.370330E-13         9500.
        9510.  2.354354E-13         9520.
        9530.  2.338553E-13         9540.
        9550.  2.322901E-13         9560.
        9570.  2.307407E-13         9580.
        9590.  2.292070E-13         9600.
        9610.  2.276891E-13         9620.
        9630.  2.261869E-13         9640.
        9650.  2.246997E-13         9660.
        9670.  2.232273E-13         9680.
        9690.  2.217681E-13         9700.
        9710.  2.203255E-13         9720.
        9730.  2.188960E-13         9740.
        9750.  2.174806E-13         9760.
        9770.  2.160800E-13         9780.
        9790.  2.146926E-13         9800.
        9810.  2.133184E-13         9820.
        9830.  2.119590E-13         9840.
        9850.  2.106110E-13         9860.
        9870.  2.092779E-13         9880.
        9890.  2.079579E-13         9900.
        9910.  2.066485E-13         9920.
        9930.  2.053521E-13         9940.
        9950.  2.040681E-13         9960.
        9970.  2.027963E-13         9980.
        9990.  2.015394E-13        11000.
