        1950.   9.220585E-7            0.
        2050.            0.            0.
        2150.            0.            0.
        2250.            0.            0.
        2350.            0.            0.
        2450.            0.            0.
        2550.            0.            0.
        2650.            0.            0.
        2750.            0.            0.
        2850.            0.            0.
        2950.            0.            0.
        3050.            0.            0.
        3150.            0.            0.
        3250.            0.            0.
        3350.            0.            0.
        3450.            0.            0.
        3550.            0.            0.
        3650.            0.            0.
        3750.            0.            0.
        3850.            0.            0.
        3950.            0.            0.
        4050.            0.            0.
        4150.            0.            0.
        4250.            0.            0.
        4350.            0.            0.
        4450.            0.            0.
        4550.   9.220585E-7            0.
        4652.   6.454410E-6            0.
        4654.   1.512176E-4            0.
        4656.   2.996690E-4            0.
        4658.   6.242336E-4            0.
        4660.   0.001190378            0.
        4662.   0.002315289            0.
        4664.   0.004535606            0.
        4666.    0.00841655            0.
        4668.    0.01520751            0.
        4670.    0.02755111            0.
        4672.    0.04921672            0.
        4674.     0.0877311            0.
        4676.     0.1539285            0.
        4678.      0.253603            0.
        4680.     0.3725762            0.
        4682.     0.4612506            0.
        4684.     0.5055463            0.
        4686.     0.5173394            0.
        4688.     0.5186303            0.
        4690.     0.5160485            0.
        4692.     0.5135774            0.
        4694.     0.5148774            0.
        4696.     0.5201885            0.
        4698.     0.5242271            0.
        4700.     0.5220419            0.
        4702.     0.5086443            0.
        4704.     0.4878796            0.
        4706.     0.4598121            0.
        4708.     0.4167151            0.
        4710.     0.3327064            0.
        4712.     0.2132537            0.
        4714.     0.1060644            0.
        4716.    0.04684611            0.
        4718.    0.02031387            0.
        4720.   0.009379179            0.
        4722.   0.004673915            0.
        4724.   0.002431468            0.
        4726.    0.00136188            0.
        4728.   7.413350E-4            0.
        4730.   4.130822E-4            0.
        4732.   2.489558E-4            0.
        4734.   3.319411E-5            0.
        4736.   1.844117E-6            0.
        4850.            0.            0.
        4850.            0.            0.
        4950.            0.            0.
        5050.            0.            0.
        5150.            0.            0.
        5250.            0.            0.
        5350.            0.            0.
        5450.            0.            0.
        5550.            0.            0.
        5650.            0.            0.
        5750.   9.220585E-7            0.
        5850.            0.            0.
        5950.            0.            0.
        6050.            0.            0.
        6150.            0.            0.
        6250.   9.220585E-7            0.
        6350.            0.            0.
        6450.            0.            0.
        6550.            0.            0.
        6650.            0.            0.
        6750.            0.            0.
        6850.            0.            0.
        6950.            0.            0.
        7050.            0.            0.
        7150.            0.            0.
        7250.            0.            0.
        7350.            0.            0.
        7450.            0.            0.
        7550.            0.            0.
        7650.            0.            0.
        7750.            0.            0.
        7850.            0.            0.
        7950.            0.            0.
        8050.   9.220585E-7            0.
        8150.   1.844117E-6            0.
        8250.   9.220585E-7            0.
        8350.   9.220585E-7            0.
        8450.            0.            0.
        8550.            0.            0.
        8650.   9.220585E-7            0.
        8750.   9.220585E-7            0.
        8850.            0.            0.
        8950.            0.            0.
        9050.   9.220585E-7            0.
        9150.            0.            0.
        9250.            0.            0.
        9350.   9.220585E-7            0.
        9450.            0.            0.
        9550.   9.220585E-7            0.
        9650.            0.            0.
        9750.            0.            0.
        9850.            0.            0.
        9950.            0.            0.
       10050.            0.            0.
       10150.   9.220585E-7            0.
       10250.            0.            0.
       10350.            0.            0.
       10450.            0.            0.
       10550.            0.            0.
       10650.   9.220585E-7            0.
       10750.   9.220585E-7            0.
       10850.            0.            0.
       10950.            0.            0.
