         100.            0.            0.
        1600.            0.            0.
        1605.            0.            0.
        1610.            0.            0.
        1615.            0.            0.
        1620.            0.            0.
        1625.          0.04            0.
        1630.         0.065            0.
        1635.           0.1            0.
        1640.          0.14            0.
        1645.          0.19            0.
        1650.          0.24            0.
        1655.          0.29            0.
        1660.          0.35            0.
        1665.           0.4            0.
        1670.          0.45            0.
        1675.           0.5            0.
        1680.          0.55            0.
        1685.          0.59            0.
        1690.         0.625            0.
        1695.          0.66            0.
        1700.          0.68            0.
        1705.           0.7            0.
        1710.          0.73            0.
        1715.          0.74            0.
        1720.          0.76            0.
        1725.          0.77            0.
        1730.         0.785            0.
        1735.           0.8            0.
        1740.           0.8            0.
        1745.          0.81            0.
        1750.          0.82            0.
        1755.         0.825            0.
        1760.          0.83            0.
        1765.        0.8325            0.
        1770.         0.835            0.
        1775.        0.8375            0.
        1780.          0.84            0.
        1785.        0.8425            0.
        1790.         0.845            0.
        1795.        0.8475            0.
        1800.          0.85            0.
        1805.         0.851            0.
        1810.         0.852            0.
        1815.         0.853            0.
        1820.         0.854            0.
        1825.         0.855            0.
        1835.         0.857            0.
        1840.         0.858            0.
        1845.         0.859            0.
        1850.          0.86            0.
        1855.         0.859            0.
        1860.         0.858            0.
        1865.         0.857            0.
        1870.         0.856            0.
        1875.         0.855            0.
        1880.         0.854            0.
        1885.         0.853            0.
        1890.         0.852            0.
        1895.         0.851            0.
        1900.          0.85            0.
        1905.         0.851            0.
        1910.         0.852            0.
        1915.         0.853            0.
        1920.         0.854            0.
        1925.         0.855            0.
        1930.         0.856            0.
        1935.         0.857            0.
        1940.         0.858            0.
        1945.         0.859            0.
        1950.          0.86            0.
        1955.         0.861            0.
        1960.         0.862            0.
        1965.         0.863            0.
        1970.         0.864            0.
        1975.         0.865            0.
        1980.         0.866            0.
        1985.         0.867            0.
        1990.         0.868            0.
        1995.         0.869            0.
        2000.          0.87            0.
        2005.        0.8704            0.
        2010.        0.8708            0.
        2015.        0.8712            0.
        2020.        0.8716            0.
        2025.         0.872            0.
        2030.        0.8724            0.
        2035.        0.8728            0.
        2040.        0.8732            0.
        2045.        0.8736            0.
        2050.         0.874            0.
        2055.        0.8744            0.
        2060.        0.8748            0.
        2065.        0.8752            0.
        2070.        0.8756            0.
        2075.         0.876            0.
        2080.        0.8764            0.
        2085.        0.8768            0.
        2090.        0.8772            0.
        2095.        0.8776            0.
        2100.         0.878            0.
        2105.        0.8784            0.
        2110.        0.8788            0.
        2115.        0.8792            0.
        2120.        0.8796            0.
        2125.          0.88            0.
        2130.        0.8804            0.
        2135.        0.8808            0.
        2140.        0.8812            0.
        2145.        0.8816            0.
        2150.         0.882            0.
        2155.        0.8824            0.
        2160.        0.8828            0.
        2165.        0.8832            0.
        2170.        0.8836            0.
        2175.         0.884            0.
        2180.        0.8844            0.
        2185.        0.8848            0.
        2190.        0.8852            0.
        2195.        0.8856            0.
        2200.         0.886            0.
        2205.        0.8864            0.
        2210.        0.8868            0.
        2215.        0.8872            0.
        2220.        0.8876            0.
        2225.         0.888            0.
        2230.        0.8884            0.
        2235.        0.8888            0.
        2240.        0.8892            0.
        2245.        0.8896            0.
        2250.          0.89            0.
        2255.        0.8904            0.
        2260.        0.8908            0.
        2265.        0.8912            0.
        2270.        0.8916            0.
        2275.         0.892            0.
        2280.        0.8924            0.
        2285.        0.8928            0.
        2290.        0.8932            0.
        2295.        0.8936            0.
        2300.         0.894            0.
        2305.        0.8944            0.
        2310.        0.8948            0.
        2315.        0.8952            0.
        2320.        0.8956            0.
        2325.         0.896            0.
        2330.        0.8964            0.
        2335.        0.8968            0.
        2340.        0.8972            0.
        2345.        0.8976            0.
        2350.         0.898            0.
        2355.        0.8984            0.
        2360.        0.8988            0.
        2365.        0.8992            0.
        2370.        0.8996            0.
        2375.           0.9            0.
        2380.        0.9004            0.
        2385.        0.9008            0.
        2390.        0.9012            0.
        2395.        0.9016            0.
        2400.         0.902            0.
        2405.        0.9024            0.
        2410.        0.9028            0.
        2415.        0.9032            0.
        2420.        0.9036            0.
        2425.         0.904            0.
        2430.        0.9044            0.
        2435.        0.9048            0.
        2440.        0.9052            0.
        2445.        0.9056            0.
        2450.         0.906            0.
        2455.        0.9064            0.
        2460.        0.9068            0.
        2465.        0.9072            0.
        2470.        0.9076            0.
        2475.         0.908            0.
        2480.        0.9084            0.
        2485.        0.9088            0.
        2490.        0.9092            0.
        2495.        0.9096            0.
        2500.          0.91            0.
        2505.        0.9101            0.
        2510.        0.9102            0.
        2515.        0.9103            0.
        2520.        0.9104            0.
        2525.        0.9105            0.
        2530.        0.9106            0.
        2535.        0.9107            0.
        2540.        0.9108            0.
        2545.        0.9109            0.
        2550.         0.911            0.
        2555.        0.9111            0.
        2560.        0.9112            0.
        2565.        0.9113            0.
        2570.        0.9114            0.
        2575.        0.9115            0.
        2580.        0.9116            0.
        2585.        0.9117            0.
        2590.        0.9118            0.
        2595.        0.9119            0.
        2600.         0.902            0.
        2605.        0.9021            0.
        2610.        0.9022            0.
        2615.        0.9023            0.
        2620.        0.9024            0.
        2625.        0.9025            0.
        2630.        0.9026            0.
        2635.        0.9027            0.
        2640.        0.9028            0.
        2645.        0.9029            0.
        2650.         0.903            0.
        2655.        0.9031            0.
        2660.        0.9032            0.
        2665.        0.9033            0.
        2670.        0.9034            0.
        2675.        0.9035            0.
        2680.        0.9036            0.
        2685.        0.9037            0.
        2690.        0.9038            0.
        2695.        0.9039            0.
        2700.         0.914            0.
        2705.        0.9141            0.
        2710.        0.9142            0.
        2715.        0.9143            0.
        2720.        0.9144            0.
        2725.        0.9145            0.
        2730.        0.9146            0.
        2735.        0.9147            0.
        2740.        0.9148            0.
        2745.        0.9149            0.
        2750.         0.915            0.
        2755.        0.9151            0.
        2760.        0.9152            0.
        2765.        0.9153            0.
        2770.        0.9154            0.
        2775.        0.9155            0.
        2780.        0.9156            0.
        2785.        0.9157            0.
        2790.        0.9158            0.
        2795.        0.9159            0.
        2800.         0.916            0.
        2805.        0.9161            0.
        2810.        0.9162            0.
        2815.        0.9163            0.
        2820.        0.9164            0.
        2825.        0.9165            0.
        2830.        0.9166            0.
        2835.        0.9167            0.
        2840.        0.9168            0.
        2845.        0.9169            0.
        2850.         0.917            0.
        2855.        0.9171            0.
        2860.        0.9172            0.
        2865.        0.9173            0.
        2870.        0.9174            0.
        2875.        0.9175            0.
        2880.        0.9176            0.
        2885.        0.9177            0.
        2890.        0.9178            0.
        2895.        0.9179            0.
        2900.         0.918            0.
        2905.        0.9181            0.
        2910.        0.9182            0.
        2915.        0.9183            0.
        2920.        0.9184            0.
        2925.        0.9185            0.
        2930.        0.9186            0.
        2935.        0.9187            0.
        2940.        0.9188            0.
        2945.        0.9189            0.
        2950.         0.919            0.
        2955.        0.9191            0.
        2960.        0.9192            0.
        2965.        0.9193            0.
        2970.        0.9194            0.
        2975.        0.9195            0.
        2980.        0.9196            0.
        2985.        0.9197            0.
        2990.        0.9198            0.
        2995.        0.9199            0.
        3000.          0.92            0.
        3100.         0.925            0.
        3200.        0.9276            0.
        3300.        0.9293            0.
        3400.        0.9331            0.
        3500.        0.9355            0.
        3600.        0.9374            0.
        3700.        0.9391            0.
        3800.        0.9408            0.
        3900.        0.9423            0.
        4000.         0.944            0.
        4100.        0.9456            0.
        4200.        0.9464            0.
        4300.        0.9472            0.
        4400.        0.9479            0.
        4500.        0.9481            0.
        4600.        0.9497            0.
        4700.        0.9501            0.
        4800.        0.9506            0.
        4900.        0.9507            0.
        5000.        0.9516            0.
        5100.         0.952            0.
        5200.        0.9523            0.
        5300.        0.9523            0.
        5400.         0.953            0.
        5500.        0.9527            0.
        5600.         0.953            0.
        5700.        0.9539            0.
        5800.        0.9541            0.
        5900.        0.9539            0.
        6000.        0.9538            0.
        6100.        0.9534            0.
        6200.        0.9534            0.
        6300.         0.953            0.
        6400.        0.9538            0.
        6500.        0.9529            0.
        6600.        0.9533            0.
        6700.        0.9522            0.
        6800.        0.9519            0.
        6900.        0.9518            0.
        7000.        0.9518            0.
        7100.        0.9513            0.
        7200.        0.9506            0.
        7300.        0.9509            0.
        7400.         0.951            0.
        7500.        0.9502            0.
        7600.        0.9499            0.
        7700.        0.9497            0.
        7800.        0.9495            0.
        7900.        0.9491            0.
        8000.        0.9496            0.
        8100.        0.9482            0.
        8200.        0.9486            0.
        8300.        0.9497            0.
        8400.        0.9498            0.
        8500.        0.9485            0.
        8600.        0.9478            0.
        8700.        0.9477            0.
        8800.         0.948            0.
        8900.        0.9468            0.
        9000.        0.9475            0.
        9100.         0.947            0.
        9200.        0.9474            0.
        9300.        0.9464            0.
        9400.        0.9458            0.
        9500.        0.9448            0.
        9600.        0.9451            0.
        9700.        0.9475            0.
        9800.        0.9477            0.
        9900.        0.9462            0.
       10000.        0.9458            0.
       10100.        0.9459            0.
       10200.        0.9486            0.
       10300.        0.9456            0.
       10400.        0.9467            0.
       10500.        0.9459            0.
       10600.        0.9462            0.
       10700.        0.9456            0.
       10800.        0.9463            0.
       10900.        0.9462            0.
       11000.        0.9454            0.
       13000.            0.            0.
