         100.            0.            0.
        1354.        0.1098            0.
        1487.        0.1222            0.
        1545.        0.1347            0.
        1648.        0.1423            0.
        1750.        0.1555            0.
        1879.        0.1535            0.
        2000.        0.1441            0.
        2138.        0.1408            0.
        2296.        0.1415            0.
        2537.        0.1502            0.
        2700.        0.1339            0.
        2900.        0.1364            0.
        3100.        0.1157            0.
        4000.         0.142            0.
        4200.        0.1363            0.
        4500.        0.1404            0.
        5000.        0.2104            0.
        5600.        0.3127            0.
        6000.        0.3574            0.
        6500.        0.3739            0.
        7000.        0.3772            0.
        7500.        0.3461            0.
        8000.        0.2907            0.
        8500.        0.2161            0.
        9000.        0.1341            0.
        9500.        0.0646            0.
       10000.        0.0224            0.
       10500.        0.0035            0.
       11000.   7.000000E-4            0.
       13000.            0.            0.
