        1850.   1.673078E-4         1860.
        1870.   4.686434E-5         1880.
        1890.   1.797122E-5         1900.
        1910.   3.251359E-5         1920.
        1930.   7.367999E-6         1940.
        1950.   1.712409E-5         1960.
        1970.   7.583815E-7         1980.
        1990.   6.521879E-6         2000.
        2010.   2.534325E-6         2020.
        2030.   3.894773E-6         2040.
        2050.   2.148075E-6         2060.
        2070.   2.943771E-6         2080.
        2090.   2.042184E-6         2100.
        2110.   3.136392E-6         2120.
        2130.   2.753167E-6         2140.
        2150.   1.221277E-6         2160.
        2170.   1.413897E-6         2180.
        2190.   1.508695E-6         2200.
        2210.   1.127487E-6         2220.
        2230.   3.871578E-7         2240.
        2250.   1.333219E-6         2260.
        2270.   8.685082E-7         2280.
        2290.   1.216234E-6         2300.
        2310.   1.447177E-6         2320.
        2330.   1.147657E-6         2340.
        2350.   4.185217E-7         2360.
        2370.   9.957790E-7         2380.
        2390.   1.759808E-6         2400.
        2410.   1.872759E-6         2420.
        2430.   2.013947E-6         2440.
        2450.   5.220932E-7         2460.
        2470.   7.818792E-7         2480.
        2490.   9.044102E-7         2500.
        2510.   7.813750E-7         2520.
        2530.   8.370434E-7         2540.
        2550.   6.252613E-7         2560.
        2570.   8.812151E-7         2580.
        2590.   5.657606E-7         2600.
        2610.   1.260608E-6         2620.
        2630.   9.688525E-7         2640.
        2650.   6.908129E-7         2660.
        2670.   4.407084E-7         2680.
        2690.   6.285894E-7         2700.
        2710.   5.637437E-7         2720.
        2730.   9.724831E-7         2740.
        2750.   3.188833E-7         2760.
        2770.   3.188833E-7         2780.
        2790.   1.191022E-6         2800.
        2810.   1.225310E-6         2820.
        2830.   1.587357E-6         2840.
        2850.   1.372549E-6         2860.
        2870.   1.042775E-6         2880.
        2890.   9.778281E-7         2900.
        2910.   1.389694E-6         2920.
        2930.   1.057902E-6         2940.
        2950.   4.214463E-7         2960.
        2970.   1.799139E-6         2980.
        2990.   1.312040E-6         3000.
        3010.   4.375821E-7         3020.
        3030.   1.414906E-6         3040.
        3050.   1.362465E-6         3060.
        3070.   1.559119E-6         3080.
        3090.   1.265650E-6         3100.
        3110.   2.482893E-6         3120.
        3130.   4.856869E-6         3140.
        3150.   2.893346E-5         3160.
        3170.   1.720477E-4         3180.
        3190.   7.438593E-4         3200.
        3210.   0.002439528         3220.
        3230.   0.006338335         3240.
        3250.    0.01362465         3260.
        3270.    0.02506088         3290.
        3292.    0.03198918         3294.
        3296.    0.03505497         3298.
        3300.    0.03808043         3302.
        3304.    0.04124708         3306.
        3308.    0.04457508         3310.
        3312.    0.04798377         3314.
        3316.    0.05135211         3318.
        3320.    0.05510367         3322.
        3324.    0.05885524         3326.
        3328.    0.06282868         3330.
        3332.    0.06666093         3334.
        3336.    0.07089657         3338.
        3340.    0.07529357         3342.
        3344.    0.07965022         3346.
        3348.    0.08451113         3350.
        3352.    0.08917034         3354.
        3356.    0.09408166         3358.
        3360.    0.09911401         3362.
        3364.     0.1044792         3366.
        3368.     0.1101267         3370.
        3372.     0.1160767         3374.
        3376.     0.1217243         3378.
        3380.      0.127876         3382.
        3384.     0.1344312         3386.
        3388.     0.1408855         3390.
        3392.     0.1474407         3394.
        3396.     0.1533907         3398.
        3400.     0.1613578         3402.
        3404.     0.1682155         3406.
        3408.     0.1756783         3410.
        3412.     0.1830402         3414.
        3416.      0.190503         3418.
        3420.     0.1981675         3422.
        3424.     0.2055295         3426.
        3428.      0.213194         3430.
        3432.     0.2204551         3434.
        3436.     0.2277161         3438.
        3440.     0.2348764         3442.
        3444.     0.2421375         3446.
        3448.     0.2492977         3450.
        3452.     0.2562563         3454.
        3456.     0.2627106         3458.
        3460.     0.2688624         3462.
        3464.     0.2748125         3466.
        3468.     0.2806616         3470.
        3472.     0.2865109         3474.
        3476.     0.2919567         3478.
        3480.     0.2969991         3482.
        3484.     0.3019407         3486.
        3488.     0.3069831         3490.
        3492.     0.3115213         3494.
        3496.     0.3160595         3498.
        3500.     0.3205977         3502.
        3504.     0.3248334         3506.
        3508.     0.3289681         3510.
        3512.     0.3330021         3514.
        3516.     0.3369352         3518.
        3520.       0.34107         3522.
        3524.     0.3454065         3526.
        3528.     0.3497429         3530.
        3532.     0.3537769         3534.
        3536.     0.3579117         3538.
        3540.     0.3621474         3542.
        3544.     0.3666855         3546.
        3548.     0.3709212         3550.
        3552.     0.3753585         3554.
        3556.     0.3798967         3558.
        3560.     0.3846366         3562.
        3564.     0.3894773         3566.
        3568.     0.3941163         3570.
        3572.     0.3993605         3574.
        3576.     0.4045038         3578.
        3580.     0.4100504         3582.
        3584.     0.4148912         3586.
        3588.     0.4200344         3590.
        3592.     0.4253794         3594.
        3596.     0.4306235         3598.
        3600.      0.435666         3602.
        3604.     0.4409101         3606.
        3608.     0.4460534         3610.
        3612.     0.4514992         3614.
        3616.      0.456945         3618.
        3620.     0.4616849         3622.
        3624.     0.4666265         3626.
        3628.     0.4713664         3630.
        3632.     0.4761063         3634.
        3636.     0.4806444         3638.
        3640.     0.4849809         3642.
        3644.     0.4888132         3646.
        3648.     0.4926454         3650.
        3652.     0.4964777         3654.
        3656.     0.4998057         3658.
        3660.     0.5032346         3662.
        3664.     0.5065625         3666.
        3668.     0.5093863         3670.
        3672.     0.5122101         3674.
        3676.     0.5150338         3678.
        3680.     0.5178576         3682.
        3684.      0.520278         3686.
        3688.      0.522194         3690.
        3692.     0.5243119         3694.
        3696.     0.5261272         3698.
        3700.     0.5284467         3702.
        3704.     0.5303628         3706.
        3708.     0.5321781         3710.
        3712.     0.5340942         3714.
        3716.     0.5360103         3718.
        3720.     0.5376239         3722.
        3724.     0.5392374         3726.
        3728.     0.5410528         3730.
        3732.     0.5427672         3734.
        3736.     0.5444816         3738.
        3740.     0.5463977         3742.
        3744.     0.5484147         3746.
        3748.     0.5504317         3750.
        3752.     0.5523478         3754.
        3756.     0.5546674         3758.
        3760.     0.5567852         3762.
        3764.      0.558903         3766.
        3768.     0.5609199         3770.
        3772.     0.5632395         3774.
        3776.     0.5656598         3778.
        3780.      0.568181         3782.
        3784.     0.5705006         3786.
        3788.     0.5730218         3790.
        3792.     0.5754421         3794.
        3796.     0.5784676         3798.
        3800.     0.5810897         3802.
        3804.     0.5836109         3806.
        3808.     0.5864346         3810.
        3812.     0.5889558         3814.
        3816.     0.5912754         3818.
        3820.        0.5942         3822.
        3824.     0.5969229         3826.
        3828.     0.5997466         3830.
        3832.     0.6023687         3834.
        3836.     0.6048899         3838.
        3840.     0.6074111         3842.
        3844.     0.6096298         3846.
        3848.     0.6122519         3850.
        3852.     0.6146722         3854.
        3856.     0.6168909         3858.
        3860.     0.6199164         3862.
        3864.     0.6224376         3866.
        3868.     0.6246563         3870.
        3872.     0.6267741         3874.
        3876.     0.6288919         3878.
        3880.     0.6307071         3882.
        3884.     0.6327241         3886.
        3888.     0.6347411         3890.
        3892.     0.6366572         3894.
        3896.     0.6382708         3898.
        3900.     0.6399852         3902.
        3904.     0.6416997         3906.
        3908.     0.6433132         3910.
        3912.     0.6444226         3914.
        3916.     0.6458344         3918.
        3920.     0.6471455         3922.
        3924.     0.6480531         3926.
        3928.     0.6491625         3930.
        3932.     0.6501709         3934.
        3936.     0.6511794         3938.
        3940.     0.6518853         3942.
        3944.     0.6525913         3946.
        3948.     0.6529947         3950.
        3952.     0.6537006         3954.
        3956.     0.6544065         3958.
        3960.       0.65481         3962.
        3964.     0.6552134         3966.
        3968.     0.6552134         3970.
        3972.     0.6552134         3974.
        3976.     0.6555159         3978.
        3980.     0.6556168         3982.
        3984.     0.6555159         3986.
        3988.     0.6555159         3990.
        3992.     0.6550117         3994.
        3996.     0.6547092         3998.
        4000.     0.6546083         4002.
        4004.      0.654104         4006.
        4008.     0.6540032         4010.
        4012.     0.6534989         4014.
        4016.     0.6530955         4018.
        4020.     0.6525913         4022.
        4024.     0.6518853         4026.
        4028.     0.6509777         4030.
        4032.     0.6503727         4034.
        4036.     0.6500701         4038.
        4040.     0.6492633         4042.
        4044.     0.6490616         4046.
        4048.     0.6486582         4050.
        4052.     0.6483557         4054.
        4056.     0.6478515         4058.
        4060.     0.6472463         4062.
        4064.     0.6467421         4066.
        4068.     0.6463387         4070.
        4072.     0.6460362         4074.
        4076.     0.6459353         4078.
        4080.      0.645431         4082.
        4084.     0.6447251         4086.
        4088.     0.6442209         4090.
        4092.     0.6439183         4094.
        4096.     0.6438175         4098.
        4100.     0.6431116         4102.
        4104.     0.6426073         4106.
        4108.     0.6424056         4110.
        4112.     0.6420022         4114.
        4116.     0.6411954         4118.
        4120.     0.6406912         4122.
        4124.     0.6400861         4126.
        4128.     0.6391785         4130.
        4132.     0.6386742         4134.
        4136.     0.6377665         4138.
        4140.     0.6372623         4142.
        4144.     0.6365564         4146.
        4148.     0.6359513         4150.
        4152.     0.6351445         4154.
        4156.      0.634136         4158.
        4160.     0.6333293         4162.
        4164.     0.6321191         4166.
        4168.     0.6309088         4170.
        4172.     0.6295978         4174.
        4176.     0.6284885         4178.
        4180.     0.6269758         4182.
        4184.     0.6252614         4186.
        4188.     0.6232443         4190.
        4192.     0.6212274         4194.
        4196.     0.6191096         4198.
        4200.     0.6163867         4202.
        4204.     0.6135629         4206.
        4208.     0.6105375         4210.
        4212.     0.6074111         4214.
        4216.     0.6039823         4218.
        4220.     0.6003518         4222.
        4224.     0.5962169         4226.
        4228.      0.592183         4230.
        4232.     0.5879474         4234.
        4236.     0.5832075         4238.
        4240.      0.578871         4242.
        4244.     0.5745345         4246.
        4248.     0.5698954         4250.
        4252.     0.5651556         4254.
        4256.     0.5604157         4258.
        4260.     0.5559784         4262.
        4264.     0.5518436         4266.
        4268.     0.5478096         4270.
        4272.     0.5439773         4274.
        4276.     0.5404477         4278.
        4280.     0.5370188         4282.
        4284.       0.53359         4286.
        4288.     0.5300603         4290.
        4292.     0.5270348         4294.
        4296.     0.5244127         4298.
        4300.     0.5219924         4302.
        4304.     0.5194712         4306.
        4308.     0.5172525         4310.
        4312.     0.5153363         4314.
        4316.     0.5138237         4318.
        4320.     0.5124117         4322.
        4324.     0.5112016         4326.
        4328.     0.5101931         4330.
        4332.     0.5096889         4334.
        4336.     0.5093863         4338.
        4340.     0.5093863         4342.
        4344.     0.5094872         4346.
        4348.     0.5096889         4350.
        4352.     0.5101931         4354.
        4356.     0.5107982         4358.
        4360.     0.5114033         4362.
        4364.     0.5122101         4366.
        4368.     0.5126135         4370.
        4372.     0.5128151         4374.
        4376.     0.5124117         4378.
        4380.     0.5120084         4382.
        4384.     0.5106973         4386.
        4388.     0.5084786         4390.
        4392.      0.505554         4394.
        4396.     0.5013184         4398.
        4400.     0.4959734         4402.
        4404.     0.4891157         4406.
        4408.     0.4808461         4410.
        4412.     0.4708621         4414.
        4416.     0.4594662         4418.
        4420.     0.4464568         4422.
        4424.     0.4314303         4426.
        4428.     0.4151937         4430.
        4432.     0.3977469         4434.
        4436.     0.3792916         4438.
        4440.     0.3598278         4442.
        4444.     0.3398598         4446.
        4448.     0.3197909         4450.
        4452.      0.299722         4454.
        4456.      0.279754         4458.
        4460.     0.2600885         4462.
        4464.     0.2410282         4466.
        4468.     0.2226737         4470.
        4472.     0.2054286         4474.
        4476.     0.1889903         4478.
        4480.     0.1736613         4482.
        4484.     0.1594416         4486.
        4488.     0.1459279         4490.
        4492.     0.1336244         4494.
        4496.     0.1223294         4498.
        4500.     0.1119419         4502.
        4504.     0.1023613         4506.
        4508.    0.09377912         4510.
        4512.    0.08596335         4514.
        4516.    0.07882327         4518.
        4520.    0.07232861         4522.
        4524.    0.06637855         4526.
        4528.    0.06098315         4530.
        4532.    0.05603148         4534.
        4536.     0.0516244         4538.
        4540.    0.04754003         4542.
        4544.    0.04383889         4546.
        4548.    0.04047054         4550.
        4552.    0.03731398         4554.
        4556.    0.03452048         4558.
        4580.    0.02494994         4590.
        4600.    0.01739638         4610.
        4620.    0.01231361         4630.
        4640.   0.008786939         4650.
        4660.   0.006303038         4670.
        4680.   0.004531128         4690.
        4700.   0.003248334         4710.
        4720.   0.002335654         4730.
        4740.   0.001690223         4750.
        4760.   0.001223294         4770.
        4780.   8.858541E-4         4790.
        4800.   6.375649E-4         4810.
        4820.   4.570459E-4         4830.
        4840.   3.269512E-4         4850.
        4860.   2.332628E-4         4870.
        4880.   1.674087E-4         4890.
        4900.   1.203124E-4         4910.
        4920.   8.792990E-5         4930.
        4940.   6.527930E-5         4950.
        4960.   4.949650E-5         4970.
        4980.   3.789891E-5         4990.
        5000.   2.880236E-5         5010.
        5020.   2.135973E-5         5030.
        5040.   1.494576E-5         5050.
        5060.   1.032690E-5         5070.
        5080.   7.024105E-6         5090.
        5100.   4.898217E-6         5110.
        5120.   3.385488E-6         5130.
        5140.   2.510122E-6         5150.
        5160.   1.907047E-6         5170.
        5180.   1.395745E-6         5190.
        5200.   1.068995E-6         5210.
        5220.   8.892830E-7         5230.
        5240.   7.591883E-7         5250.
        5260.   6.583397E-7         5270.
        5280.   5.674751E-7         5290.
        5300.   5.109999E-7         5310.
        5320.   4.644078E-7         5330.
        5340.   5.382290E-7         5350.
        5360.   5.384307E-7         5370.
        5380.   4.867962E-7         5390.
        5400.   5.532554E-7         5410.
        5420.   5.429689E-7         5430.
        5440.   5.455910E-7         5450.
        5460.   5.382290E-7         5470.
        5480.   6.457336E-7         5490.
        5500.   8.965441E-7         5510.
        5520.   1.285820E-6         5530.
        5540.   1.998819E-6         5550.
        5560.   3.238249E-6         5570.
        5580.   5.163448E-6         5590.
        5600.   7.526332E-6         5610.
        5620.   9.751052E-6         5630.
        5640.   1.101267E-5         5650.
        5660.   1.047817E-5         5670.
        5680.   8.187898E-6         5690.
        5700.   5.229000E-6         5710.
        5720.   3.094035E-6         5730.
        5740.   1.727537E-6         5750.
        5760.   9.923504E-7         5770.
        5780.   6.767950E-7         5790.
        5800.   5.101931E-7         5810.
        5820.   4.968811E-7         5830.
        5840.   4.282032E-7         5850.
        5860.   4.650129E-7         5870.
        5880.   4.633993E-7         5890.
        5900.   4.364728E-7         5910.
        5920.   4.495831E-7         5930.
        5940.   4.692485E-7         5950.
        5960.   4.628951E-7         5970.
        5980.   4.478686E-7         5990.
        6000.   4.282032E-7         6010.
        6020.   4.584578E-7         6030.
        6040.   4.339515E-7         6050.
        6060.   4.348592E-7         6070.
        6080.   4.544238E-7         6090.
        6100.   4.527094E-7         6110.
        6120.   4.721732E-7         6130.
        6140.   4.447423E-7         6150.
        6160.   4.783249E-7         6170.
        6180.   4.603739E-7         6190.
        6200.   4.615841E-7         6210.
        6220.   4.247743E-7         6230.
        6240.   4.158996E-7         6250.
        6260.   4.693494E-7         6270.
        6280.   4.672316E-7         6290.
        6300.   4.533145E-7         6310.
        6320.   4.462551E-7         6330.
        6340.   4.567433E-7         6350.
        6360.   4.659206E-7         6370.
        6380.   4.936539E-7         6390.
        6400.   4.755011E-7         6410.
        6420.   4.590628E-7         6430.
        6440.   4.354643E-7         6450.
        6460.   4.705596E-7         6470.
        6480.   3.955282E-7         6490.
        6500.   4.249760E-7         6510.
        6520.   4.294134E-7         6530.
        6540.   4.212446E-7         6550.
        6560.   4.139835E-7         6570.
        6580.   4.498856E-7         6590.
        6600.   4.126725E-7         6610.
        6620.   4.495831E-7         6630.
        6640.   4.389940E-7         6650.
        6660.   4.521043E-7         6670.
        6680.   4.695511E-7         6690.
        6700.   4.254803E-7         6710.
        6720.   4.130759E-7         6730.
        6740.   4.509949E-7         6750.
        6760.   5.174542E-7         6770.
        6780.   6.124536E-7         6790.
        6800.   8.140499E-7         6810.
        6820.   1.098241E-6         6830.
        6840.   1.637781E-6         6850.
        6860.   2.284221E-6         6870.
        6880.   3.184799E-6         6890.
        6900.   4.288082E-6         6910.
        6920.   5.425655E-6         6930.
        6940.   6.570287E-6         6950.
        6960.   7.405313E-6         6970.
        6980.   8.007379E-6         6990.
        7000.   8.216136E-6         7010.
        7020.   8.172770E-6         7030.
        7040.   7.754249E-6         7050.
        7060.   7.086631E-6         7070.
        7080.   6.445234E-6         7090.
        7100.   5.666683E-6         7110.
        7120.   4.897208E-6         7130.
        7140.   4.211437E-6         7150.
        7160.   3.517599E-6         7170.
        7180.   3.026467E-6         7190.
        7200.   2.474825E-6         7210.
        7220.   2.142024E-6         7230.
        7240.   1.818300E-6         7250.
        7260.   1.571221E-6         7270.
        7280.   1.310023E-6         7290.
        7300.   1.169844E-6         7310.
        7320.   9.773238E-7         7330.
        7340.   8.862575E-7         7350.
        7360.   8.539860E-7         7370.
        7380.   7.361948E-7         7390.
        7400.   6.897036E-7         7410.
        7420.   6.437166E-7         7430.
        7440.   6.019653E-7         7450.
        7460.   5.759463E-7         7470.
        7480.   4.668282E-7         7490.
        7500.   5.104957E-7         7510.
        7520.   5.026295E-7         7530.
        7540.   4.814513E-7         7550.
        7560.   4.035961E-7         7570.
        7580.   4.198327E-7         7590.
        7600.   4.260853E-7         7610.
        7620.   4.342541E-7         7630.
        7640.   3.792916E-7         7650.
        7660.   3.993605E-7         7670.
        7680.   4.163030E-7         7690.
        7700.   3.967384E-7         7710.
        7720.   4.064199E-7         7730.
        7740.   4.645087E-7         7750.
        7760.   3.963350E-7         7770.
        7780.   4.147903E-7         7790.
        7800.   3.547854E-7         7810.
        7820.   3.873595E-7         7830.
        7840.   4.022851E-7         7850.
        7860.   3.873595E-7         7870.
        7880.   3.879646E-7         7890.
        7900.   4.083360E-7         7910.
        7920.   4.852835E-7         7930.
        7940.   4.212446E-7         7950.
        7960.   4.314303E-7         7970.
        7980.   4.455491E-7         7990.
        8000.   7.272192E-7         8010.
        8020.   4.907293E-7         8030.
        8040.   3.188833E-7         8050.
        8060.   3.188833E-7         8070.
        8080.   5.383299E-7         8090.
        8100.   3.188833E-7         8110.
        8120.   3.777789E-7         8130.
        8140.   3.488353E-7         8150.
        8160.   3.188833E-7         8170.
        8180.   3.880654E-7         8190.
        8200.   3.188833E-7         8210.
        8220.   3.267495E-7         8230.
        8240.   3.188833E-7         8250.
        8260.   3.188833E-7         8270.
        8280.   3.188833E-7         8290.
        8300.   3.566007E-7         8310.
        8320.   3.188833E-7         8330.
        8340.   3.188833E-7         8350.
        8360.   3.188833E-7         8370.
        8380.   3.188833E-7         8390.
        8400.   3.188833E-7         8410.
        8420.   3.878637E-7         8430.
        8440.   3.188833E-7         8450.
        8460.   3.188833E-7         8470.
        8480.   3.188833E-7         8490.
        8500.   3.188833E-7         8510.
        8520.   3.188833E-7         8530.
        8540.   3.188833E-7         8550.
        8560.   3.536761E-7         8570.
        8580.   3.553905E-7         8590.
        8600.   3.188833E-7         8610.
        8620.   3.951248E-7         8630.
        8640.   4.013774E-7         8650.
        8660.   8.583225E-7         8670.
        8680.   3.188833E-7         8690.
        8700.   3.188833E-7         8710.
        8720.   3.745517E-7         8730.
        8740.   3.188833E-7         8750.
        8760.   3.261444E-7         8770.
        8780.   3.188833E-7         8790.
        8800.   3.188833E-7         8810.
        8820.   3.188833E-7         8830.
        8840.   3.188833E-7         8850.
        8860.   9.426319E-7         8870.
        8880.   3.188833E-7         8890.
        8900.   4.044029E-7         8910.
        8920.   3.188833E-7         8930.
        8940.   3.285647E-7         8950.
        8960.   3.264469E-7         8970.
        8980.   3.188833E-7         8990.
        9000.   3.556930E-7         9010.
        9020.   1.257582E-6         9030.
        9040.   3.258419E-7         9050.
        9060.   3.188833E-7         9070.
        9080.   4.593654E-7         9090.
        9100.   3.914943E-7         9110.
        9120.   4.971836E-7         9130.
        9140.   3.188833E-7         9150.
        9160.   3.602312E-7         9170.
        9180.   3.188833E-7         9190.
        9200.   4.114623E-7         9210.
        9220.   3.188833E-7         9230.
        9240.   3.188833E-7         9250.
        9260.   3.188833E-7         9270.
        9280.   3.870569E-7         9290.
        9300.   5.201771E-7         9310.
        9320.   4.148912E-7         9330.
        9340.   4.582561E-7         9350.
        9360.   6.113442E-7         9370.
        9380.   7.591883E-7         9390.
        9400.   3.188833E-7         9410.
        9420.   3.188833E-7         9430.
        9440.   3.188833E-7         9450.
        9460.   3.188833E-7         9470.
        9480.   3.188833E-7         9490.
        9500.   3.188833E-7         9510.
        9520.   3.188833E-7         9530.
        9540.   9.961825E-7         9550.
        9560.   8.448087E-7         9570.
        9580.   4.404058E-7         9590.
        9600.   3.188833E-7         9610.
        9620.   3.188833E-7         9630.
        9640.   3.188833E-7         9650.
        9660.   3.188833E-7         9670.
        9680.   3.188833E-7         9690.
        9700.   3.188833E-7         9710.
        9720.   3.188833E-7         9730.
        9740.   3.188833E-7         9750.
        9760.   3.188833E-7         9770.
        9780.   7.347829E-7         9790.
        9800.   3.188833E-7         9810.
        9820.   3.188833E-7         9830.
        9840.   3.188833E-7         9850.
        9860.   3.188833E-7         9870.
        9880.   4.192276E-7         9890.
        9900.   5.011167E-7         9910.
        9920.   7.062428E-7         9930.
        9940.   3.188833E-7         9950.
        9960.   3.188833E-7         9970.
        9980.   3.470200E-7         9990.
       10000.   6.201180E-7        10010.
       10020.   3.188833E-7        10030.
       10040.   3.188833E-7        10050.
       10060.   3.188833E-7        10070.
       10080.   3.979486E-7        10090.
       10100.   3.256401E-7        10110.
       10120.   3.188833E-7        10130.
       10140.   3.188833E-7        10150.
       10160.   3.188833E-7        10170.
       10180.   3.188833E-7        10190.
       10200.   3.554913E-7        10210.
       10220.   3.188833E-7        10230.
       10240.   9.182265E-7        10250.
       10260.   3.188833E-7        10270.
       10280.   3.261444E-7        10290.
       10300.   3.857459E-7        10310.
       10320.   3.281614E-7        10330.
       10340.   3.188833E-7        10350.
       10360.   3.188833E-7        10370.
       10380.   3.188833E-7        10390.
       10400.   3.188833E-7        10410.
       10420.   3.188833E-7        10430.
       10440.   3.188833E-7        10450.
       10460.   3.877629E-7        10470.
       10480.   3.188833E-7        10490.
       10500.   3.188833E-7        10510.
       10520.   3.188833E-7        10530.
       10540.   3.188833E-7        10550.
       10560.   6.319174E-7        10570.
       10580.   3.188833E-7        10590.
       10600.   3.188833E-7        10610.
       10620.   3.188833E-7        10630.
       10640.   3.188833E-7        10650.
       10660.   3.445997E-7        10670.
       10680.   3.188833E-7        10690.
       10700.   3.188833E-7        10710.
       10720.   3.631558E-7        10730.
       10740.   4.127733E-7        10750.
       10760.   5.468011E-7        10770.
       10780.   3.188833E-7        10790.
       10800.   3.188833E-7        10810.
       10820.   3.188833E-7        10830.
       10840.   3.877629E-7        10850.
       10860.   3.188833E-7        10870.
       10880.   3.188833E-7        10890.
       10900.   3.846366E-7        10910.
       10920.   3.876621E-7        10930.
       10940.   3.188833E-7        10950.
       10960.   3.188833E-7        10970.
       10980.   3.188833E-7        10990.
       11000.   3.873595E-7         INDEF
