        1850.   1.513327E-5            0.
        1860.   7.523990E-6            0.
        1870.   2.500063E-6            0.
        1880.   1.386390E-6            0.
        1890.   2.758896E-6            0.
        1900.   3.848768E-6            0.
        1910.   1.958598E-6            0.
        1920.   1.920914E-6            0.
        1930.   2.995911E-6            0.
        1940.   3.204167E-6            0.
        1950.   3.206150E-6            0.
        1960.   2.747987E-6            0.
        1970.   1.591671E-6            0.
        1980.   1.726541E-6            0.
        1990.   2.729145E-6            0.
        2000.   2.549648E-6            0.
        2010.   2.191646E-6            0.
        2020.   2.278915E-6            0.
        2030.   2.311641E-6            0.
        2040.   2.080576E-6            0.
        2050.   2.082560E-6            0.
        2060.   1.998266E-6            0.
        2070.   1.914963E-6            0.
        2080.   2.075618E-6            0.
        2090.   2.088510E-6            0.
        2100.   1.998266E-6            0.
        2110.   1.995291E-6            0.
        2120.   2.028017E-6            0.
        2130.   1.925872E-6            0.
        2140.   1.636297E-6            0.
        2150.   1.505393E-6            0.
        2160.   1.582745E-6            0.
        2170.   1.652164E-6            0.
        2180.   1.708691E-6            0.
        2190.   1.719599E-6            0.
        2200.   1.610513E-6            0.
        2210.   1.596629E-6            0.
        2220.   1.581754E-6            0.
        2230.   1.494484E-6            0.
        2240.   1.468700E-6            0.
        2250.   1.516302E-6            0.
        2260.   1.514318E-6            0.
        2270.   1.427049E-6            0.
        2280.   1.324905E-6            0.
        2290.   1.326888E-6            0.
        2300.   1.380439E-6            0.
        2310.   1.428041E-6            0.
        2320.   1.445891E-6            0.
        2330.   1.409199E-6            0.
        2340.   1.325896E-6            0.
        2350.   1.340772E-6            0.
        2360.   1.475642E-6            0.
        2370.   1.561920E-6            0.
        2380.   1.562912E-6            0.
        2390.   1.501426E-6            0.
        2400.   1.455808E-6            0.
        2410.   1.463742E-6            0.
        2420.   1.452833E-6            0.
        2430.   1.415149E-6            0.
        2440.   1.399282E-6            0.
        2450.   1.380439E-6            0.
        2460.   1.342755E-6            0.
        2470.   1.392340E-6            0.
        2480.   1.413165E-6            0.
        2490.   1.345730E-6            0.
        2500.   1.357630E-6            0.
        2510.   1.406224E-6            0.
        2520.   1.379448E-6            0.
        2530.   1.298129E-6            0.
        2540.   1.258461E-6            0.
        2550.   1.300112E-6            0.
        2560.   1.366556E-6            0.
        2570.   1.419116E-6            0.
        2580.   1.412174E-6            0.
        2590.   1.388373E-6            0.
        2600.   1.352672E-6            0.
        2610.   1.309038E-6            0.
        2620.   1.261436E-6            0.
        2630.   1.305071E-6            0.
        2640.   1.403249E-6            0.
        2650.   1.396307E-6            0.
        2660.   1.386390E-6            0.
        2670.   1.417132E-6            0.
        2680.   1.399282E-6            0.
        2690.   1.362589E-6            0.
        2700.   1.348705E-6            0.
        2710.   1.321930E-6            0.
        2720.   1.347714E-6            0.
        2730.   1.396307E-6            0.
        2740.   1.372506E-6            0.
        2750.   1.315979E-6            0.
        2760.   1.295154E-6            0.
        2770.   1.326888E-6            0.
        2780.   1.331847E-6            0.
        2790.   1.289204E-6            0.
        2800.   1.265403E-6            0.
        2810.   1.315979E-6            0.
        2820.   1.329863E-6            0.
        2830.   1.330855E-6            0.
        2840.   1.363581E-6            0.
        2850.   1.343747E-6            0.
        2860.   1.334821E-6            0.
        2870.   1.373498E-6            0.
        2880.   1.345730E-6            0.
        2890.   1.321930E-6            0.
        2900.   1.311021E-6            0.
        2910.   1.289204E-6            0.
        2920.   1.232677E-6            0.
        2930.   1.209868E-6            0.
        2940.   1.283253E-6            0.
        2950.   1.360606E-6            0.
        2960.   1.368539E-6            0.
        2970.   1.322921E-6            0.
        2980.   1.300112E-6            0.
        2990.   1.318954E-6            0.
        3000.   1.370523E-6            0.
        3010.   1.376473E-6            0.
        3020.   1.334821E-6            0.
        3030.   1.295154E-6            0.
        3040.   1.296145E-6            0.
        3050.   1.278295E-6            0.
        3060.   1.263420E-6            0.
        3070.   1.331847E-6            0.
        3080.   1.374489E-6            0.
        3090.   1.374489E-6            0.
        3100.   1.418124E-6            0.
        3110.   1.467709E-6            0.
        3120.   1.496468E-6            0.
        3130.   1.469692E-6            0.
        3140.   1.405232E-6            0.
        3150.   1.383415E-6            0.
        3160.   1.431016E-6            0.
        3170.   1.421099E-6            0.
        3180.   1.356639E-6            0.
        3190.   1.323913E-6            0.
        3200.   1.283253E-6            0.
        3210.   1.276312E-6            0.
        3220.   1.344739E-6            0.
        3230.   1.387381E-6            0.
        3240.   1.318954E-6            0.
        3250.   1.272345E-6            0.
        3260.   1.321930E-6            0.
        3270.   1.377464E-6            0.
        3280.   1.437958E-6            0.
        3290.   1.400273E-6            0.
        3300.   1.355647E-6            0.
        3310.   1.370523E-6            0.
        3320.   1.362589E-6            0.
        3330.   1.364572E-6            0.
        3340.   1.386390E-6            0.
        3350.   1.452833E-6            0.
        3360.   1.527210E-6            0.
        3370.   1.608529E-6            0.
        3380.   1.709682E-6            0.
        3390.   1.658114E-6            0.
        3400.   1.586712E-6            0.
        3410.   1.491509E-6            0.
        3420.   1.356639E-6            0.
        3430.   1.294162E-6            0.
        3440.   1.267386E-6            0.
        3450.   1.265403E-6            0.
        3460.   1.282262E-6            0.
        3470.   1.396307E-6            0.
        3480.   1.481592E-6            0.
        3490.   1.409199E-6            0.
        3500.   1.371514E-6            0.
        3510.   1.417132E-6            0.
        3520.   1.446883E-6            0.
        3530.   1.436966E-6            0.
        3540.   1.486551E-6            0.
        3550.   1.532169E-6            0.
        3560.   1.572828E-6            0.
        3570.   1.596629E-6            0.
        3580.   1.536136E-6            0.
        3590.   1.445891E-6            0.
        3600.   1.513327E-6            0.
        3610.   1.634313E-6            0.
        3620.   1.653156E-6            0.
        3630.   1.704724E-6            0.
        3640.   1.773151E-6            0.
        3650.   1.728524E-6            0.
        3660.   1.734475E-6            0.
        3670.   1.812818E-6            0.
        3680.   1.927855E-6            0.
        3690.   2.086526E-6            0.
        3700.   2.217430E-6            0.
        3710.   2.331475E-6            0.
        3720.   2.522872E-6            0.
        3730.   3.018720E-6            0.
        3818.   3.104997E-5            0.
        3822.   4.441802E-5            0.
        3824.   2.530806E-4            0.
        3826.   3.339037E-4            0.
        3828.   4.982275E-4            0.
        3830.   6.889306E-4            0.
        3832.   0.001077973            0.
        3834.   0.001563903            0.
        3836.   0.002396927            0.
        3838.   0.003667288            0.
        3840.   0.005602085            0.
        3842.   0.008665431            0.
        3844.    0.01341763            0.
        3846.    0.02070659            0.
        3848.    0.03203175            0.
        3850.     0.0487914            0.
        3852.    0.07296892            0.
        3854.     0.1074006            0.
        3856.     0.1511344            0.
        3858.     0.1986365            0.
        3860.      0.244552            0.
        3862.     0.2754929            0.
        3864.     0.2962193            0.
        3866.      0.307128            0.
        3868.     0.3159541            0.
        3870.     0.3233918            0.
        3872.     0.3320195            0.
        3874.     0.3405481            0.
        3876.     0.3483825            0.
        3878.      0.355126            0.
        3880.      0.359787            0.
        3882.     0.3630596            0.
        3884.     0.3651422            0.
        3886.     0.3655388            0.
        3888.     0.3651422            0.
        3890.     0.3650429            0.
        3892.     0.3632579            0.
        3894.      0.361572            0.
        3896.     0.3586961            0.
        3898.     0.3552251            0.
        3900.     0.3514568            0.
        3902.     0.3475891            0.
        3904.     0.3442174            0.
        3906.     0.3410439            0.
        3908.     0.3374738            0.
        3910.     0.3320195            0.
        3912.     0.3204167            0.
        3914.     0.2954259            0.
        3916.     0.2554607            0.
        3918.     0.1997274            0.
        3920.     0.1418124            0.
        3922.    0.09276316            0.
        3924.    0.05854968            0.
        3926.    0.03697039            0.
        3928.    0.02343375            0.
        3930.    0.01533161            0.
        3932.     0.0100657            0.
        3934.   0.006812945            0.
        3936.   0.004755178            0.
        3938.   0.003339037            0.
        3940.   0.002335442            0.
        3942.   0.001742408            0.
        3944.   0.001226727            0.
        3948.   0.001003595            0.
        3950.   9.101777E-4            0.
        4030.   2.521880E-6            0.
        4040.   2.111319E-6            0.
        4050.   1.840586E-6            0.
        4060.   1.675965E-6            0.
        4070.   1.660098E-6            0.
        4080.   1.680923E-6            0.
        4090.   1.600596E-6            0.
        4100.   1.560928E-6            0.
        4110.   1.532169E-6            0.
        4120.   1.461759E-6            0.
        4130.   1.425066E-6            0.
        4140.   1.446883E-6            0.
        4150.   1.465725E-6            0.
        4160.   1.456800E-6            0.
        4170.   1.464734E-6            0.
        4180.   1.444900E-6            0.
        4190.   1.432999E-6            0.
        4200.   1.413165E-6            0.
        4210.   1.353664E-6            0.
        4220.   1.336805E-6            0.
        4230.   1.376473E-6            0.
        4240.   1.413165E-6            0.
        4250.   1.428041E-6            0.
        4260.   1.422091E-6            0.
        4270.   1.418124E-6            0.
        4280.   1.397298E-6            0.
        4290.   1.383415E-6            0.
        4300.   1.359614E-6            0.
        4310.   1.361597E-6            0.
        4320.   1.365564E-6            0.
        4330.   1.312013E-6            0.
        4340.   1.278295E-6            0.
        4350.   1.299121E-6            0.
        4360.   1.331847E-6            0.
        4370.   1.371514E-6            0.
        4380.   1.421099E-6            0.
        4390.   1.457792E-6            0.
        4400.   1.484567E-6            0.
        4410.   1.473659E-6            0.
        4420.   1.430024E-6            0.
        4430.   1.425066E-6            0.
        4440.   1.436966E-6            0.
        4450.   1.379448E-6            0.
        4460.   1.313996E-6            0.
        4470.   1.337797E-6            0.
        4480.   1.386390E-6            0.
        4490.   1.387381E-6            0.
        4500.   1.375481E-6            0.
        4510.   1.380439E-6            0.
        4520.   1.383415E-6            0.
        4530.   1.374489E-6            0.
        4540.   1.377464E-6            0.
        4550.   1.394323E-6            0.
        4560.   1.397298E-6            0.
        4570.   1.394323E-6            0.
        4580.   1.380439E-6            0.
        4590.   1.366556E-6            0.
        4600.   1.377464E-6            0.
        4610.   1.390356E-6            0.
        4620.   1.404240E-6            0.
        4630.   1.416141E-6            0.
        4640.   1.394323E-6            0.
        4650.   1.396307E-6            0.
        4660.   1.403249E-6            0.
        4670.   1.408207E-6            0.
        4680.   1.403249E-6            0.
        4690.   1.403249E-6            0.
        4700.   1.407215E-6            0.
        4710.   1.396307E-6            0.
        4720.   1.374489E-6            0.
        4730.   1.383415E-6            0.
        4740.   1.402257E-6            0.
        4750.   1.385398E-6            0.
        4760.   1.372506E-6            0.
        4770.   1.355647E-6            0.
        4780.   1.332838E-6            0.
        4790.   1.326888E-6            0.
        4800.   1.335813E-6            0.
        4810.   1.353664E-6            0.
        4820.   1.365564E-6            0.
        4830.   1.348705E-6            0.
        4840.   1.308046E-6            0.
        4850.   1.294162E-6            0.
        4860.   1.303087E-6            0.
        4870.   1.301104E-6            0.
        4880.   1.290195E-6            0.
        4890.   1.278295E-6            0.
        4900.   1.266395E-6            0.
        4910.   1.271353E-6            0.
        4920.   1.273336E-6            0.
        4930.   1.274328E-6            0.
        4940.   1.266395E-6            0.
        4950.   1.255486E-6            0.
        4960.   1.268378E-6            0.
        4970.   1.282262E-6            0.
        4980.   1.268378E-6            0.
        4990.   1.277303E-6            0.
        5000.   1.284245E-6            0.
        5010.   1.282262E-6            0.
        5020.   1.312013E-6            0.
        5030.   1.312013E-6            0.
        5040.   1.294162E-6            0.
        5050.   1.292179E-6            0.
        5060.   1.282262E-6            0.
        5070.   1.275320E-6            0.
        5080.   1.278295E-6            0.
        5090.   1.288212E-6            0.
        5100.   1.284245E-6            0.
        5110.   1.269370E-6            0.
        5120.   1.273336E-6            0.
        5130.   1.284245E-6            0.
        5140.   1.281270E-6            0.
        5150.   1.276312E-6            0.
        5160.   1.278295E-6            0.
        5170.   1.292179E-6            0.
        5180.   1.296145E-6            0.
        5190.   1.281270E-6            0.
        5200.   1.283253E-6            0.
        5210.   1.291187E-6            0.
        5220.   1.300112E-6            0.
        5230.   1.304079E-6            0.
        5240.   1.295154E-6            0.
        5250.   1.290195E-6            0.
        5260.   1.294162E-6            0.
        5270.   1.310029E-6            0.
        5280.   1.305071E-6            0.
        5290.   1.285237E-6            0.
        5300.   1.268378E-6            0.
        5310.   1.266395E-6            0.
        5320.   1.274328E-6            0.
        5330.   1.291187E-6            0.
        5340.   1.303087E-6            0.
        5350.   1.309038E-6            0.
        5360.   1.289204E-6            0.
        5370.   1.261436E-6            0.
        5380.   1.263420E-6            0.
        5390.   1.279287E-6            0.
        5400.   1.300112E-6            0.
        5410.   1.307054E-6            0.
        5420.   1.308046E-6            0.
        5430.   1.315979E-6            0.
        5440.   1.313996E-6            0.
        5450.   1.315979E-6            0.
        5460.   1.306062E-6            0.
        5470.   1.284245E-6            0.
        5480.   1.290195E-6            0.
        5490.   1.295154E-6            0.
        5500.   1.295154E-6            0.
        5510.   1.285237E-6            0.
        5520.   1.274328E-6            0.
        5530.   1.280278E-6            0.
        5540.   1.277303E-6            0.
        5550.   1.278295E-6            0.
        5560.   1.296145E-6            0.
        5570.   1.307054E-6            0.
        5580.   1.307054E-6            0.
        5590.   1.306062E-6            0.
        5600.   1.300112E-6            0.
        5610.   1.304079E-6            0.
        5620.   1.298129E-6            0.
        5630.   1.275320E-6            0.
        5640.   1.270361E-6            0.
        5650.   1.258461E-6            0.
        5660.   1.280278E-6            0.
        5670.   1.394323E-6            0.
        5680.   1.539111E-6            0.
        5690.   1.508368E-6            0.
        5700.   1.314988E-6            0.
        5710.   1.322921E-6            0.
        5720.   1.311021E-6            0.
        5730.   1.283253E-6            0.
        5740.   1.289204E-6            0.
        5750.   1.303087E-6            0.
        5760.   1.309038E-6            0.
        5770.   1.304079E-6            0.
        5780.   1.301104E-6            0.
        5790.   1.304079E-6            0.
        5800.   1.286229E-6            0.
        5810.   1.283253E-6            0.
        5820.   1.290195E-6            0.
        5830.   1.277303E-6            0.
        5840.   1.275320E-6            0.
        5850.   1.286229E-6            0.
        5860.   1.290195E-6            0.
        5870.   1.283253E-6            0.
        5880.   1.278295E-6            0.
        5890.   1.287220E-6            0.
        5900.   1.270361E-6            0.
        5910.   1.263420E-6            0.
        5920.   1.270361E-6            0.
        5930.   1.266395E-6            0.
        5940.   1.275320E-6            0.
        5950.   1.294162E-6            0.
        5960.   1.304079E-6            0.
        5970.   1.292179E-6            0.
        5980.   1.282262E-6            0.
        5990.   1.286229E-6            0.
        6000.   1.273336E-6            0.
        6010.   1.266395E-6            0.
        6020.   1.260444E-6            0.
        6030.   1.261436E-6            0.
        6040.   1.258461E-6            0.
        6050.   1.248544E-6            0.
        6060.   1.249536E-6            0.
        6070.   1.250527E-6            0.
        6080.   1.254494E-6            0.
        6090.   1.253503E-6            0.
        6100.   1.260444E-6            0.
        6110.   1.260444E-6            0.
        6120.   1.253503E-6            0.
        6130.   1.259453E-6            0.
        6140.   1.260444E-6            0.
        6150.   1.256478E-6            0.
        6160.   1.266395E-6            0.
        6170.   1.265403E-6            0.
        6180.   1.281270E-6            0.
        6190.   1.265403E-6            0.
        6200.   1.220777E-6            0.
        6210.   1.235652E-6            0.
        6220.   1.262428E-6            0.
        6230.   1.258461E-6            0.
        6240.   1.241602E-6            0.
        6250.   1.238627E-6            0.
        6260.   1.240610E-6            0.
        6270.   1.244577E-6            0.
        6280.   1.268378E-6            0.
        6290.   1.278295E-6            0.
        6300.   1.272345E-6            0.
        6310.   1.270361E-6            0.
        6320.   1.269370E-6            0.
        6330.   1.258461E-6            0.
        6340.   1.244577E-6            0.
        6350.   1.256478E-6            0.
        6360.   1.303087E-6            0.
        6370.   1.317963E-6            0.
        6380.   1.303087E-6            0.
        6390.   1.295154E-6            0.
        6400.   1.281270E-6            0.
        6410.   1.301104E-6            0.
        6420.   1.327880E-6            0.
        6430.   1.300112E-6            0.
        6440.   1.281270E-6            0.
        6450.   1.282262E-6            0.
        6460.   1.284245E-6            0.
        6470.   1.282262E-6            0.
        6480.   1.255486E-6            0.
        6490.   1.222760E-6            0.
        6500.   1.222760E-6            0.
        6510.   1.219785E-6            0.
        6520.   1.222760E-6            0.
        6530.   1.260444E-6            0.
        6540.   1.264411E-6            0.
        6550.   1.257469E-6            0.
        6560.   1.266395E-6            0.
        6570.   1.257469E-6            0.
        6580.   1.232677E-6            0.
        6590.   1.242594E-6            0.
        6600.   1.258461E-6            0.
        6610.   1.237636E-6            0.
        6620.   1.219785E-6            0.
        6630.   1.224744E-6            0.
        6640.   1.212843E-6            0.
        6650.   1.197968E-6            0.
        6660.   1.193009E-6            0.
        6670.   1.170200E-6            0.
        6680.   1.131524E-6            0.
        6690.   1.137474E-6            0.
        6700.   1.150366E-6            0.
        6710.   1.138466E-6            0.
        6720.   1.131524E-6            0.
        6730.   1.131524E-6            0.
        6740.   1.146400E-6            0.
        6750.   1.153341E-6            0.
        6760.   1.136483E-6            0.
        6770.   1.131524E-6            0.
        6780.   1.127557E-6            0.
        6790.   1.122599E-6            0.
        6800.   1.131524E-6            0.
        6810.   1.145408E-6            0.
        6820.   1.161275E-6            0.
        6830.   1.165242E-6            0.
        6840.   1.152350E-6            0.
        6850.   1.163258E-6            0.
        6860.   1.188051E-6            0.
        6870.   1.192018E-6            0.
        6880.   1.179125E-6            0.
        6890.   1.159292E-6            0.
        6900.   1.165242E-6            0.
        6910.   1.169208E-6            0.
        6920.   1.167225E-6            0.
        6930.   1.196976E-6            0.
        6940.   1.222760E-6            0.
        6950.   1.233669E-6            0.
        6960.   1.214827E-6            0.
        6970.   1.188051E-6            0.
        6980.   1.206893E-6            0.
        6990.   1.225735E-6            0.
        7000.   1.214827E-6            0.
        7010.   1.214827E-6            0.
        7020.   1.236644E-6            0.
        7030.   1.248544E-6            0.
        7040.   1.240610E-6            0.
        7050.   1.227718E-6            0.
        7060.   1.220777E-6            0.
        7070.   1.254494E-6            0.
        7080.   1.275320E-6            0.
        7090.   1.276312E-6            0.
        7100.   1.291187E-6            0.
        7110.   1.290195E-6            0.
        7120.   1.317963E-6            0.
        7130.   1.342755E-6            0.
        7140.   1.327880E-6            0.
        7150.   1.321930E-6            0.
        7160.   1.336805E-6            0.
        7170.   1.358622E-6            0.
        7180.   1.355647E-6            0.
        7190.   1.345730E-6            0.
        7200.   1.336805E-6            0.
        7210.   1.311021E-6            0.
        7220.   1.297137E-6            0.
        7230.   1.293170E-6            0.
        7240.   1.293170E-6            0.
        7250.   1.303087E-6            0.
        7260.   1.286229E-6            0.
        7270.   1.249536E-6            0.
        7280.   1.245569E-6            0.
        7290.   1.252511E-6            0.
        7300.   1.256478E-6            0.
        7310.   1.244577E-6            0.
        7320.   1.242594E-6            0.
        7330.   1.241602E-6            0.
        7340.   1.239619E-6            0.
        7350.   1.228710E-6            0.
        7360.   1.228710E-6            0.
        7370.   1.256478E-6            0.
        7380.   1.251519E-6            0.
        7390.   1.222760E-6            0.
        7400.   1.204909E-6            0.
        7410.   1.219785E-6            0.
        7420.   1.261436E-6            0.
        7430.   1.271353E-6            0.
        7440.   1.260444E-6            0.
        7450.   1.248544E-6            0.
        7460.   1.246561E-6            0.
        7470.   1.259453E-6            0.
        7480.   1.258461E-6            0.
        7490.   1.265403E-6            0.
        7500.   1.292179E-6            0.
        7510.   1.315979E-6            0.
        7520.   1.312013E-6            0.
        7530.   1.295154E-6            0.
        7540.   1.291187E-6            0.
        7550.   1.316971E-6            0.
        7560.   1.321930E-6            0.
        7570.   1.315979E-6            0.
        7580.   1.343747E-6            0.
        7590.   1.353664E-6            0.
        7600.   1.322921E-6            0.
        7610.   1.285237E-6            0.
        7620.   1.253503E-6            0.
        7630.   1.250527E-6            0.
        7640.   1.290195E-6            0.
        7650.   1.301104E-6            0.
        7660.   1.276312E-6            0.
        7670.   1.266395E-6            0.
        7680.   1.240610E-6            0.
        7690.   1.230693E-6            0.
        7700.   1.229702E-6            0.
        7710.   1.211851E-6            0.
        7720.   1.220777E-6            0.
        7730.   1.239619E-6            0.
        7740.   1.242594E-6            0.
        7750.   1.233669E-6            0.
        7760.   1.220777E-6            0.
        7770.   1.212843E-6            0.
        7780.   1.200943E-6            0.
        7790.   1.218793E-6            0.
        7800.   1.235652E-6            0.
        7810.   1.196976E-6            0.
        7820.   1.178134E-6            0.
        7830.   1.194001E-6            0.
        7840.   1.199951E-6            0.
        7850.   1.212843E-6            0.
        7860.   1.229702E-6            0.
        7870.   1.270361E-6            0.
        7880.   1.301104E-6            0.
        7890.   1.275320E-6            0.
        7900.   1.265403E-6            0.
        7910.   1.271353E-6            0.
        7920.   1.281270E-6            0.
        7930.   1.289204E-6            0.
        7940.   1.283253E-6            0.
        7950.   1.294162E-6            0.
        7960.   1.335813E-6            0.
        7970.   1.430024E-6            0.
        7980.   1.573820E-6            0.
        7990.   1.613488E-6            0.
        8000.   2.851123E-6            0.
        8010.   5.651671E-6            0.
        8020.   4.140327E-6            0.
        8030.   3.276561E-6            0.
        8040.   5.950171E-6            0.
        8050.   1.032355E-5            0.
        8060.   1.205901E-5            0.
        8070.   1.047230E-5            0.
        8080.   7.989095E-6            0.
        8090.   3.190283E-6            0.
        8100.   2.627992E-6            0.
        8110.   2.403869E-6            0.
        8120.   2.366184E-6            0.
        8130.   3.622662E-6            0.
        8140.   2.576424E-6            0.
        8150.   2.063717E-6            0.
        8160.   1.360606E-6            0.
        8170.   6.623531E-7            0.
        8180.   1.443908E-6            0.
        8190.   1.398290E-6            0.
        8200.   1.756292E-6            0.
        8210.   1.777118E-6            0.
        8220.   7.208631E-7            0.
        8230.   1.478617E-6            0.
        8240.   5.953146E-6            0.
        8250.   8.928230E-6            0.
        8260.   1.122599E-5            0.
        8270.   1.295154E-5            0.
        8280.   8.498827E-6            0.
        8290.   5.200449E-6            0.
        8300.   3.178382E-6            0.
        8310.   2.978060E-6            0.
        8320.   2.909633E-6            0.
        8330.   1.735466E-6            0.
        8340.   8.045623E-7            0.
        8350.   1.006570E-6            0.
        8360.   4.558823E-6            0.
        8370.   5.223258E-6            0.
        8380.   3.040537E-6            0.
        8390.   2.023058E-6            0.
        8400.   1.557953E-6            0.
        8410.   2.525847E-6            0.
        8420.   3.203175E-6            0.
        8430.   2.493121E-6            0.
        8440.   1.912980E-6            0.
        8450.   7.881992E-7            0.
        8460.   8.675348E-7            0.
        8470.   3.700015E-6            0.
        8480.   1.855461E-6            0.
        8490.   4.346599E-7            0.
        8500.   3.145657E-7            0.
        8510.   4.216687E-7            0.
        8520.   1.443908E-6            0.
        8530.   5.676462E-6            0.
        8540.   5.305568E-6            0.
        8550.   3.738690E-6            0.
        8560.   4.730386E-6            0.
        8570.   6.658241E-6            0.
        8580.   7.509115E-6            0.
        8590.   5.147889E-6            0.
        8600.   4.084792E-6            0.
        8610.   7.001367E-6            0.
        8620.   6.333957E-6            0.
        8630.   6.067190E-6            0.
        8640.   5.893643E-6            0.
        8650.   5.553492E-6            0.
        8660.   3.608778E-6            0.
        8670.   9.582750E-7            0.
        8680.   4.212720E-7            0.
        8690.   1.427049E-6            0.
        8700.   4.180986E-6            0.
        8710.   4.835505E-6            0.
        8720.   3.853727E-6            0.
        8730.   8.454201E-7            0.
        8740.   6.185202E-7            0.
        8750.   2.990952E-6            0.
        8760.   5.600102E-6            0.
        8770.   2.588324E-6            0.
        8780.   1.395315E-6            0.
        8790.   2.830298E-6            0.
        8800.   3.586961E-6            0.
        8810.   3.089130E-6            0.
        8820.   3.358871E-6            0.
        8830.   4.283131E-6            0.
        8840.   6.610639E-6            0.
        8850.   7.083678E-6            0.
        8860.   3.600845E-6            0.
        8870.   1.705715E-6            0.
        8880.   2.518905E-6            0.
        8890.   5.078471E-6            0.
        8900.   3.972731E-6            0.
        8910.   9.119628E-7            0.
        8920.   6.040415E-7            0.
        8930.   2.169829E-6            0.
        8940.   6.162394E-6            0.
        8950.   7.450605E-6            0.
        8960.   5.549526E-6            0.
        8970.   2.680552E-6            0.
        8980.   1.841578E-6            0.
        8990.   2.965168E-6            0.
        9000.   2.414777E-6            0.
        9010.   2.703361E-6            0.
        9020.   3.036570E-6            0.
        9030.   1.207885E-6            0.
        9040.   5.346228E-7            0.
        9050.   8.121983E-7            0.
        9060.   1.670015E-6            0.
        9070.   1.841578E-6            0.
        9080.   1.786043E-6            0.
        9090.   1.279287E-6            0.
        9100.   2.127186E-6            0.
        9110.   3.588944E-6            0.
        9120.   3.577044E-6            0.
        9130.   1.380439E-6            0.
        9140.   5.282760E-7            0.
        9150.   1.203918E-6            0.
        9160.   3.638529E-6            0.
        9170.   2.686502E-6            0.
        9180.   1.598612E-6            0.
        9190.   1.198959E-6            0.
        9200.   5.835133E-7            0.
        9210.   1.495476E-6            0.
        9220.   4.918807E-6            0.
        9230.   3.566135E-6            0.
        9240.   1.744392E-6            0.
        9250.   1.146400E-6            0.
        9260.   1.261436E-6            0.
        9270.   1.620430E-6            0.
        9280.   8.646589E-7            0.
        9290.   1.439941E-6            0.
        9300.   2.211480E-6            0.
        9310.   2.460395E-6            0.
        9320.   3.938021E-6            0.
        9330.   2.986986E-6            0.
        9340.   2.141069E-6            0.
        9350.   2.541714E-6            0.
        9360.   2.701378E-6            0.
        9370.   3.914221E-6            0.
        9380.   1.525227E-6            0.
        9390.   1.267386E-6            0.
        9400.   1.948681E-6            0.
        9410.   1.972482E-6            0.
        9420.   4.062974E-6            0.
        9430.   4.011406E-6            0.
        9440.   1.335813E-6            0.
        9450.   1.149375E-6            0.
        9460.   3.867611E-6            0.
        9470.   6.330981E-6            0.
        9480.   2.237264E-6            0.
        9490.   5.371020E-7            0.
        9500.   1.369531E-6            0.
        9510.   3.726790E-6            0.
        9520.   5.448373E-6            0.
        9530.   6.889306E-6            0.
        9540.   5.522750E-6            0.
        9550.   3.929096E-6            0.
        9560.   1.387381E-6            0.
        9570.   1.118632E-6            0.
        9580.   9.555973E-7            0.
        9590.   8.146775E-7            0.
        9600.   9.710678E-7            0.
        9610.   5.887694E-7            0.
        9620.   8.322305E-7            0.
        9630.   1.293170E-6            0.
        9640.   2.680552E-6            0.
        9650.   5.276810E-6            0.
        9660.   4.964425E-6            0.
        9670.   2.076609E-6            0.
        9680.   5.865876E-7            0.
        9690.   5.489032E-7            0.
        9700.   1.476634E-6            0.
        9710.   2.365193E-6            0.
        9720.   1.125574E-6            0.
        9730.   1.005579E-6            0.
        9740.   1.198959E-6            0.
        9750.   6.382550E-7            0.
        9760.   7.597376E-7            0.
        9770.   3.628612E-6            0.
        9780.   3.858685E-6            0.
        9790.   1.177142E-6            0.
        9800.   1.631338E-6            0.
        9810.   1.423082E-6            0.
        9820.   9.559940E-7            0.
        9830.   1.280278E-6            0.
        9840.   1.273336E-6            0.
        9850.   8.307429E-7            0.
        9860.   1.031363E-6            0.
        9870.   1.219785E-6            0.
        9880.   1.444900E-6            0.
        9890.   3.286478E-6            0.
        9900.   1.536136E-6            0.
        9910.   4.605432E-7            0.
        9920.   9.527215E-7            0.
        9930.   2.214455E-6            0.
        9940.   1.733483E-6            0.
        9950.   7.354411E-7            0.
        9960.   7.055910E-7            0.
        9970.   6.178261E-7            0.
        9980.   6.064216E-7            0.
        9990.   1.381431E-6            0.
       10000.   2.410811E-6            0.
       10010.   1.126566E-6            0.
       10020.   3.269618E-7            0.
       10030.   3.227968E-7            0.
       10040.   1.123590E-6            0.
       10050.   4.266272E-6            0.
       10060.   2.673610E-6            0.
       10070.   5.357137E-7            0.
       10080.   3.135740E-7            0.
       10090.   3.332095E-7            0.
       10100.   1.013512E-6            0.
       10110.   1.060122E-6            0.
       10120.   4.594523E-7            0.
       10130.   1.404240E-6            0.
       10140.   3.695056E-6            0.
       10150.   2.969135E-6            0.
       10160.   1.798935E-6            0.
       10170.   1.826702E-6            0.
       10180.   3.534401E-6            0.
       10190.   3.675222E-6            0.
       10200.   1.697782E-6            0.
       10210.   7.100537E-7            0.
       10220.   1.266395E-6            0.
       10230.   2.648817E-6            0.
       10240.   4.450727E-6            0.
       10250.   6.420234E-6            0.
       10260.   3.997523E-6            0.
       10270.   1.325896E-6            0.
       10280.   9.372510E-7            0.
       10290.   1.543078E-6            0.
       10300.   2.118261E-6            0.
       10310.   4.058016E-6            0.
       10320.   1.846536E-6            0.
       10330.   5.948187E-7            0.
       10340.   4.993184E-7            0.
       10350.   1.568862E-6            0.
       10360.   4.164127E-6            0.
       10370.   2.870957E-6            0.
       10380.   1.024421E-6            0.
       10390.   4.813688E-7            0.
       10400.   6.543204E-7            0.
       10410.   8.793360E-7            0.
       10420.   1.053180E-6            0.
       10430.   2.498080E-6            0.
       10440.   1.342755E-6            0.
       10450.   8.079340E-7            0.
       10460.   1.154333E-6            0.
       10470.   5.970996E-7            0.
       10480.   9.448871E-7            0.
       10490.   2.977069E-6            0.
       10500.   5.570351E-6            0.
       10510.   6.219911E-6            0.
       10520.   4.708568E-6            0.
       10530.   2.286849E-6            0.
       10540.   1.160283E-6            0.
       10550.   2.447503E-6            0.
       10560.   6.996409E-6            0.
       10570.   4.623282E-6            0.
       10580.   1.771167E-6            0.
       10590.   9.859433E-7            0.
       10600.   1.253503E-6            0.
       10610.   1.540102E-6            0.
       10620.   1.510352E-6            0.
       10630.   3.651421E-6            0.
       10640.   5.040786E-6            0.
       10650.   4.367425E-6            0.
       10660.   5.128055E-6            0.
       10670.   3.271602E-6            0.
       10680.   1.382423E-6            0.
       10690.   4.305940E-7            0.
       10700.   3.701006E-7            0.
       10710.   6.034464E-7            0.
       10720.   1.110698E-6            0.
       10730.   1.695798E-6            0.
       10740.   4.072892E-6            0.
       10750.   3.544318E-6            0.
       10760.   1.390356E-6            0.
       10770.   1.338788E-6            0.
       10780.   1.976448E-6            0.
       10790.   3.846785E-6            0.
       10800.   2.730136E-6            0.
       10810.   1.632330E-6            0.
       10820.   1.148383E-6            0.
       10830.   1.560928E-6            0.
       10840.   2.696419E-6            0.
       10850.   3.960830E-6            0.
       10860.   1.939756E-6            0.
       10870.   9.316976E-7            0.
       10880.   2.447503E-6            0.
       10890.   5.804391E-6            0.
       10900.   7.617210E-6            0.
       10910.   7.119379E-6            0.
       10920.   5.158798E-6            0.
       10930.   5.097313E-6            0.
       10940.   4.948558E-6            0.
       10950.   3.830918E-6            0.
       10960.   3.864636E-6            0.
       10970.   2.038925E-6            0.
       10980.   1.110698E-6            0.
       10990.   2.558573E-6            0.
       11000.   5.048719E-6            0.
