        1850.   3.153238E-7            0.
        1860.   3.297836E-5            0.
        1870.   4.257171E-6            0.
        1880.   4.717890E-7            0.
        1890.   4.073680E-6            0.
        1900.   3.153238E-7            0.
        1910.   3.153238E-7            0.
        1920.   6.134952E-5            0.
        1930.   4.884428E-6            0.
        1940.   3.153238E-7            0.
        1950.   1.020165E-5            0.
        1960.   2.818169E-5            0.
        1970.   6.053180E-7            0.
        1980.   3.155232E-7            0.
        1990.   1.986480E-5            0.
        2000.   3.294845E-6            0.
        2010.   2.483100E-6            0.
        2020.   1.464929E-5            0.
        2030.   1.809971E-5            0.
        2040.   6.874897E-7            0.
        2050.   6.520880E-6            0.
        2060.   1.743156E-6            0.
        2070.   3.063487E-6            0.
        2080.   2.706479E-6            0.
        2090.   5.724094E-6            0.
        2100.   5.686200E-6            0.
        2110.   2.592795E-6            0.
        2120.   3.153238E-7            0.
        2130.   1.914680E-6            0.
        2140.   1.387146E-6            0.
        2150.   1.509805E-5            0.
        2160.   1.409084E-6            0.
        2170.   3.466368E-7            0.
        2180.   4.399774E-7            0.
        2190.   3.153238E-7            0.
        2200.   4.072683E-7            0.
        2210.   4.780716E-7            0.
        2220.   2.060275E-6            0.
        2230.   7.609854E-7            0.
        2240.   3.174180E-7            0.
        2250.   1.677339E-6            0.
        2260.   9.798772E-7            0.
        2270.   4.466588E-7            0.
        2280.   3.153238E-7            0.
        2290.   3.153238E-7            0.
        2300.   3.433459E-7            0.
        2310.   2.243765E-6            0.
        2320.   4.086644E-7            0.
        2330.   9.363980E-7            0.
        2340.   4.185370E-7            0.
        2350.   2.208862E-6            0.
        2360.   3.673792E-6            0.
        2370.   7.338608E-7            0.
        2380.   8.231128E-6            0.
        2390.   3.410523E-7            0.
        2400.   4.613181E-7            0.
        2410.   3.153238E-7            0.
        2420.   1.083988E-6            0.
        2430.   4.360882E-6            0.
        2440.   7.041434E-7            0.
        2450.   3.153238E-7            0.
        2460.   6.711351E-7            0.
        2470.   1.307367E-6            0.
        2480.   4.070689E-6            0.
        2490.   3.546146E-7            0.
        2500.   4.454622E-7            0.
        2510.   8.727748E-7            0.
        2520.   4.808638E-7            0.
        2530.   3.738612E-7            0.
        2540.   1.353240E-6            0.
        2550.   4.907364E-7            0.
        2560.   3.153238E-7            0.
        2570.   2.282657E-6            0.
        2580.   1.896729E-6            0.
        2590.   1.628475E-6            0.
        2600.   1.039113E-6            0.
        2610.   3.470357E-7            0.
        2620.   1.663378E-6            0.
        2630.   3.680772E-7            0.
        2640.   6.920769E-7            0.
        2650.   4.373846E-7            0.
        2660.   3.392573E-6            0.
        2670.   1.037118E-6            0.
        2680.   4.636118E-7            0.
        2690.   3.153238E-7            0.
        2700.   4.373846E-7            0.
        2710.   3.153238E-7            0.
        2720.   4.089636E-7            0.
        2730.   8.745698E-7            0.
        2740.   6.866919E-7            0.
        2750.   4.520439E-7            0.
        2760.   6.586698E-7            0.
        2770.   1.394126E-6            0.
        2780.   3.281881E-7            0.
        2790.   9.769852E-7            0.
        2800.   3.153238E-7            0.
        2810.   3.153238E-7            0.
        2820.   6.700382E-7            0.
        2830.   7.314674E-7            0.
        2840.   1.204653E-6            0.
        2850.   3.854290E-7            0.
        2860.   2.113128E-6            0.
        2870.   7.703594E-7            0.
        2880.   7.681655E-7            0.
        2890.   1.960552E-6            0.
        2900.   1.340276E-6            0.
        2910.   3.153238E-7            0.
        2920.   1.444985E-6            0.
        2930.   2.291632E-6            0.
        2940.   4.889414E-7            0.
        2950.   2.141051E-6            0.
        2960.   3.153238E-7            0.
        2970.   4.690965E-7            0.
        2980.   4.841547E-7            0.
        2990.   3.153238E-7            0.
        3000.   2.834125E-6            0.
        3010.   3.153238E-7            0.
        3020.   7.402431E-7            0.
        3030.   4.286090E-7            0.
        3040.   7.179052E-7            0.
        3050.   1.338281E-6            0.
        3060.   5.989357E-7            0.
        3070.   1.064043E-6            0.
        3080.   6.860935E-7            0.
        3090.   6.429135E-6            0.
        3100.   1.150802E-5            0.
        3110.   1.188697E-6            0.
        3120.   3.153238E-7            0.
        3130.   4.362877E-7            0.
        3140.   2.135067E-6            0.
        3150.   2.290635E-6            0.
        3160.   3.049526E-6            0.
        3170.   1.078005E-6            0.
        3180.   1.093960E-6            0.
        3190.   4.728860E-7            0.
        3200.   7.581932E-7            0.
        3210.   4.968195E-7            0.
        3220.   5.811850E-7            0.
        3230.   8.638995E-7            0.
        3240.   1.947588E-6            0.
        3250.   3.964982E-7            0.
        3260.   3.153238E-7            0.
        3270.   1.807976E-6            0.
        3280.   3.629913E-6            0.
        3290.   1.218614E-6            0.
        3300.   3.153238E-7            0.
        3310.   4.156450E-7            0.
        3320.   4.865481E-7            0.
        3330.   1.384154E-6            0.
        3340.   6.806088E-7            0.
        3350.   8.413621E-7            0.
        3360.   3.153238E-7            0.
        3370.   3.032573E-6            0.
        3380.   3.886202E-7            0.
        3390.   3.661825E-7            0.
        3400.   3.579055E-7            0.
        3410.   4.310024E-6            0.
        3420.   2.244763E-6            0.
        3430.   4.902378E-7            0.
        3440.   4.450633E-7            0.
        3450.   4.733846E-7            0.
        3460.   2.278668E-6            0.
        3470.   3.470357E-7            0.
        3480.   2.465150E-6            0.
        3490.   1.348254E-6            0.
        3500.   5.516671E-6            0.
        3510.   5.848748E-6            0.
        3520.   3.166202E-7            0.
        3530.   5.141712E-7            0.
        3540.   1.389140E-6            0.
        3550.   6.602653E-7            0.
        3560.   5.204538E-7            0.
        3570.   6.268581E-7            0.
        3580.   1.710248E-6            0.
        3590.   2.910911E-6            0.
        3600.   6.047197E-7            0.
        3610.   3.316784E-7            0.
        3620.   3.936063E-6            0.
        3630.   2.542934E-6            0.
        3640.   3.153238E-7            0.
        3650.   3.431465E-7            0.
        3660.   9.063814E-7            0.
        3670.   3.971963E-7            0.
        3680.   2.585815E-6            0.
        3690.   2.561881E-6            0.
        3700.   9.629242E-7            0.
        3710.   2.011411E-6            0.
        3720.   7.712569E-7            0.
        3730.   5.834787E-7            0.
        3740.   6.146919E-7            0.
        3750.   1.519777E-6            0.
        3760.   3.200108E-7            0.
        3770.   3.153238E-7            0.
        3780.   6.398221E-7            0.
        3790.   3.592019E-7            0.
        3800.   5.882654E-7            0.
        3810.   3.749581E-7            0.
        3820.   2.406314E-6            0.
        3830.   7.365534E-7            0.
        3840.   3.153238E-7            0.
        3850.   3.153238E-7            0.
        3860.   4.063708E-7            0.
        3870.   3.723653E-7            0.
        3880.   6.176836E-7            0.
        3890.   3.304817E-7            0.
        3900.   2.875011E-6            0.
        3910.   9.551459E-7            0.
        3920.   3.876229E-7            0.
        3930.   3.153238E-7            0.
        3940.   6.873900E-7            0.
        3950.   3.564097E-7            0.
        3960.   5.812848E-7            0.
        3970.   3.178169E-7            0.
        3980.   4.674012E-7            0.
        3990.   3.153238E-7            0.
        4000.   1.192686E-6            0.
        4010.   3.872240E-7            0.
        4020.   1.349251E-6            0.
        4030.   5.529635E-7            0.
        4040.   3.153238E-7            0.
        4050.   3.153238E-7            0.
        4060.   7.120215E-7            0.
        4070.   5.035009E-7            0.
        4080.   1.753129E-6            0.
        4090.   1.212630E-6            0.
        4100.   3.510246E-7            0.
        4110.   3.153238E-7            0.
        4120.   4.427697E-7            0.
        4130.   6.605645E-7            0.
        4140.   4.156450E-7            0.
        4150.   3.153238E-7            0.
        4160.   7.378497E-7            0.
        4170.   3.153238E-7            0.
        4180.   3.153238E-7            0.
        4190.   4.136506E-7            0.
        4200.   3.377615E-7            0.
        4210.   4.191353E-7            0.
        4220.   4.734843E-7            0.
        4230.   5.459829E-7            0.
        4240.   3.983930E-7            0.
        4250.   5.985368E-7            0.
        4260.   3.153238E-7            0.
        4270.   3.153238E-7            0.
        4280.   3.153238E-7            0.
        4290.   3.153238E-7            0.
        4300.   3.153238E-7            0.
        4310.   3.153238E-7            0.
        4320.   3.153238E-7            0.
        4330.   3.153238E-7            0.
        4340.   3.153238E-7            0.
        4350.   3.153238E-7            0.
        4360.   3.153238E-7            0.
        4370.   3.153238E-7            0.
        4380.   3.153238E-7            0.
        4390.   6.517889E-7            0.
        4400.   1.496841E-5            0.
        4410.   2.945814E-5            0.
        4420.   3.777503E-5            0.
        4430.   4.514456E-5            0.
        4440.   4.090633E-5            0.
        4450.   2.952795E-5            0.
        4460.   1.877782E-5            0.
        4470.   7.569965E-6            0.
        4480.   1.547699E-6            0.
        4490.   3.434457E-7            0.
        4500.   3.973958E-7            0.
        4510.   3.153238E-7            0.
        4520.   1.324320E-6            0.
        4530.   1.628475E-6            0.
        4540.   5.294289E-7            0.
        4550.   8.347804E-7            0.
        4560.   3.896174E-7            0.
        4570.   3.153238E-7            0.
        4580.   5.254400E-7            0.
        4590.   3.721659E-7            0.
        4600.   6.729301E-7            0.
        4610.   7.353567E-7            0.
        4620.   4.731852E-7            0.
        4630.   8.326862E-7            0.
        4640.   3.153238E-7            0.
        4650.   3.153238E-7            0.
        4660.   3.153238E-7            0.
        4670.   3.153238E-7            0.
        4680.   6.247640E-7            0.
        4690.   3.153238E-7            0.
        4700.   6.014288E-7            0.
        4710.   6.530853E-7            0.
        4720.   6.599661E-7            0.
        4730.   6.077113E-7            0.
        4740.   3.153238E-7            0.
        4750.   3.153238E-7            0.
        4760.   7.445312E-7            0.
        4770.   3.153238E-7            0.
        4780.   4.229248E-7            0.
        4790.   3.153238E-7            0.
        4800.   5.768970E-7            0.
        4810.   3.153238E-7            0.
        4820.   3.153238E-7            0.
        4830.   3.193127E-7            0.
        4840.   3.879221E-7            0.
        4850.   3.153238E-7            0.
        4860.   3.153238E-7            0.
        4870.   3.838335E-7            0.
        4880.   3.153238E-7            0.
        4890.   4.874456E-7            0.
        4900.   6.421158E-7            0.
        4910.   6.491961E-7            0.
        4920.   3.153238E-7            0.
        4930.   7.464259E-7            0.
        4940.   6.532847E-7            0.
        4950.   3.353681E-7            0.
        4960.   3.746590E-7            0.
        4970.   6.078110E-7            0.
        4980.   3.204097E-7            0.
        4990.   6.073124E-7            0.
        5000.   3.153238E-7            0.
        5010.   3.704706E-7            0.
        5020.   3.186147E-7            0.
        5030.   1.003212E-6            0.
        5040.   3.448418E-7            0.
        5050.   3.153238E-7            0.
        5060.   3.856285E-7            0.
        5070.   4.747807E-7            0.
        5080.   3.306811E-7            0.
        5090.   4.021825E-7            0.
        5100.   6.134953E-7            0.
        5110.   5.520660E-7            0.
        5120.   3.432462E-7            0.
        5130.   3.153238E-7            0.
        5140.   4.387807E-7            0.
        5150.   1.298392E-6            0.
        5160.   8.066585E-7            0.
        5170.   3.313792E-7            0.
        5180.   3.153238E-7            0.
        5190.   3.153238E-7            0.
        5200.   3.153238E-7            0.
        5210.   3.153238E-7            0.
        5220.   8.357776E-7            0.
        5230.   5.741048E-7            0.
        5240.   5.150688E-7            0.
        5250.   4.827585E-7            0.
        5260.   5.800881E-7            0.
        5270.   4.548361E-7            0.
        5280.   8.179272E-7            0.
        5290.   3.153238E-7            0.
        5300.   3.519221E-7            0.
        5310.   4.405758E-7            0.
        5320.   1.118891E-6            0.
        5330.   7.012514E-7            0.
        5340.   6.190797E-7            0.
        5350.   3.877226E-7            0.
        5360.   1.212630E-6            0.
        5370.   7.015506E-7            0.
        5380.   3.153238E-7            0.
        5390.   3.153238E-7            0.
        5400.   1.309362E-6            0.
        5410.   3.153238E-7            0.
        5420.   3.800440E-7            0.
        5430.   9.450739E-7            0.
        5440.   6.804094E-7            0.
        5450.   5.306255E-7            0.
        5460.   3.214069E-7            0.
        5470.   3.153238E-7            0.
        5480.   3.913127E-7            0.
        5490.   3.153238E-7            0.
        5500.   1.188697E-6            0.
        5510.   1.480885E-6            0.
        5520.   6.877888E-7            0.
        5530.   3.153238E-7            0.
        5540.   4.122545E-7            0.
        5550.   3.153238E-7            0.
        5560.   4.227253E-7            0.
        5570.   7.213954E-7            0.
        5580.   1.109916E-6            0.
        5590.   6.094066E-7            0.
        5600.   8.652956E-7            0.
        5610.   4.025813E-7            0.
        5620.   7.260824E-7            0.
        5630.   4.123542E-7            0.
        5640.   4.312018E-7            0.
        5650.   4.799663E-7            0.
        5660.   5.978388E-7            0.
        5670.   9.733951E-7            0.
        5680.   3.153238E-7            0.
        5690.   3.153238E-7            0.
        5700.   3.956007E-7            0.
        5710.   7.547029E-7            0.
        5720.   3.493293E-7            0.
        5730.   3.153238E-7            0.
        5740.   3.447420E-7            0.
        5750.   3.153238E-7            0.
        5760.   1.344265E-6            0.
        5770.   3.153238E-7            0.
        5780.   4.481547E-7            0.
        5790.   3.257947E-7            0.
        5800.   5.363098E-7            0.
        5810.   5.202543E-7            0.
        5820.   1.902713E-6            0.
        5830.   1.010193E-6            0.
        5840.   1.066038E-6            0.
        5850.   3.153238E-7            0.
        5860.   3.153238E-7            0.
        5870.   8.816502E-7            0.
        5880.   4.097614E-7            0.
        5890.   6.527861E-7            0.
        5900.   5.323208E-7            0.
        5910.   5.495729E-7            0.
        5920.   9.926417E-7            0.
        5930.   5.774953E-7            0.
        5940.   4.765757E-7            0.
        5950.   3.153238E-7            0.
        5960.   4.420716E-7            0.
        5970.   8.990019E-7            0.
        5980.   1.059057E-6            0.
        5990.   3.153238E-7            0.
        6000.   1.227589E-6            0.
        6010.   1.543710E-6            0.
        6020.   3.153238E-7            0.
        6030.   3.153238E-7            0.
        6040.   1.780054E-6            0.
        6050.   1.280442E-6            0.
        6060.   8.885310E-7            0.
        6070.   3.605980E-7            0.
        6080.   3.153238E-7            0.
        6090.   4.901380E-7            0.
        6100.   9.992234E-7            0.
        6110.   1.241550E-6            0.
        6120.   3.153238E-7            0.
        6130.   7.556004E-7            0.
        6140.   4.856506E-7            0.
        6150.   9.283204E-7            0.
        6160.   3.153238E-7            0.
        6170.   3.153238E-7            0.
        6180.   4.229248E-7            0.
        6190.   1.090969E-6            0.
        6200.   3.170191E-7            0.
        6210.   3.153238E-7            0.
        6220.   5.214511E-7            0.
        6230.   2.280663E-6            0.
        6240.   1.431024E-6            0.
        6250.   5.250411E-7            0.
        6260.   1.635456E-6            0.
        6270.   6.606642E-7            0.
        6280.   4.633126E-7            0.
        6290.   3.153238E-7            0.
        6300.   6.348360E-7            0.
        6310.   3.253958E-7            0.
        6320.   4.109581E-7            0.
        6330.   2.113128E-6            0.
        6340.   4.332960E-7            0.
        6350.   1.304376E-6            0.
        6360.   4.250190E-7            0.
        6370.   3.788473E-7            0.
        6380.   1.552685E-6            0.
        6390.   2.052297E-6            0.
        6400.   7.436336E-7            0.
        6410.   3.773514E-7            0.
        6420.   1.443988E-6            0.
        6430.   4.339940E-7            0.
        6440.   1.509805E-6            0.
        6450.   4.805646E-7            0.
        6460.   6.977612E-7            0.
        6470.   7.760436E-7            0.
        6480.   1.260497E-6            0.
        6490.   8.008746E-7            0.
        6500.   4.395785E-7            0.
        6510.   5.819828E-7            0.
        6520.   3.153238E-7            0.
        6530.   5.937501E-7            0.
        6540.   1.264486E-6            0.
        6550.   1.226592E-6            0.
        6560.   1.441993E-6            0.
        6570.   3.540163E-7            0.
        6580.   6.892847E-7            0.
        6590.   7.906031E-7            0.
        6600.   3.680772E-7            0.
        6610.   5.816837E-7            0.
        6620.   1.395123E-6            0.
        6630.   9.937387E-7            0.
        6640.   5.089857E-7            0.
        6650.   4.666034E-7            0.
        6660.   8.122431E-7            0.
        6670.   7.557999E-7            0.
        6680.   4.775729E-7            0.
        6690.   4.697946E-7            0.
        6700.   1.065040E-6            0.
        6710.   7.164093E-7            0.
        6720.   1.706259E-6            0.
        6730.   1.404098E-6            0.
        6740.   4.220273E-6            0.
        6750.   7.455284E-6            0.
        6760.   9.817720E-6            0.
        6770.   1.498835E-5            0.
        6780.   2.213848E-5            0.
        6790.   3.255953E-5            0.
        6800.   5.171630E-5            0.
        6810.   7.901045E-5            0.
        6820.   1.225594E-4            0.
        6830.   1.856840E-4            0.
        6840.   2.902934E-4            0.
        6850.   4.246201E-4            0.
        6860.   6.539827E-4            0.
        6870.   9.398884E-4            0.
        6880.   0.001412076            0.
        6890.   0.001942602            0.
        6920.   0.003822379            0.
        6922.   0.004080661            0.
        6924.   0.004401769            0.
        6926.   0.004720882            0.
        6928.   0.005078887            0.
        6930.   0.005416948            0.
        6932.   0.005794897            0.
        6934.   0.006232681            0.
        6936.   0.006670465            0.
        6938.   0.007128193            0.
        6940.   0.007626807            0.
        6942.   0.008184258            0.
        6944.   0.008722763            0.
        6946.   0.009318108            0.
        6948.   0.009972289            0.
        6950.    0.01063046            0.
        6952.    0.01138835            0.
        6954.    0.01214625            0.
        6956.    0.01294403            0.
        6958.    0.01383157            0.
        6960.    0.01474902            0.
        6962.     0.0157263            0.
        6964.    0.01682325            0.
        6966.    0.01793018            0.
        6968.    0.01916674            0.
        6970.    0.02040331            0.
        6972.    0.02175954            0.
        6974.    0.02316563            0.
        6976.    0.02470136            0.
        6978.    0.02631687            0.
        6980.    0.02806202            0.
        6982.     0.0299069            0.
        6984.    0.03186147            0.
        6986.    0.03397559            0.
        6988.    0.03615952            0.
        6990.     0.0384731            0.
        6992.    0.04097614            0.
        6994.     0.0435789            0.
        6996.     0.0463512            0.
        6998.    0.04927308            0.
        7000.    0.05245424            0.
        7002.     0.0558548            0.
        7004.    0.05945479            0.
        7006.    0.06327418            0.
        7008.    0.06739274            0.
        7010.    0.07167085            0.
        7012.    0.07614841            0.
        7014.    0.08092514            0.
        7016.    0.08610075            0.
        7018.    0.09154562            0.
        7020.    0.09735946            0.
        7022.     0.1035124            0.
        7024.     0.1098946            0.
        7026.     0.1167755            0.
        7028.     0.1242547            0.
        7030.     0.1319334            0.
        7032.     0.1401107            0.
        7034.     0.1486868            0.
        7036.     0.1577616            0.
        7038.      0.167335            0.
        7040.      0.177407            0.
        7042.     0.1881771            0.
        7044.     0.1993461            0.
        7046.     0.2109139            0.
        7048.     0.2229804            0.
        7050.     0.2355455            0.
        7052.     0.2488086            0.
        7054.     0.2625704            0.
        7056.     0.2770302            0.
        7058.     0.2919886            0.
        7060.     0.3074457            0.
        7062.     0.3233016            0.
        7064.     0.3394568            0.
        7066.     0.3563099            0.
        7068.      0.373562            0.
        7070.     0.3911132            0.
        7072.      0.409163            0.
        7074.     0.4278112            0.
        7076.     0.4466588            0.
        7078.     0.4655065            0.
        7080.     0.4844538            0.
        7082.     0.5037004            0.
        7084.     0.5231463            0.
        7086.     0.5425923            0.
        7088.     0.5615396            0.
        7090.     0.5806865            0.
        7092.     0.5993347            0.
        7094.     0.6175839            0.
        7096.     0.6354343            0.
        7098.      0.653185            0.
        7100.     0.6702376            0.
        7102.     0.6868913            0.
        7104.      0.702847            0.
        7106.     0.7181046            0.
        7108.     0.7327638            0.
        7110.      0.746725            0.
        7112.     0.7598885            0.
        7114.     0.7718552            0.
        7116.     0.7837223            0.
        7118.     0.7947915            0.
        7120.     0.8053622            0.
        7122.     0.8154342            0.
        7124.     0.8244092            0.
        7126.     0.8330851            0.
        7128.     0.8410629            0.
        7130.     0.8483427            0.
        7132.     0.8550241            0.
        7134.     0.8613067            0.
        7136.     0.8671903            0.
        7138.     0.8721765            0.
        7140.     0.8769632            0.
        7142.     0.8810518            0.
        7144.     0.8850407            0.
        7146.     0.8883316            0.
        7148.     0.8916224            0.
        7150.     0.8946141            0.
        7152.     0.8973066            0.
        7154.     0.8996003            0.
        7156.     0.9016945            0.
        7158.     0.9039881            0.
        7160.     0.9058828            0.
        7162.     0.9074784            0.
        7164.     0.9088745            0.
        7166.     0.9102706            0.
        7168.     0.9114673            0.
        7170.     0.9129631            0.
        7172.     0.9141598            0.
        7174.     0.9152567            0.
        7176.     0.9164535            0.
        7178.     0.9176501            0.
        7180.     0.9185476            0.
        7182.     0.9193454            0.
        7184.     0.9203426            0.
        7186.     0.9213399            0.
        7188.     0.9220379            0.
        7190.     0.9230351            0.
        7192.     0.9240323            0.
        7194.     0.9249299            0.
        7196.     0.9261265            0.
        7198.     0.9272235            0.
        7200.     0.9283204            0.
        7202.     0.9295171            0.
        7204.     0.9306141            0.
        7206.     0.9318108            0.
        7208.      0.932808            0.
        7210.     0.9339049            0.
        7212.     0.9348024            0.
        7214.     0.9359991            0.
        7216.     0.9371958            0.
        7218.     0.9380933            0.
        7220.     0.9391903            0.
        7222.      0.940387            0.
        7224.     0.9414839            0.
        7226.       0.94288            0.
        7228.     0.9442762            0.
        7230.     0.9453731            0.
        7232.     0.9465697            0.
        7234.      0.947567            0.
        7236.     0.9486639            0.
        7238.     0.9499604            0.
        7240.      0.951157            0.
        7242.      0.952254            0.
        7244.     0.9532512            0.
        7246.     0.9543481            0.
        7248.     0.9552456            0.
        7250.     0.9559437            0.
        7252.     0.9569409            0.
        7254.     0.9579382            0.
        7256.     0.9588357            0.
        7258.     0.9596335            0.
        7260.     0.9607304            0.
        7262.     0.9613287            0.
        7264.     0.9621265            0.
        7266.     0.9629243            0.
        7268.     0.9633232            0.
        7270.     0.9638218            0.
        7272.     0.9645199            0.
        7274.     0.9652179            0.
        7276.     0.9654174            0.
        7278.     0.9657165            0.
        7280.     0.9660157            0.
        7282.     0.9665143            0.
        7284.     0.9668135            0.
        7286.     0.9670129            0.
        7288.     0.9673122            0.
        7290.     0.9675115            0.
        7292.     0.9673122            0.
        7294.     0.9671127            0.
        7296.     0.9671127            0.
        7298.     0.9667138            0.
        7300.     0.9663149            0.
        7302.     0.9663149            0.
        7304.     0.9662152            0.
        7306.     0.9660157            0.
        7308.     0.9658163            0.
        7310.     0.9651182            0.
        7312.     0.9647194            0.
        7314.     0.9641209            0.
        7316.     0.9634229            0.
        7318.     0.9631237            0.
        7320.     0.9625254            0.
        7322.     0.9620268            0.
        7324.      0.961229            0.
        7326.     0.9604312            0.
        7328.     0.9596335            0.
        7330.     0.9592345            0.
        7332.     0.9585365            0.
        7334.     0.9578384            0.
        7336.     0.9569409            0.
        7338.      0.955844            0.
        7340.     0.9546473            0.
        7342.     0.9537498            0.
        7344.      0.952952            0.
        7346.      0.952254            0.
        7348.     0.9516556            0.
        7350.     0.9507581            0.
        7352.     0.9499604            0.
        7354.     0.9490628            0.
        7356.     0.9479659            0.
        7358.     0.9470683            0.
        7360.     0.9461709            0.
        7362.     0.9450739            0.
        7364.     0.9441764            0.
        7366.     0.9431792            0.
        7368.     0.9419825            0.
        7370.     0.9409853            0.
        7372.     0.9402872            0.
        7374.     0.9394894            0.
        7376.     0.9384922            0.
        7378.     0.9379936            0.
        7380.     0.9368966            0.
        7382.     0.9361985            0.
        7384.     0.9354008            0.
        7386.     0.9347028            0.
        7388.     0.9338052            0.
        7390.     0.9331071            0.
        7392.     0.9322097            0.
        7394.     0.9314119            0.
        7396.     0.9306141            0.
        7398.     0.9300157            0.
        7400.     0.9291182            0.
        7402.     0.9286197            0.
        7404.     0.9280213            0.
        7406.     0.9275227            0.
        7408.     0.9271238            0.
        7410.      0.926326            0.
        7412.     0.9258274            0.
        7414.     0.9252291            0.
        7416.     0.9246307            0.
        7418.     0.9239327            0.
        7420.     0.9235338            0.
        7422.     0.9233343            0.
        7424.     0.9231349            0.
        7426.     0.9226362            0.
        7428.     0.9224368            0.
        7430.     0.9219382            0.
        7432.     0.9217387            0.
        7434.     0.9214396            0.
        7436.     0.9213399            0.
        7438.     0.9212402            0.
        7440.     0.9211404            0.
        7442.     0.9210407            0.
        7444.     0.9209409            0.
        7446.     0.9206418            0.
        7448.     0.9206418            0.
        7450.     0.9207416            0.
        7452.     0.9205421            0.
        7454.     0.9208412            0.
        7456.     0.9209409            0.
        7458.     0.9208412            0.
        7460.     0.9209409            0.
        7462.     0.9209409            0.
        7464.     0.9210407            0.
        7466.     0.9212402            0.
        7468.     0.9215393            0.
        7470.     0.9217387            0.
        7472.     0.9219382            0.
        7474.     0.9223371            0.
        7476.     0.9226362            0.
        7478.     0.9228357            0.
        7480.     0.9231349            0.
        7482.     0.9237332            0.
        7484.     0.9241321            0.
        7486.     0.9243315            0.
        7488.     0.9250296            0.
        7490.     0.9255282            0.
        7492.     0.9259271            0.
        7494.      0.926326            0.
        7496.     0.9266251            0.
        7498.     0.9268246            0.
        7500.     0.9274229            0.
        7502.     0.9277221            0.
        7504.     0.9283204            0.
        7506.     0.9291182            0.
        7508.     0.9294174            0.
        7510.     0.9301155            0.
        7512.     0.9308135            0.
        7514.     0.9315116            0.
        7516.     0.9320102            0.
        7518.     0.9327083            0.
        7520.     0.9331071            0.
        7522.     0.9338052            0.
        7524.     0.9347028            0.
        7526.     0.9354008            0.
        7528.     0.9359991            0.
        7530.     0.9367969            0.
        7532.     0.9373952            0.
        7534.     0.9379936            0.
        7536.     0.9383925            0.
        7538.     0.9388911            0.
        7540.     0.9390905            0.
        7542.     0.9397886            0.
        7544.      0.940387            0.
        7546.     0.9409853            0.
        7548.     0.9417831            0.
        7550.     0.9426805            0.
        7552.     0.9431792            0.
        7554.     0.9438772            0.
        7556.     0.9449742            0.
        7558.     0.9454728            0.
        7560.     0.9459714            0.
        7562.      0.946869            0.
        7564.     0.9473675            0.
        7566.     0.9479659            0.
        7568.     0.9485642            0.
        7570.     0.9494617            0.
        7572.     0.9505587            0.
        7574.     0.9512567            0.
        7576.     0.9518551            0.
        7578.     0.9518551            0.
        7580.     0.9524534            0.
        7582.      0.952952            0.
        7584.     0.9534506            0.
        7586.     0.9538495            0.
        7588.     0.9544478            0.
        7590.     0.9551459            0.
        7592.      0.955844            0.
        7594.     0.9563426            0.
        7596.     0.9567415            0.
        7598.     0.9571404            0.
        7600.     0.9578384            0.
        7602.     0.9583371            0.
        7604.     0.9588357            0.
        7606.     0.9592345            0.
        7608.     0.9597332            0.
        7610.     0.9604312            0.
        7612.     0.9607304            0.
        7614.     0.9614285            0.
        7616.     0.9619271            0.
        7618.     0.9623259            0.
        7620.     0.9631237            0.
        7622.     0.9634229            0.
        7624.     0.9639215            0.
        7626.     0.9644202            0.
        7628.     0.9649187            0.
        7630.     0.9651182            0.
        7632.     0.9656168            0.
        7634.     0.9657165            0.
        7636.     0.9660157            0.
        7638.     0.9667138            0.
        7640.     0.9670129            0.
        7642.     0.9675115            0.
        7644.      0.967711            0.
        7646.     0.9681099            0.
        7648.     0.9684091            0.
        7650.     0.9685088            0.
        7652.     0.9686085            0.
        7654.     0.9687083            0.
        7656.     0.9691072            0.
        7658.     0.9694063            0.
        7660.     0.9699049            0.
        7662.     0.9704036            0.
        7664.     0.9707027            0.
        7666.     0.9709021            0.
        7668.     0.9712013            0.
        7670.     0.9714007            0.
        7672.     0.9716002            0.
        7674.     0.9716999            0.
        7676.      0.971999            0.
        7678.      0.972398            0.
        7680.     0.9724977            0.
        7682.     0.9727969            0.
        7684.     0.9729964            0.
        7686.     0.9729964            0.
        7688.     0.9732955            0.
        7690.     0.9733952            0.
        7692.     0.9737941            0.
        7694.     0.9738938            0.
        7696.     0.9743925            0.
        7698.     0.9742927            0.
        7700.     0.9744921            0.
        7702.     0.9746916            0.
        7704.     0.9745919            0.
        7706.     0.9745919            0.
        7708.     0.9747913            0.
        7710.     0.9745919            0.
        7712.     0.9749908            0.
        7714.     0.9750905            0.
        7716.     0.9750905            0.
        7718.      0.974891            0.
        7720.     0.9751902            0.
        7722.     0.9753897            0.
        7724.     0.9752899            0.
        7726.     0.9753897            0.
        7728.     0.9752899            0.
        7730.     0.9754894            0.
        7732.     0.9756888            0.
        7734.     0.9757886            0.
        7736.     0.9758883            0.
        7738.     0.9761875            0.
        7740.     0.9760877            0.
        7742.     0.9758883            0.
        7744.      0.975988            0.
        7746.     0.9761875            0.
        7748.     0.9762871            0.
        7750.     0.9763869            0.
        7752.     0.9763869            0.
        7754.     0.9761875            0.
        7756.     0.9760877            0.
        7758.      0.975988            0.
        7760.      0.975988            0.
        7762.      0.975988            0.
        7764.     0.9758883            0.
        7766.     0.9758883            0.
        7768.     0.9756888            0.
        7770.     0.9757886            0.
        7772.     0.9761875            0.
        7774.     0.9760877            0.
        7776.     0.9762871            0.
        7778.     0.9763869            0.
        7780.     0.9761875            0.
        7782.     0.9761875            0.
        7784.     0.9757886            0.
        7786.     0.9754894            0.
        7788.     0.9754894            0.
        7790.     0.9753897            0.
        7792.     0.9752899            0.
        7794.     0.9752899            0.
        7796.     0.9754894            0.
        7798.     0.9752899            0.
        7800.     0.9749908            0.
        7802.     0.9749908            0.
        7804.     0.9744921            0.
        7806.     0.9746916            0.
        7808.     0.9744921            0.
        7810.     0.9744921            0.
        7812.     0.9743925            0.
        7814.     0.9742927            0.
        7816.     0.9740933            0.
        7818.     0.9739935            0.
        7820.     0.9739935            0.
        7822.     0.9738938            0.
        7824.     0.9736944            0.
        7826.     0.9735947            0.
        7828.     0.9733952            0.
        7830.     0.9734949            0.
        7832.      0.973096            0.
        7834.     0.9732955            0.
        7836.     0.9732955            0.
        7838.     0.9729964            0.
        7840.     0.9726971            0.
        7842.      0.972398            0.
        7844.     0.9718994            0.
        7846.      0.971999            0.
        7848.     0.9716002            0.
        7850.     0.9715005            0.
        7852.     0.9714007            0.
        7854.     0.9711016            0.
        7856.     0.9711016            0.
        7858.     0.9711016            0.
        7860.     0.9715005            0.
        7862.     0.9714007            0.
        7864.     0.9712013            0.
        7866.     0.9711016            0.
        7868.     0.9708024            0.
        7870.     0.9705033            0.
        7872.     0.9702041            0.
        7874.     0.9700046            0.
        7876.     0.9697055            0.
        7878.     0.9698052            0.
        7880.     0.9690074            0.
        7882.     0.9687083            0.
        7884.     0.9685088            0.
        7886.     0.9683093            0.
        7888.     0.9681099            0.
        7890.     0.9681099            0.
        7892.     0.9682096            0.
        7894.     0.9683093            0.
        7896.     0.9682096            0.
        7898.     0.9680102            0.
        7900.     0.9679105            0.
        7902.     0.9678107            0.
        7904.      0.967711            0.
        7906.     0.9673122            0.
        7908.     0.9670129            0.
        7910.      0.966614            0.
        7912.     0.9664146            0.
        7914.      0.965916            0.
        7916.      0.965916            0.
        7918.      0.965916            0.
        7920.     0.9658163            0.
        7922.     0.9654174            0.
        7924.     0.9651182            0.
        7926.     0.9650185            0.
        7928.     0.9647194            0.
        7930.      0.964819            0.
        7932.     0.9647194            0.
        7934.     0.9643204            0.
        7936.     0.9642207            0.
        7938.     0.9638218            0.
        7940.     0.9636224            0.
        7942.     0.9631237            0.
        7944.     0.9631237            0.
        7946.     0.9627249            0.
        7948.     0.9622263            0.
        7950.     0.9624257            0.
        7952.     0.9622263            0.
        7954.     0.9623259            0.
        7956.     0.9624257            0.
        7958.     0.9624257            0.
        7960.     0.9623259            0.
        7962.     0.9623259            0.
        7964.     0.9623259            0.
        7966.     0.9619271            0.
        7968.     0.9619271            0.
        7970.     0.9617276            0.
        7972.     0.9614285            0.
        7974.     0.9614285            0.
        7976.     0.9611293            0.
        7978.     0.9607304            0.
        7980.     0.9606307            0.
        7982.     0.9603315            0.
        7984.     0.9598328            0.
        7986.     0.9595337            0.
        7988.     0.9595337            0.
        7990.     0.9598328            0.
        7992.     0.9598328            0.
        7994.     0.9600323            0.
        7996.     0.9600323            0.
        7998.     0.9598328            0.
        8000.     0.9573398            0.
        8002.     0.9577387            0.
        8004.     0.9580379            0.
        8006.     0.9580379            0.
        8008.     0.9567415            0.
        8010.     0.9564423            0.
        8012.     0.9562429            0.
        8014.     0.9565421            0.
        8016.     0.9569409            0.
        8018.     0.9568412            0.
        8020.     0.9565421            0.
        8022.     0.9561431            0.
        8024.      0.955844            0.
        8026.     0.9557443            0.
        8028.     0.9564423            0.
        8030.     0.9570407            0.
        8032.     0.9566417            0.
        8034.     0.9574395            0.
        8036.     0.9571404            0.
        8038.     0.9567415            0.
        8040.     0.9566417            0.
        8042.     0.9567415            0.
        8044.     0.9567415            0.
        8046.      0.957639            0.
        8048.     0.9580379            0.
        8050.     0.9580379            0.
        8052.     0.9583371            0.
        8054.     0.9588357            0.
        8056.     0.9585365            0.
        8058.     0.9585365            0.
        8060.     0.9582373            0.
        8062.     0.9577387            0.
        8064.     0.9583371            0.
        8066.     0.9585365            0.
        8068.     0.9590352            0.
        8070.      0.959434            0.
        8072.     0.9599326            0.
        8074.     0.9597332            0.
        8076.     0.9592345            0.
        8078.      0.959434            0.
        8080.     0.9589354            0.
        8082.     0.9584367            0.
        8084.     0.9586362            0.
        8086.     0.9592345            0.
        8088.     0.9602318            0.
        8090.     0.9613287            0.
        8092.     0.9617276            0.
        8094.     0.9616279            0.
        8096.      0.961229            0.
        8098.     0.9613287            0.
        8100.     0.9610296            0.
        8102.     0.9610296            0.
        8104.     0.9611293            0.
        8106.     0.9615282            0.
        8108.     0.9619271            0.
        8110.     0.9626251            0.
        8112.     0.9627249            0.
        8114.     0.9627249            0.
        8116.     0.9624257            0.
        8118.     0.9623259            0.
        8120.     0.9625254            0.
        8122.     0.9623259            0.
        8124.     0.9627249            0.
        8126.      0.963024            0.
        8128.     0.9633232            0.
        8130.     0.9635226            0.
        8132.     0.9640213            0.
        8134.     0.9647194            0.
        8136.     0.9653177            0.
        8138.     0.9654174            0.
        8140.     0.9653177            0.
        8142.     0.9660157            0.
        8144.     0.9662152            0.
        8146.     0.9658163            0.
        8148.     0.9661154            0.
        8150.     0.9660157            0.
        8152.     0.9664146            0.
        8154.     0.9665143            0.
        8156.     0.9673122            0.
        8158.     0.9675115            0.
        8160.     0.9683093            0.
        8162.     0.9686085            0.
        8164.     0.9692068            0.
        8166.     0.9700046            0.
        8168.     0.9699049            0.
        8170.     0.9700046            0.
        8172.     0.9699049            0.
        8174.     0.9696057            0.
        8176.     0.9694063            0.
        8178.     0.9696057            0.
        8180.     0.9697055            0.
        8182.     0.9701044            0.
        8184.     0.9705033            0.
        8186.     0.9716999            0.
        8188.     0.9718994            0.
        8190.     0.9716999            0.
        8192.     0.9718994            0.
        8194.     0.9718994            0.
        8196.      0.971301            0.
        8198.     0.9704036            0.
        8200.     0.9714007            0.
        8202.      0.971999            0.
        8204.     0.9727969            0.
        8206.     0.9731957            0.
        8208.     0.9734949            0.
        8210.     0.9737941            0.
        8212.     0.9742927            0.
        8214.     0.9743925            0.
        8216.     0.9744921            0.
        8218.     0.9744921            0.
        8220.     0.9742927            0.
        8222.     0.9742927            0.
        8224.     0.9745919            0.
        8226.      0.974891            0.
        8228.      0.974891            0.
        8230.     0.9749908            0.
        8232.     0.9758883            0.
        8234.     0.9758883            0.
        8236.     0.9760877            0.
        8238.     0.9768855            0.
        8240.     0.9767858            0.
        8242.     0.9767858            0.
        8244.      0.975988            0.
        8246.     0.9764866            0.
        8248.     0.9764866            0.
        8250.     0.9770849            0.
        8252.     0.9778827            0.
        8254.     0.9784811            0.
        8256.     0.9788799            0.
        8258.     0.9786806            0.
        8260.     0.9790794            0.
        8262.     0.9791791            0.
        8264.     0.9789797            0.
        8266.     0.9791791            0.
        8268.     0.9792789            0.
        8270.     0.9792789            0.
        8272.     0.9790794            0.
        8274.     0.9790794            0.
        8276.     0.9786806            0.
        8278.     0.9793786            0.
        8280.     0.9789797            0.
        8282.     0.9790794            0.
        8284.     0.9790794            0.
        8286.     0.9789797            0.
        8288.     0.9789797            0.
        8290.     0.9792789            0.
        8292.     0.9792789            0.
        8294.     0.9796777            0.
        8296.     0.9801764            0.
        8298.     0.9810739            0.
        8300.     0.9818717            0.
        8302.     0.9815725            0.
        8304.     0.9816722            0.
        8306.     0.9819714            0.
        8308.     0.9807747            0.
        8310.     0.9805752            0.
        8312.     0.9803758            0.
        8314.     0.9803758            0.
        8316.     0.9808744            0.
        8318.     0.9819714            0.
        8320.     0.9817719            0.
        8322.     0.9818717            0.
        8324.     0.9823703            0.
        8326.     0.9815725            0.
        8328.     0.9809741            0.
        8330.      0.980675            0.
        8332.     0.9808744            0.
        8334.     0.9814728            0.
        8336.     0.9821708            0.
        8338.     0.9827691            0.
        8340.     0.9833675            0.
        8342.     0.9834672            0.
        8344.     0.9830683            0.
        8346.     0.9823703            0.
        8348.     0.9818717            0.
        8350.     0.9815725            0.
        8352.     0.9816722            0.
        8354.     0.9819714            0.
        8356.     0.9827691            0.
        8358.     0.9828689            0.
        8360.     0.9827691            0.
        8362.     0.9827691            0.
        8364.     0.9817719            0.
        8366.     0.9819714            0.
        8368.     0.9811736            0.
        8370.      0.980675            0.
        8372.     0.9810739            0.
        8374.      0.981373            0.
        8376.     0.9820711            0.
        8378.       0.98247            0.
        8380.     0.9833675            0.
        8382.     0.9839658            0.
        8384.     0.9834672            0.
        8386.     0.9841653            0.
        8388.     0.9834672            0.
        8390.     0.9828689            0.
        8392.     0.9820711            0.
        8394.       0.98247            0.
        8396.     0.9822705            0.
        8398.     0.9820711            0.
        8400.     0.9828689            0.
        8402.     0.9817719            0.
        8404.     0.9812734            0.
        8406.     0.9809741            0.
        8408.     0.9810739            0.
        8410.     0.9805752            0.
        8412.     0.9812734            0.
        8414.     0.9812734            0.
        8416.     0.9815725            0.
        8418.     0.9811736            0.
        8420.     0.9808744            0.
        8422.     0.9811736            0.
        8424.     0.9814728            0.
        8426.     0.9814728            0.
        8428.     0.9820711            0.
        8430.     0.9818717            0.
        8432.     0.9814728            0.
        8434.     0.9807747            0.
        8436.      0.980276            0.
        8438.     0.9791791            0.
        8440.     0.9796777            0.
        8442.     0.9803758            0.
        8444.     0.9817719            0.
        8446.     0.9814728            0.
        8448.     0.9812734            0.
        8450.     0.9804755            0.
        8452.     0.9801764            0.
        8454.     0.9789797            0.
        8456.     0.9788799            0.
        8458.     0.9786806            0.
        8460.     0.9790794            0.
        8462.     0.9792789            0.
        8464.     0.9785808            0.
        8466.     0.9781819            0.
        8468.     0.9786806            0.
        8470.     0.9790794            0.
        8472.     0.9785808            0.
        8474.     0.9783814            0.
        8476.     0.9782816            0.
        8478.     0.9780822            0.
        8480.     0.9781819            0.
        8482.     0.9785808            0.
        8484.     0.9783814            0.
        8486.     0.9779825            0.
        8488.     0.9780822            0.
        8490.     0.9779825            0.
        8492.     0.9771847            0.
        8494.     0.9766861            0.
        8496.     0.9763869            0.
        8498.      0.975988            0.
        8500.     0.9752899            0.
        8502.     0.9745919            0.
        8504.     0.9749908            0.
        8506.     0.9752899            0.
        8508.     0.9752899            0.
        8510.     0.9755891            0.
        8512.     0.9753897            0.
        8514.     0.9746916            0.
        8516.     0.9737941            0.
        8518.     0.9736944            0.
        8520.     0.9737941            0.
        8522.     0.9732955            0.
        8524.     0.9728966            0.
        8526.      0.972398            0.
        8528.     0.9727969            0.
        8530.     0.9722983            0.
        8532.     0.9711016            0.
        8534.     0.9705033            0.
        8536.     0.9712013            0.
        8538.     0.9703038            0.
        8540.     0.9702041            0.
        8542.     0.9694063            0.
        8544.     0.9691072            0.
        8546.     0.9692068            0.
        8548.     0.9686085            0.
        8550.      0.967711            0.
        8552.     0.9671127            0.
        8554.     0.9662152            0.
        8556.     0.9661154            0.
        8558.     0.9657165            0.
        8560.     0.9663149            0.
        8562.     0.9665143            0.
        8564.     0.9658163            0.
        8566.     0.9660157            0.
        8568.     0.9655171            0.
        8570.     0.9639215            0.
        8572.      0.963024            0.
        8574.     0.9620268            0.
        8576.     0.9620268            0.
        8578.     0.9619271            0.
        8580.      0.961229            0.
        8582.     0.9607304            0.
        8584.     0.9602318            0.
        8586.     0.9591348            0.
        8588.     0.9583371            0.
        8590.     0.9577387            0.
        8592.     0.9571404            0.
        8594.     0.9575393            0.
        8596.     0.9572401            0.
        8598.     0.9563426            0.
        8600.     0.9566417            0.
        8602.     0.9564423            0.
        8604.     0.9559437            0.
        8606.     0.9554451            0.
        8608.     0.9548467            0.
        8610.     0.9539493            0.
        8612.     0.9528523            0.
        8614.     0.9524534            0.
        8616.     0.9521542            0.
        8618.     0.9515559            0.
        8620.     0.9504589            0.
        8622.     0.9505587            0.
        8624.     0.9499604            0.
        8626.     0.9490628            0.
        8628.     0.9485642            0.
        8630.     0.9478661            0.
        8632.     0.9473675            0.
        8634.     0.9472678            0.
        8636.       0.94647            0.
        8638.       0.94647            0.
        8640.      0.945772            0.
        8642.     0.9450739            0.
        8644.     0.9435781            0.
        8646.     0.9425809            0.
        8648.     0.9407858            0.
        8650.     0.9405864            0.
        8652.      0.940387            0.
        8654.     0.9406861            0.
        8656.     0.9400878            0.
        8658.       0.93929            0.
        8660.     0.9379936            0.
        8662.     0.9372955            0.
        8664.     0.9371958            0.
        8666.     0.9361985            0.
        8668.     0.9360989            0.
        8670.     0.9352013            0.
        8672.     0.9352013            0.
        8674.      0.934603            0.
        8676.     0.9326085            0.
        8678.     0.9311127            0.
        8680.     0.9307138            0.
        8682.     0.9302152            0.
        8684.     0.9293177            0.
        8686.     0.9285199            0.
        8688.     0.9282207            0.
        8690.      0.928121            0.
        8692.     0.9278219            0.
        8694.     0.9270241            0.
        8696.     0.9261265            0.
        8698.     0.9247304            0.
        8700.     0.9235338            0.
        8702.     0.9219382            0.
        8704.     0.9219382            0.
        8706.     0.9211404            0.
        8708.     0.9209409            0.
        8710.     0.9205421            0.
        8712.     0.9199437            0.
        8714.     0.9190462            0.
        8716.     0.9183481            0.
        8718.     0.9183481            0.
        8720.     0.9181488            0.
        8722.     0.9172512            0.
        8724.     0.9165531            0.
        8726.      0.915556            0.
        8728.     0.9152567            0.
        8730.     0.9149576            0.
        8732.     0.9130629            0.
        8734.     0.9119659            0.
        8736.     0.9109687            0.
        8738.     0.9112678            0.
        8740.     0.9105698            0.
        8742.     0.9101709            0.
        8744.     0.9099715            0.
        8746.     0.9096723            0.
        8748.     0.9093731            0.
        8750.     0.9081765            0.
        8752.     0.9070795            0.
        8754.     0.9059826            0.
        8756.     0.9054839            0.
        8758.      0.905085            0.
        8760.     0.9045864            0.
        8762.     0.9046861            0.
        8764.     0.9040878            0.
        8766.     0.9030906            0.
        8768.     0.9024922            0.
        8770.     0.9019936            0.
        8772.     0.9013953            0.
        8774.     0.9007969            0.
        8776.      0.900398            0.
        8778.     0.8995005            0.
        8780.     0.8983039            0.
        8782.     0.8975061            0.
        8784.     0.8971072            0.
        8786.     0.8972069            0.
        8788.     0.8966086            0.
        8790.     0.8960103            0.
        8792.     0.8954119            0.
        8794.     0.8943149            0.
        8796.     0.8937166            0.
        8798.     0.8931183            0.
        8800.     0.8931183            0.
        8802.     0.8928191            0.
        8804.     0.8923205            0.
        8806.      0.892121            0.
        8808.     0.8920214            0.
        8810.     0.8920214            0.
        8812.     0.8909244            0.
        8814.     0.8900269            0.
        8816.     0.8897277            0.
        8818.     0.8894286            0.
        8820.     0.8894286            0.
        8822.     0.8891294            0.
        8824.     0.8890296            0.
        8826.     0.8882318            0.
        8828.     0.8871349            0.
        8830.     0.8869355            0.
        8832.     0.8868357            0.
        8834.      0.886736            0.
        8836.     0.8865365            0.
        8838.     0.8860379            0.
        8840.     0.8854396            0.
        8842.     0.8858385            0.
        8844.     0.8861377            0.
        8846.     0.8856391            0.
        8848.     0.8861377            0.
        8850.     0.8859382            0.
        8852.      0.884941            0.
        8854.     0.8839437            0.
        8856.     0.8837444            0.
        8858.     0.8838441            0.
        8860.     0.8844424            0.
        8862.     0.8851404            0.
        8864.     0.8850407            0.
        8866.     0.8853399            0.
        8868.      0.884941            0.
        8870.     0.8842429            0.
        8872.     0.8837444            0.
        8874.     0.8830463            0.
        8876.     0.8827471            0.
        8878.     0.8827471            0.
        8880.     0.8831459            0.
        8882.     0.8834452            0.
        8884.     0.8831459            0.
        8886.     0.8834452            0.
        8888.     0.8831459            0.
        8890.     0.8831459            0.
        8892.     0.8825476            0.
        8894.     0.8821487            0.
        8896.     0.8829466            0.
        8898.     0.8837444            0.
        8900.     0.8843427            0.
        8902.     0.8847415            0.
        8904.     0.8845421            0.
        8906.     0.8851404            0.
        8908.     0.8858385            0.
        8910.     0.8860379            0.
        8912.     0.8859382            0.
        8914.     0.8854396            0.
        8916.     0.8851404            0.
        8918.     0.8839437            0.
        8920.     0.8837444            0.
        8922.     0.8847415            0.
        8924.     0.8861377            0.
        8926.     0.8870352            0.
        8928.     0.8876335            0.
        8930.     0.8884313            0.
        8932.     0.8883316            0.
        8934.     0.8874341            0.
        8936.     0.8878329            0.
        8938.     0.8884313            0.
        8940.     0.8889299            0.
        8942.     0.8890296            0.
        8944.     0.8888302            0.
        8946.     0.8891294            0.
        8948.     0.8897277            0.
        8950.     0.8901266            0.
        8952.     0.8907249            0.
        8954.      0.891423            0.
        8956.     0.8920214            0.
        8958.     0.8919216            0.
        8960.     0.8917222            0.
        8962.     0.8922207            0.
        8964.     0.8933177            0.
        8966.     0.8943149            0.
        8968.     0.8955116            0.
        8970.     0.8957111            0.
        8972.     0.8960103            0.
        8974.     0.8959105            0.
        8976.     0.8959105            0.
        8978.     0.8963094            0.
        8980.     0.8965088            0.
        8982.     0.8983039            0.
        8984.        0.8997            0.
        8986.     0.8996003            0.
        8988.     0.8998994            0.
        8990.     0.8999991            0.
        8992.     0.9001986            0.
        8994.     0.9001986            0.
        8996.     0.9011958            0.
        8998.     0.9027914            0.
        9000.     0.9046861            0.
        9002.     0.9054839            0.
        9004.     0.9062817            0.
        9006.     0.9064811            0.
        9008.     0.9070795            0.
        9010.       0.90688            0.
        9012.     0.9071792            0.
        9014.     0.9085753            0.
        9016.     0.9103703            0.
        9018.     0.9119659            0.
        9020.     0.9131626            0.
        9022.      0.913362            0.
        9024.     0.9135615            0.
        9026.     0.9132622            0.
        9028.     0.9142596            0.
        9030.      0.915556            0.
        9032.     0.9171515            0.
        9034.      0.918049            0.
        9036.     0.9191459            0.
        9038.      0.919844            0.
        9040.     0.9199437            0.
        9042.     0.9193454            0.
        9044.     0.9199437            0.
        9046.     0.9205421            0.
        9048.     0.9218385            0.
        9050.     0.9233343            0.
        9052.     0.9239327            0.
        9054.     0.9243315            0.
        9056.     0.9249299            0.
        9058.     0.9257277            0.
        9060.     0.9259271            0.
        9062.     0.9258274            0.
        9064.     0.9274229            0.
        9066.     0.9288191            0.
        9068.     0.9294174            0.
        9070.     0.9306141            0.
        9072.     0.9318108            0.
        9074.     0.9329078            0.
        9076.     0.9337054            0.
        9078.     0.9349022            0.
        9080.     0.9354008            0.
        9082.     0.9358994            0.
        9084.     0.9356999            0.
        9086.      0.936398            0.
        9088.     0.9367969            0.
        9090.     0.9388911            0.
        9092.     0.9399881            0.
        9094.     0.9407858            0.
        9096.       0.94288            0.
        9098.     0.9441764            0.
        9100.     0.9445753            0.
        9102.     0.9449742            0.
        9104.     0.9450739            0.
        9106.      0.945772            0.
        9108.     0.9469686            0.
        9110.     0.9479659            0.
        9112.     0.9485642            0.
        9114.     0.9486639            0.
        9116.     0.9492623            0.
        9118.     0.9491625            0.
        9120.     0.9512567            0.
        9122.     0.9525532            0.
        9124.     0.9544478            0.
        9126.     0.9559437            0.
        9128.     0.9563426            0.
        9130.     0.9566417            0.
        9132.     0.9566417            0.
        9134.     0.9561431            0.
        9136.     0.9569409            0.
        9138.     0.9581376            0.
        9140.     0.9587359            0.
        9142.     0.9602318            0.
        9144.     0.9620268            0.
        9146.     0.9628246            0.
        9148.     0.9623259            0.
        9150.     0.9618273            0.
        9152.     0.9622263            0.
        9154.     0.9626251            0.
        9156.     0.9632235            0.
        9158.     0.9635226            0.
        9160.     0.9644202            0.
        9162.     0.9654174            0.
        9164.     0.9661154            0.
        9166.      0.967711            0.
        9168.     0.9697055            0.
        9170.     0.9711016            0.
        9172.     0.9720988            0.
        9174.     0.9724977            0.
        9176.     0.9714007            0.
        9178.     0.9710019            0.
        9180.     0.9707027            0.
        9182.     0.9712013            0.
        9184.     0.9722983            0.
        9186.     0.9732955            0.
        9188.     0.9734949            0.
        9190.      0.974193            0.
        9192.     0.9744921            0.
        9194.     0.9744921            0.
        9196.     0.9740933            0.
        9198.      0.974193            0.
        9200.     0.9750905            0.
        9202.     0.9755891            0.
        9204.     0.9767858            0.
        9206.     0.9774839            0.
        9208.     0.9775836            0.
        9210.     0.9773841            0.
        9212.     0.9771847            0.
        9214.     0.9771847            0.
        9216.     0.9779825            0.
        9218.     0.9788799            0.
        9220.     0.9797775            0.
        9222.     0.9805752            0.
        9224.      0.980276            0.
        9226.     0.9800767            0.
        9228.      0.979578            0.
        9230.     0.9796777            0.
        9232.     0.9796777            0.
        9234.     0.9793786            0.
        9236.     0.9796777            0.
        9238.     0.9807747            0.
        9240.     0.9818717            0.
        9242.     0.9821708            0.
        9244.     0.9823703            0.
        9246.       0.98247            0.
        9248.     0.9825697            0.
        9250.     0.9825697            0.
        9252.     0.9821708            0.
        9254.     0.9814728            0.
        9256.     0.9812734            0.
        9258.     0.9801764            0.
        9260.      0.979578            0.
        9262.     0.9793786            0.
        9264.     0.9804755            0.
        9266.     0.9819714            0.
        9268.     0.9830683            0.
        9270.     0.9833675            0.
        9272.     0.9835669            0.
        9274.     0.9829686            0.
        9276.     0.9829686            0.
        9278.     0.9829686            0.
        9280.     0.9825697            0.
        9282.     0.9819714            0.
        9284.     0.9818717            0.
        9286.      0.981373            0.
        9288.     0.9810739            0.
        9290.     0.9811736            0.
        9292.     0.9812734            0.
        9294.     0.9808744            0.
        9296.     0.9794784            0.
        9298.     0.9791791            0.
        9300.     0.9787803            0.
        9302.      0.979578            0.
        9304.     0.9793786            0.
        9306.     0.9800767            0.
        9308.     0.9810739            0.
        9310.      0.980675            0.
        9312.     0.9796777            0.
        9314.     0.9788799            0.
        9316.     0.9785808            0.
        9318.     0.9780822            0.
        9320.      0.977783            0.
        9322.     0.9784811            0.
        9324.     0.9790794            0.
        9326.     0.9794784            0.
        9328.     0.9798772            0.
        9330.     0.9793786            0.
        9332.      0.979578            0.
        9334.     0.9791791            0.
        9336.     0.9788799            0.
        9338.     0.9778827            0.
        9340.      0.977783            0.
        9342.     0.9778827            0.
        9344.     0.9783814            0.
        9346.     0.9788799            0.
        9348.     0.9797775            0.
        9350.     0.9788799            0.
        9352.     0.9789797            0.
        9354.     0.9783814            0.
        9356.     0.9776833            0.
        9358.     0.9767858            0.
        9360.     0.9766861            0.
        9362.     0.9761875            0.
        9364.     0.9756888            0.
        9366.     0.9768855            0.
        9368.      0.977783            0.
        9370.     0.9790794            0.
        9372.     0.9800767            0.
        9374.      0.980276            0.
        9376.      0.980276            0.
        9378.     0.9803758            0.
        9380.     0.9783814            0.
        9382.     0.9770849            0.
        9384.     0.9769853            0.
        9386.     0.9768855            0.
        9388.     0.9774839            0.
        9390.     0.9783814            0.
        9392.     0.9789797            0.
        9394.     0.9786806            0.
        9396.     0.9787803            0.
        9398.     0.9793786            0.
        9400.     0.9794784            0.
        9402.     0.9789797            0.
        9404.     0.9793786            0.
        9406.     0.9792789            0.
        9408.     0.9785808            0.
        9410.     0.9787803            0.
        9412.     0.9785808            0.
        9414.     0.9789797            0.
        9416.     0.9787803            0.
        9418.     0.9790794            0.
        9420.     0.9798772            0.
        9422.     0.9800767            0.
        9424.     0.9801764            0.
        9426.     0.9807747            0.
        9428.      0.980675            0.
        9430.      0.980276            0.
        9432.      0.979578            0.
        9434.     0.9798772            0.
        9436.     0.9798772            0.
        9438.     0.9805752            0.
        9440.     0.9809741            0.
        9442.      0.980675            0.
        9444.     0.9803758            0.
        9446.     0.9803758            0.
        9448.     0.9796777            0.
        9450.     0.9794784            0.
        9452.     0.9789797            0.
        9454.     0.9780822            0.
        9456.     0.9782816            0.
        9458.     0.9780822            0.
        9460.     0.9767858            0.
        9462.     0.9771847            0.
        9464.     0.9763869            0.
        9466.     0.9753897            0.
        9468.     0.9743925            0.
        9470.     0.9738938            0.
        9472.      0.973096            0.
        9474.     0.9729964            0.
        9476.     0.9728966            0.
        9478.     0.9721985            0.
        9480.     0.9716002            0.
        9482.     0.9704036            0.
        9484.     0.9694063            0.
        9486.     0.9678107            0.
        9488.     0.9664146            0.
        9490.     0.9650185            0.
        9492.     0.9643204            0.
        9494.     0.9626251            0.
        9496.     0.9617276            0.
        9498.     0.9599326            0.
        9500.     0.9578384            0.
        9502.     0.9557443            0.
        9504.     0.9535503            0.
        9506.      0.951157            0.
        9508.     0.9477664            0.
        9510.     0.9451736            0.
        9512.     0.9426805            0.
        9514.     0.9400878            0.
        9516.     0.9378939            0.
        9518.     0.9348024            0.
        9520.     0.9319105            0.
        9522.     0.9285199            0.
        9524.     0.9254285            0.
        9526.     0.9221377            0.
        9528.     0.9187471            0.
        9530.     0.9150573            0.
        9532.     0.9100711            0.
        9534.     0.9058828            0.
        9536.     0.9011958            0.
        9538.     0.8970075            0.
        9540.     0.8926197            0.
        9542.     0.8886307            0.
        9544.     0.8829466            0.
        9546.     0.8770629            0.
        9548.     0.8710795            0.
        9550.     0.8646973            0.
        9552.     0.8587139            0.
        9554.     0.8533289            0.
        9556.     0.8483427            0.
        9558.     0.8407637            0.
        9560.     0.8337831            0.
        9562.     0.8276004            0.
        9564.     0.8214175            0.
        9566.     0.8143372            0.
        9568.     0.8070574            0.
        9570.     0.7998773            0.
        9572.     0.7918995            0.
        9574.     0.7839217            0.
        9576.     0.7759439            0.
        9578.     0.7684647            0.
        9580.     0.7604868            0.
        9582.     0.7522098            0.
        9584.     0.7444314            0.
        9586.     0.7357556            0.
        9588.     0.7269799            0.
        9590.     0.7178054            0.
        9592.     0.7089301            0.
        9594.     0.6995561            0.
        9596.     0.6895838            0.
        9598.     0.6804093            0.
        9600.     0.6716337            0.
        9602.     0.6630576            0.
        9604.     0.6538831            0.
        9606.     0.6451074            0.
        9608.     0.6362321            0.
        9610.     0.6260604            0.
        9612.     0.6155894            0.
        9614.     0.6054177            0.
        9616.     0.5957446            0.
        9618.     0.5859717            0.
        9620.     0.5765978            0.
        9622.     0.5670244            0.
        9624.     0.5569524            0.
        9626.     0.5475784            0.
        9628.     0.5379053            0.
        9630.     0.5276338            0.
        9632.     0.5170632            0.
        9634.     0.5071906            0.
        9636.     0.4974178            0.
        9638.     0.4871463            0.
        9640.     0.4779719            0.
        9642.     0.4691962            0.
        9644.     0.4606201            0.
        9646.      0.452343            0.
        9648.     0.4434677            0.
        9650.     0.4347918            0.
        9652.     0.4253182            0.
        9654.     0.4163431            0.
        9656.     0.4081658            0.
        9658.     0.3999886            0.
        9660.     0.3918113            0.
        9662.     0.3834345            0.
        9664.     0.3755564            0.
        9666.     0.3679775            0.
        9668.     0.3600994            0.
        9670.     0.3526202            0.
        9672.     0.3448418            0.
        9674.     0.3372628            0.
        9676.     0.3295842            0.
        9678.     0.3226036            0.
        9680.     0.3154235            0.
        9682.     0.3085426            0.
        9684.     0.3017615            0.
        9686.     0.2954789            0.
        9688.     0.2883986            0.
        9690.     0.2816175            0.
        9692.     0.2752352            0.
        9694.     0.2693515            0.
        9696.     0.2632684            0.
        9698.     0.2578834            0.
        9700.     0.2521992            0.
        9702.     0.2462158            0.
        9704.     0.2402325            0.
        9706.     0.2350469            0.
        9708.     0.2296618            0.
        9710.     0.2243765            0.
        9712.     0.2197893            0.
        9714.     0.2150026            0.
        9716.     0.2102159            0.
        9718.     0.2058281            0.
        9720.     0.2009416            0.
        9722.     0.1965538            0.
        9724.     0.1923655            0.
        9726.     0.1880774            0.
        9728.     0.1835899            0.
        9730.     0.1790026            0.
        9732.      0.174914            0.
        9734.     0.1710248            0.
        9736.     0.1671356            0.
        9738.     0.1630469            0.
        9740.     0.1598558            0.
        9742.     0.1563655            0.
        9744.     0.1526758            0.
        9746.     0.1488863            0.
        9748.     0.1452963            0.
        9750.     0.1421051            0.
        9752.      0.138914            0.
        9754.     0.1358226            0.
        9756.     0.1330303            0.
        9758.     0.1301384            0.
        9760.     0.1275456            0.
        9762.     0.1244542            0.
        9764.     0.1214625            0.
        9766.     0.1186703            0.
        9768.     0.1160775            0.
        9770.     0.1135844            0.
        9772.      0.111191            0.
        9774.     0.1089971            0.
        9776.     0.1066038            0.
        9778.      0.104011            0.
        9780.     0.1016176            0.
        9782.    0.09943371            0.
        9784.    0.09703038            0.
        9786.    0.09495614            0.
        9788.    0.09282207            0.
        9790.    0.09053842            0.
        9792.    0.08843426            0.
        9794.    0.08696834            0.
        9796.     0.0847545            0.
        9798.    0.08289964            0.
        9800.    0.08105477            0.
        9802.    0.07932957            0.
        9804.    0.07787361            0.
        9806.    0.07608858            0.
        9808.    0.07411406            0.
        9810.    0.07271794            0.
        9812.    0.07094287            0.
        9814.    0.06923761            0.
        9816.    0.06771185            0.
        9818.    0.06658498            0.
        9820.    0.06517889            0.
        9822.    0.06381268            0.
        9824.    0.06243651            0.
        9826.    0.06129966            0.
        9828.    0.06000327            0.
        9830.    0.05838776            0.
        9832.    0.05706144            0.
        9834.     0.0562138            0.
        9836.    0.05489746            0.
        9838.     0.0537307            0.
        9840.    0.05271352            0.
        9842.    0.05177613            0.
        9844.    0.05081879            0.
        9846.    0.04920328            0.
        9848.    0.04832572            0.
        9850.    0.04757779            0.
        9852.    0.04672018            0.
        9854.    0.04582267            0.
        9856.    0.04474567            0.
        9858.    0.04371852            0.
        9860.    0.04266146            0.
        9862.    0.04199331            0.
        9864.    0.04105592            0.
        9866.    0.04016838            0.
        9868.    0.03974955            0.
        9870.    0.03877226            0.
        9872.    0.03799443            0.
        9874.    0.03722656            0.
        9876.    0.03667808            0.
        9878.    0.03574069            0.
        9880.    0.03527199            0.
        9882.    0.03454401            0.
        9884.    0.03382601            0.
        9886.    0.03318778            0.
        9888.    0.03258944            0.
        9890.    0.03184152            0.
        9892.    0.03142269            0.
        9894.    0.03093404            0.
        9896.    0.03031576            0.
        9898.    0.02973737            0.
        9930.    0.02405316            0.
        9940.    0.02213848            0.
        9950.    0.02018391            0.
        9960.    0.01861827            0.
        9970.     0.0170925            0.
        9980.    0.01582602            0.
        9990.    0.01451965            0.
       10000.    0.01352242            0.
       10010.    0.01246536            0.
       10020.    0.01161772            0.
       10030.    0.01072021            0.
       10040.    0.01003212            0.
       10050.   0.009309133            0.
       10060.   0.008721765            0.
       10070.   0.008088524            0.
       10080.   0.007588913            0.
       10090.   0.007084315            0.
       10100.   0.006667473            0.
       10110.   0.006239661            0.
       10120.   0.005877668            0.
       10130.   0.005512682            0.
       10140.   0.005203541            0.
       10150.    0.00487645            0.
       10160.   0.004626146            0.
       10170.   0.004373846            0.
       10180.   0.004146478            0.
       10190.   0.003910135            0.
       10200.   0.003719664            0.
       10210.   0.003514235            0.
       10220.   0.003347698            0.
       10230.   0.003166202            0.
       10240.   0.003031576            0.
       10250.   0.002873017            0.
       10260.   0.002763321            0.
       10270.   0.002610745            0.
       10280.   0.002496064            0.
       10290.   0.002394347            0.
       10300.   0.002303599            0.
       10310.   0.002182934            0.
       10320.    0.00210515            0.
       10330.   0.002019389            0.
       10340.   0.001942602            0.
       10350.   0.001854846            0.
       10360.   0.001797007            0.
       10370.   0.001719223            0.
       10380.    0.00167335            0.
       10390.   0.001600552            0.
       10400.   0.001558669            0.
       10410.   0.001491855            0.
       10420.   0.001454957            0.
       10430.   0.001404098            0.
       10440.   0.001356231            0.
       10450.   0.001323323            0.
       10460.   0.001283434            0.
       10470.   0.001248531            0.
       10480.   0.001219611            0.
       10490.   0.001182714            0.
       10500.   0.001150802            0.
       10510.   0.001120885            0.
       10520.   0.001096952            0.
       10530.   0.001053074            0.
       10540.   0.001054071            0.
       10550.   0.001024154            0.
       10560.   0.001005207            0.
       10570.   9.726971E-4            0.
       10580.   9.538495E-4            0.
       10590.   9.405864E-4            0.
       10600.   9.151570E-4            0.
       10610.   8.959105E-4            0.
       10620.   8.887305E-4            0.
       10630.   8.693842E-4            0.
       10640.   8.564203E-4            0.
       10650.   8.434562E-4            0.
       10660.   8.264037E-4            0.
       10670.   8.268026E-4            0.
       10680.   8.131405E-4            0.
       10690.   8.003760E-4            0.
       10700.   7.903039E-4            0.
       10710.   7.897056E-4            0.
       10720.   7.722541E-4            0.
       10730.   7.599882E-4            0.
       10740.   7.595893E-4            0.
       10750.   7.452292E-4            0.
       10760.   7.430353E-4            0.
       10770.   7.466254E-4            0.
       10780.   7.473234E-4            0.
       10790.   7.265810E-4            0.
       10800.   7.397445E-4            0.
       10810.   7.338608E-4            0.
       10820.   7.247860E-4            0.
       10830.   7.344591E-4            0.
       10840.   7.270797E-4            0.
       10850.   7.255838E-4            0.
       10860.   7.312680E-4            0.
       10870.   7.316669E-4            0.
       10880.   7.287749E-4            0.
       10890.   7.217943E-4            0.
       10900.   7.222929E-4            0.
       10910.   7.222929E-4            0.
       10920.   7.222929E-4            0.
       10930.   7.222929E-4            0.
       10940.   7.222929E-4            0.
       10950.   7.222929E-4            0.
       10960.   7.222929E-4            0.
       10970.   7.222929E-4            0.
       10980.   7.222929E-4            0.
       10990.   7.222929E-4            0.
       11000.   7.222929E-4            0.
