        1850.   3.669339E-5            0.
        1860.   5.231592E-6            0.
        1870.   2.213443E-5            0.
        1880.   8.413291E-5            0.
        1890.   1.375626E-4            0.
        1900.   2.111099E-4            0.
        1910.   1.135819E-4            0.
        1920.   1.531149E-5            0.
        1930.   3.821851E-7            0.
        1940.   1.972633E-5            0.
        1950.   4.823219E-5            0.
        1960.   5.764384E-6            0.
        1970.   9.955476E-6            0.
        1980.   5.741306E-6            0.
        1990.   4.092762E-7            0.
        2000.   2.269632E-6            0.
        2010.   5.227578E-6            0.
        2020.   3.917172E-6            0.
        2030.   1.409740E-6            0.
        2040.   3.172669E-7            0.
        2050.   5.574746E-7            0.
        2060.   1.067590E-6            0.
        2070.   5.304838E-7            0.
        2080.   1.082640E-6            0.
        2090.   1.027455E-5            0.
        2100.   7.482160E-6            0.
        2110.   1.080634E-6            0.
        2120.   6.967429E-6            0.
        2130.   1.801056E-6            0.
        2140.   1.288332E-6            0.
        2150.   3.822855E-7            0.
        2160.   1.512085E-6            0.
        2170.   3.047247E-6            0.
        2180.   5.160352E-7            0.
        2190.   4.803151E-6            0.
        2200.   3.050257E-6            0.
        2210.   6.504873E-6            0.
        2220.   9.761826E-7            0.
        2230.   4.265343E-7            0.
        2240.   3.396421E-7            0.
        2250.   1.182978E-6            0.
        2260.   1.494024E-6            0.
        2270.   3.172669E-7            0.
        2280.   4.517190E-7            0.
        2290.   1.190002E-6            0.
        2300.   2.697069E-6            0.
        2310.   2.196386E-6            0.
        2320.   4.850310E-7            0.
        2330.   9.632390E-7            0.
        2340.   3.172669E-7            0.
        2350.   2.737204E-6            0.
        2360.   1.149867E-6            0.
        2370.   3.906135E-7            0.
        2380.   1.020431E-6            0.
        2390.   3.172669E-7            0.
        2400.   3.578031E-7            0.
        2410.   7.411924E-7            0.
        2420.   1.346528E-6            0.
        2430.   4.376717E-7            0.
        2440.   1.100701E-6            0.
        2450.   2.894734E-6            0.
        2460.   3.315148E-7            0.
        2470.   4.093766E-6            0.
        2480.   2.078991E-6            0.
        2490.   3.172669E-7            0.
        2500.   3.912155E-7            0.
        2510.   6.549022E-7            0.
        2520.   1.374622E-6            0.
        2530.   4.601473E-7            0.
        2540.   5.401162E-7            0.
        2550.   7.042682E-7            0.
        2560.   1.013408E-6            0.
        2570.   2.584691E-6            0.
        2580.   1.934505E-6            0.
        2590.   3.868007E-7            0.
        2600.   4.740942E-7            0.
        2610.   4.076708E-7            0.
        2620.   1.458906E-6            0.
        2630.   7.203221E-7            0.
        2640.   5.939974E-7            0.
        2650.   3.193740E-7            0.
        2660.   5.276744E-7            0.
        2670.   3.266986E-6            0.
        2680.   3.172669E-7            0.
        2690.   3.516826E-6            0.
        2700.   2.629843E-6            0.
        2710.   9.604296E-7            0.
        2720.   7.388846E-7            0.
        2730.   8.330011E-7            0.
        2740.   1.041502E-6            0.
        2750.   4.327552E-7            0.
        2760.   1.070600E-6            0.
        2770.   3.862990E-7            0.
        2780.   5.050985E-7            0.
        2790.   7.357742E-7            0.
        2800.   9.089565E-7            0.
        2810.   2.482347E-6            0.
        2820.   4.337586E-7            0.
        2830.   1.884336E-6            0.
        2840.   2.616799E-6            0.
        2850.   3.172669E-7            0.
        2860.   1.074614E-6            0.
        2870.   3.172669E-7            0.
        2880.   6.963415E-7            0.
        2890.   3.524853E-7            0.
        2900.   6.588153E-7            0.
        2910.   3.172669E-7            0.
        2920.   3.773689E-7            0.
        2930.   4.490099E-7            0.
        2940.   7.630659E-7            0.
        2950.   1.141840E-6            0.
        2960.   3.497762E-7            0.
        2970.   1.969623E-6            0.
        2980.   7.660760E-7            0.
        2990.   5.993153E-7            0.
        3000.   1.208062E-6            0.
        3010.   4.613513E-7            0.
        3020.   6.115564E-7            0.
        3030.   5.763380E-7            0.
        3040.   2.575661E-6            0.
        3050.   3.505789E-7            0.
        3060.   5.053994E-7            0.
        3070.   3.158621E-6            0.
        3080.   1.387666E-6            0.
        3090.   1.379639E-6            0.
        3100.   3.332205E-6            0.
        3110.   3.172669E-7            0.
        3120.   1.706739E-6            0.
        3130.   1.842195E-6            0.
        3140.   3.388394E-7            0.
        3150.   3.172669E-7            0.
        3160.   3.845932E-7            0.
        3170.   3.768673E-7            0.
        3180.   1.808080E-6            0.
        3190.   3.667332E-7            0.
        3200.   8.851766E-7            0.
        3210.   8.028998E-6            0.
        3220.   3.351269E-7            0.
        3230.   5.511533E-7            0.
        3240.   5.144299E-7            0.
        3250.   3.222837E-6            0.
        3260.   7.303559E-7            0.
        3270.   3.247922E-6            0.
        3280.   5.413202E-7            0.
        3290.   3.172669E-7            0.
        3300.   3.172669E-7            0.
        3310.   4.305478E-7            0.
        3320.   4.930580E-6            0.
        3330.   1.572287E-6            0.
        3340.   1.114748E-6            0.
        3350.   8.367136E-7            0.
        3360.   1.093678E-6            0.
        3370.   2.230500E-6            0.
        3380.   1.080634E-6            0.
        3390.   3.071328E-6            0.
        3400.   5.659029E-6            0.
        3410.   6.433634E-7            0.
        3420.   4.974729E-7            0.
        3430.   5.955025E-6            0.
        3440.   1.256224E-6            0.
        3450.   7.240346E-7            0.
        3460.   5.135268E-6            0.
        3470.   2.392044E-6            0.
        3480.   1.881326E-6            0.
        3490.   3.535890E-7            0.
        3500.   7.697885E-7            0.
        3510.   1.109732E-6            0.
        3520.   3.225847E-6            0.
        3530.   2.342878E-6            0.
        3540.   3.402441E-6            0.
        3550.   4.244272E-7            0.
        3560.   6.690498E-7            0.
        3570.   7.300549E-7            0.
        3580.   4.275377E-7            0.
        3590.   3.760646E-7            0.
        3600.   7.109908E-7            0.
        3610.   3.247922E-7            0.
        3620.   1.870289E-6            0.
        3630.   2.032836E-6            0.
        3640.   2.737204E-6            0.
        3650.   4.329559E-6            0.
        3660.   3.172669E-7            0.
        3670.   5.785454E-7            0.
        3680.   3.600106E-7            0.
        3690.   5.335943E-7            0.
        3700.   3.572011E-7            0.
        3710.   5.516550E-7            0.
        3720.   3.556961E-6            0.
        3730.   1.644530E-6            0.
        3740.   6.738659E-7            0.
        3750.   1.236157E-6            0.
        3760.   1.655567E-6            0.
        3770.   3.331202E-7            0.
        3780.   4.001456E-7            0.
        3790.   3.172669E-7            0.
        3800.   1.085651E-6            0.
        3810.   9.617339E-7            0.
        3820.   3.172669E-7            0.
        3830.   3.172669E-7            0.
        3840.   3.172669E-7            0.
        3850.   5.066036E-7            0.
        3860.   6.530962E-7            0.
        3870.   3.830882E-7            0.
        3880.   2.025812E-6            0.
        3890.   7.769125E-7            0.
        3900.   3.172669E-7            0.
        3910.   5.281761E-7            0.
        3920.   5.515547E-7            0.
        3930.   9.175855E-7            0.
        3940.   9.259135E-7            0.
        3950.   3.172669E-7            0.
        3960.   3.172669E-7            0.
        3970.   8.208602E-7            0.
        3980.   2.146217E-6            0.
        3990.   5.928937E-7            0.
        4000.   3.172669E-7            0.
        4010.   5.164366E-7            0.
        4020.   3.172669E-7            0.
        4030.   6.373432E-7            0.
        4040.   3.172669E-7            0.
        4050.   5.504510E-7            0.
        4060.   1.841191E-6            0.
        4070.   4.442940E-7            0.
        4080.   1.122776E-6            0.
        4090.   3.172669E-7            0.
        4100.   5.076069E-7            0.
        4110.   4.176043E-7            0.
        4120.   5.474408E-7            0.
        4130.   3.172669E-7            0.
        4140.   3.172669E-7            0.
        4150.   3.172669E-7            0.
        4160.   3.172669E-7            0.
        4170.   6.761737E-7            0.
        4180.   1.064580E-6            0.
        4190.   1.255221E-6            0.
        4200.   8.738384E-7            0.
        4210.   6.228946E-7            0.
        4220.   5.513540E-7            0.
        4230.   1.319437E-6            0.
        4240.   3.172669E-7            0.
        4250.   3.172669E-7            0.
        4260.   3.172669E-7            0.
        4270.   3.172669E-7            0.
        4280.   3.172669E-7            0.
        4290.   3.172669E-7            0.
        4300.   3.172669E-7            0.
        4310.   3.172669E-7            0.
        4320.   3.172669E-7            0.
        4330.   3.172669E-7            0.
        4340.   3.172669E-7            0.
        4350.   3.172669E-7            0.
        4360.   3.172669E-7            0.
        4370.   3.172669E-7            0.
        4380.   3.172669E-7            0.
        4390.   2.820484E-6            0.
        4400.   1.480980E-5            0.
        4410.   3.217820E-5            0.
        4420.   3.832889E-5            0.
        4430.   4.941617E-5            0.
        4440.   4.417856E-5            0.
        4450.   3.139557E-5            0.
        4460.   1.896377E-5            0.
        4470.   6.182790E-6            0.
        4480.   1.510078E-6            0.
        4490.   5.714215E-7            0.
        4500.   4.950647E-7            0.
        4510.   3.172669E-7            0.
        4520.   3.434549E-7            0.
        4530.   3.172669E-7            0.
        4540.   3.172669E-7            0.
        4550.   3.172669E-7            0.
        4560.   3.172669E-7            0.
        4570.   3.172669E-7            0.
        4580.   7.614605E-7            0.
        4590.   8.835711E-7            0.
        4600.   9.129700E-7            0.
        4610.   3.172669E-7            0.
        4620.   5.808532E-7            0.
        4630.   4.468024E-7            0.
        4640.   3.179692E-7            0.
        4650.   4.687763E-7            0.
        4660.   3.788740E-7            0.
        4670.   4.952654E-7            0.
        4680.   6.598187E-7            0.
        4690.   4.210157E-7            0.
        4700.   6.859065E-7            0.
        4710.   4.482071E-7            0.
        4720.   3.172669E-7            0.
        4730.   3.172669E-7            0.
        4740.   3.172669E-7            0.
        4750.   5.735286E-7            0.
        4760.   3.172669E-7            0.
        4770.   3.172669E-7            0.
        4780.   3.172669E-7            0.
        4790.   3.172669E-7            0.
        4800.   4.649635E-7            0.
        4810.   3.172669E-7            0.
        4820.   3.172669E-7            0.
        4830.   3.172669E-7            0.
        4840.   3.172669E-7            0.
        4850.   3.172669E-7            0.
        4860.   4.024533E-7            0.
        4870.   4.828236E-7            0.
        4880.   3.172669E-7            0.
        4890.   3.172669E-7            0.
        4900.   3.172669E-7            0.
        4910.   3.279026E-7            0.
        4920.   3.172669E-7            0.
        4930.   3.430536E-7            0.
        4940.   3.172669E-7            0.
        4950.   3.172669E-7            0.
        4960.   3.299094E-7            0.
        4970.   4.520200E-7            0.
        4980.   3.172669E-7            0.
        4990.   5.317883E-7            0.
        5000.   4.871380E-7            0.
        5010.   3.172669E-7            0.
        5020.   3.172669E-7            0.
        5030.   3.172669E-7            0.
        5040.   3.172669E-7            0.
        5050.   3.172669E-7            0.
        5060.   3.172669E-7            0.
        5070.   3.172669E-7            0.
        5080.   3.172669E-7            0.
        5090.   3.172669E-7            0.
        5100.   3.172669E-7            0.
        5110.   3.675359E-7            0.
        5120.   5.307848E-7            0.
        5130.   3.172669E-7            0.
        5140.   3.551944E-7            0.
        5150.   3.172669E-7            0.
        5160.   3.172669E-7            0.
        5170.   3.172669E-7            0.
        5180.   3.172669E-7            0.
        5190.   3.191733E-7            0.
        5200.   3.466657E-7            0.
        5210.   3.172669E-7            0.
        5220.   3.172669E-7            0.
        5230.   3.998445E-7            0.
        5240.   3.172669E-7            0.
        5250.   3.204776E-7            0.
        5260.   3.172669E-7            0.
        5270.   3.172669E-7            0.
        5280.   6.141652E-7            0.
        5290.   3.522846E-7            0.
        5300.   3.172669E-7            0.
        5310.   3.172669E-7            0.
        5320.   5.492469E-7            0.
        5330.   3.172669E-7            0.
        5340.   3.172669E-7            0.
        5350.   3.487728E-7            0.
        5360.   3.192736E-7            0.
        5370.   8.541723E-7            0.
        5380.   7.987860E-7            0.
        5390.   4.875394E-7            0.
        5400.   3.528866E-7            0.
        5410.   3.172669E-7            0.
        5420.   6.299182E-7            0.
        5430.   3.172669E-7            0.
        5440.   3.172669E-7            0.
        5450.   3.172669E-7            0.
        5460.   6.830970E-7            0.
        5470.   3.172669E-7            0.
        5480.   4.917536E-7            0.
        5490.   3.172669E-7            0.
        5500.   5.842647E-7            0.
        5510.   6.544005E-7            0.
        5520.   4.267349E-7            0.
        5530.   6.600194E-7            0.
        5540.   3.172669E-7            0.
        5550.   3.172669E-7            0.
        5560.   3.290063E-7            0.
        5570.   3.172669E-7            0.
        5580.   6.361391E-7            0.
        5590.   1.142843E-6            0.
        5600.   3.172669E-7            0.
        5610.   3.172669E-7            0.
        5620.   3.172669E-7            0.
        5630.   3.223841E-7            0.
        5640.   7.488180E-7            0.
        5650.   4.126877E-7            0.
        5660.   5.668060E-7            0.
        5670.   4.913522E-7            0.
        5680.   3.172669E-7            0.
        5690.   3.172669E-7            0.
        5700.   3.195746E-7            0.
        5710.   3.172669E-7            0.
        5720.   4.082729E-7            0.
        5730.   3.172669E-7            0.
        5740.   3.336219E-7            0.
        5750.   3.172669E-7            0.
        5760.   4.674719E-7            0.
        5770.   1.359572E-6            0.
        5780.   4.449963E-7            0.
        5790.   3.371337E-7            0.
        5800.   3.172669E-7            0.
        5810.   9.220004E-7            0.
        5820.   1.259234E-6            0.
        5830.   3.172669E-7            0.
        5840.   1.160904E-6            0.
        5850.   3.805797E-7            0.
        5860.   3.984398E-7            0.
        5870.   3.551944E-7            0.
        5880.   3.172669E-7            0.
        5890.   4.788101E-7            0.
        5900.   7.084824E-7            0.
        5910.   3.172669E-7            0.
        5920.   3.172669E-7            0.
        5930.   5.940977E-7            0.
        5940.   3.172669E-7            0.
        5950.   3.172669E-7            0.
        5960.   3.221834E-7            0.
        5970.   3.172669E-7            0.
        5980.   7.796216E-7            0.
        5990.   4.528227E-7            0.
        6000.   7.709926E-7            0.
        6010.   3.172669E-7            0.
        6020.   8.155424E-7            0.
        6030.   9.905308E-7            0.
        6040.   8.799590E-7            0.
        6050.   1.030465E-6            0.
        6060.   7.139006E-7            0.
        6070.   8.938055E-7            0.
        6080.   9.927381E-7            0.
        6090.   3.801784E-7            0.
        6100.   1.521115E-6            0.
        6110.   1.865272E-6            0.
        6120.   6.762741E-7            0.
        6130.   1.008391E-6            0.
        6140.   2.155247E-6            0.
        6150.   1.717776E-6            0.
        6160.   1.479977E-6            0.
        6170.   1.171941E-6            0.
        6180.   1.114748E-6            0.
        6190.   1.764935E-6            0.
        6200.   2.777339E-6            0.
        6210.   1.120769E-6            0.
        6220.   7.075794E-7            0.
        6230.   3.220830E-6            0.
        6240.   3.516826E-6            0.
        6250.   2.002734E-6            0.
        6260.   3.670342E-6            0.
        6270.   4.126877E-6            0.
        6280.   4.121860E-6            0.
        6290.   3.169658E-6            0.
        6300.   6.250017E-6            0.
        6310.   8.179505E-6            0.
        6320.   8.901934E-6            0.
        6330.   8.641056E-6            0.
        6340.   8.724337E-6            0.
        6350.   9.955476E-6            0.
        6360.   1.252211E-5            0.
        6370.   1.342514E-5            0.
        6380.   1.437835E-5            0.
        6390.   1.451882E-5            0.
        6400.   1.625466E-5            0.
        6410.   1.750888E-5            0.
        6420.   1.916444E-5            0.
        6430.   2.163274E-5            0.
        6440.   2.512449E-5            0.
        6450.   2.638874E-5            0.
        6460.   2.969987E-5            0.
        6470.   3.305114E-5            0.
        6480.   3.670342E-5            0.
        6490.   4.052628E-5            0.
        6500.   4.579399E-5            0.
        6510.   4.996802E-5            0.
        6520.   5.649999E-5            0.
        6530.   6.370421E-5            0.
        6540.   7.235330E-5            0.
        6550.   8.068130E-5            0.
        6560.   9.100602E-5            0.
        6570.   1.028458E-4            0.
        6580.   1.157894E-4            0.
        6590.   1.285322E-4            0.
        6600.   1.478973E-4            0.
        6610.   1.639513E-4            0.
        6620.   1.851225E-4            0.
        6630.   2.100062E-4            0.
        6640.   2.399067E-4            0.
        6650.   2.709110E-4            0.
        6660.   3.073335E-4            0.
        6670.   3.490738E-4            0.
        6680.   3.996439E-4            0.
        6690.   4.514179E-4            0.
        6700.   5.248649E-4            0.
        6710.   5.975092E-4            0.
        6720.   6.983483E-4            0.
        6730.   8.020971E-4            0.
        6740.   9.430712E-4            0.
        6750.   0.001090668            0.
        6760.   0.001289336            0.
        6770.   0.001511081            0.
        6780.   0.001806073            0.
        6790.   0.002134176            0.
        6800.   0.002569641            0.
        6810.   0.003058284            0.
        6820.   0.003726531            0.
        6830.    0.00444595            0.
        6840.   0.005498489            0.
        6850.   0.006589157            0.
        6860.   0.008178501            0.
        6870.    0.00986417            0.
        6880.     0.0122813            0.
        6890.    0.01469943            0.
        6900.    0.01617439            0.
        6910.    0.02000728            0.
        6920.    0.02492381            0.
        6930.    0.03066311            0.
        6940.    0.03780713            0.
        6950.    0.04616524            0.
        6960.    0.05644982            0.
        6970.    0.06821939            0.
        6980.    0.08251747            0.
        6990.    0.09852129            0.
        7000.     0.1174951            0.
        7010.     0.1383653            0.
        7020.     0.1623459            0.
        7030.     0.1881326            0.
        7040.     0.2167288            0.
        7050.     0.2467297            0.
        7060.     0.2791387            0.
        7070.      0.311648            0.
        7080.     0.3477694            0.
        7090.     0.3818841            0.
        7100.     0.4189086            0.
        7110.     0.4530233            0.
        7120.     0.4896465            0.
        7130.     0.5228581            0.
        7140.     0.5569729            0.
        7150.     0.5874755            0.
        7160.     0.6194831            0.
        7170.     0.6471762            0.
        7180.      0.675672            0.
        7190.     0.6996527            0.
        7200.     0.7243357            0.
        7210.     0.7450052            0.
        7220.     0.7663771            0.
        7230.     0.7843375            0.
        7240.     0.8024985            0.
        7250.     0.8169471            0.
        7260.     0.8329008            0.
        7270.     0.8462456            0.
        7280.     0.8592895            0.
        7290.     0.8696242            0.
        7300.      0.880561            0.
        7310.     0.8896917            0.
        7320.     0.8990231            0.
        7330.     0.9068494            0.
        7340.     0.9145753            0.
        7350.     0.9205956            0.
        7360.     0.9275189            0.
        7370.     0.9332381            0.
        7380.     0.9380543            0.
        7390.     0.9423688            0.
        7400.      0.947185            0.
        7410.     0.9499945            0.
        7420.      0.953707            0.
        7430.     0.9570181            0.
        7440.     0.9588242            0.
        7450.     0.9607306            0.
        7460.     0.9631387            0.
        7470.     0.9646437            0.
        7480.     0.9650451            0.
        7490.     0.9663495            0.
        7500.     0.9675535            0.
        7510.     0.9682559            0.
        7520.     0.9690586            0.
        7530.     0.9682559            0.
        7540.     0.9684566            0.
        7550.     0.9690586            0.
        7560.     0.9690586            0.
        7570.     0.9681556            0.
        7580.     0.9673529            0.
        7590.     0.9666505            0.
        7600.     0.9656472            0.
        7610.     0.9659482            0.
        7620.     0.9658478            0.
        7630.     0.9643427            0.
        7640.     0.9636403            0.
        7650.     0.9641421            0.
        7660.     0.9633393            0.
        7670.     0.9621353            0.
        7680.      0.961734            0.
        7690.     0.9618343            0.
        7700.     0.9615333            0.
        7710.     0.9614329            0.
        7720.     0.9613326            0.
        7730.     0.9616336            0.
        7740.     0.9618343            0.
        7750.     0.9616336            0.
        7760.     0.9622356            0.
        7770.      0.963239            0.
        7780.     0.9639413            0.
        7790.     0.9642424            0.
        7800.     0.9650451            0.
        7810.     0.9656472            0.
        7820.     0.9675535            0.
        7830.     0.9680552            0.
        7840.     0.9693596            0.
        7850.     0.9707643            0.
        7860.     0.9730721            0.
        7870.     0.9736741            0.
        7880.     0.9748781            0.
        7890.      0.977186            0.
        7900.      0.978089            0.
        7910.     0.9793934            0.
        7920.     0.9809988            0.
        7930.     0.9824035            0.
        7940.     0.9833065            0.
        7950.     0.9857146            0.
        7960.     0.9874203            0.
        7970.      0.988223            0.
        7980.     0.9892264            0.
        7990.     0.9911328            0.
        8000.     0.9922366            0.
        8010.     0.9932399            0.
        8020.     0.9945443            0.
        8030.      0.995046            0.
        8040.     0.9957483            0.
        8050.      0.995347            0.
        8060.      0.996852            0.
        8070.     0.9960493            0.
        8080.      0.997454            0.
        8090.     0.9966514            0.
        8100.     0.9973537            0.
        8110.       0.99625            0.
        8120.     0.9958487            0.
        8130.      0.995648            0.
        8140.      0.994444            0.
        8150.     0.9945443            0.
        8160.     0.9932399            0.
        8170.     0.9931396            0.
        8180.     0.9916345            0.
        8190.     0.9893268            0.
        8200.     0.9898285            0.
        8210.      0.988524            0.
        8220.     0.9878217            0.
        8230.     0.9867179            0.
        8240.     0.9851126            0.
        8250.     0.9845105            0.
        8260.     0.9836075            0.
        8270.     0.9829051            0.
        8280.     0.9829051            0.
        8290.     0.9815004            0.
        8300.     0.9828048            0.
        8310.     0.9825038            0.
        8320.     0.9837079            0.
        8330.     0.9827045            0.
        8340.     0.9832062            0.
        8350.     0.9832062            0.
        8360.     0.9843099            0.
        8370.     0.9841092            0.
        8380.     0.9860156            0.
        8390.     0.9862163            0.
        8400.     0.9886244            0.
        8410.     0.9891261            0.
        8420.     0.9894271            0.
        8430.     0.9920358            0.
        8440.     0.9917348            0.
        8450.     0.9930393            0.
        8460.     0.9930393            0.
        8470.     0.9921362            0.
        8480.     0.9927382            0.
        8490.     0.9912332            0.
        8500.     0.9901295            0.
        8510.     0.9881227            0.
        8520.     0.9854136            0.
        8530.     0.9819018            0.
        8540.     0.9765839            0.
        8550.     0.9719684            0.
        8560.     0.9651454            0.
        8570.     0.9584228            0.
        8580.     0.9511985            0.
        8590.     0.9415661            0.
        8600.     0.9317331            0.
        8610.     0.9228031            0.
        8620.     0.9114649            0.
        8630.     0.9004278            0.
        8640.     0.8881867            0.
        8650.     0.8756444            0.
        8660.      0.863905            0.
        8670.     0.8506605            0.
        8680.     0.8373156            0.
        8690.     0.8252751            0.
        8700.     0.8130339            0.
        8710.     0.7982844            0.
        8720.     0.7888526            0.
        8730.     0.7765111            0.
        8740.     0.7675811            0.
        8750.     0.7581493            0.
        8760.     0.7497211            0.
        8770.     0.7431991            0.
        8780.     0.7363762            0.
        8790.      0.732162            0.
        8800.     0.7288509            0.
        8810.     0.7266434            0.
        8820.     0.7269444            0.
        8830.     0.7284495            0.
        8840.     0.7307572            0.
        8850.     0.7368778            0.
        8860.      0.741393            0.
        8870.     0.7493197            0.
        8880.     0.7569454            0.
        8890.     0.7672801            0.
        8900.     0.7763104            0.
        8910.     0.7866452            0.
        8920.     0.7936688            0.
        8930.     0.8022978            0.
        8940.     0.8042043            0.
        8950.     0.8044049            0.
        8960.     0.7967793            0.
        8970.     0.7806249            0.
        8980.     0.7582497            0.
        8990.      0.723834            0.
        9000.     0.6837994            0.
        9010.     0.6323263            0.
        9020.     0.5809535            0.
        9030.     0.5221558            0.
        9040.     0.4670706            0.
        9050.     0.4092762            0.
        9060.     0.3589069            0.
        9070.     0.3084371            0.
        9080.     0.2665965            0.
        9090.     0.2266622            0.
        9100.     0.1934505            0.
        9110.     0.1625466            0.
        9120.     0.1379639            0.
        9130.     0.1146856            0.
        9140.    0.09664498            0.
        9150.    0.07973813            0.
        9160.    0.06656383            0.
        9280.    0.02357929            0.
        9290.    0.02096048            0.
        9300.     0.0189437            0.
        9310.    0.01693695            0.
        9320.    0.01539176            0.
        9330.    0.01382649            0.
        9340.    0.01259234            0.
        9350.    0.01136823            0.
        9360.    0.01038492            0.
        9370.   0.009409641            0.
        9380.   0.008608948            0.
        9390.   0.007828323            0.
        9400.   0.007215262            0.
        9410.   0.006567082            0.
        9420.   0.006054359            0.
        9430.   0.005563709            0.
        9440.   0.005136271            0.
        9450.   0.004745959            0.
        9460.   0.004390765            0.
        9470.   0.004065671            0.
        9480.     0.0037767            0.
        9490.   0.003496758            0.
        9500.   0.003242905            0.
        9510.   0.003026176            0.
        9520.   0.002822491            0.
        9530.   0.002614793            0.
        9540.   0.002460273            0.
        9550.   0.002280669            0.
        9560.   0.002139193            0.
        9570.   0.001994707            0.
        9580.   0.001886343            0.
        9590.   0.001752894            0.
        9600.   0.001660584            0.
        9610.   0.001545196            0.
        9620.   0.001464926            0.
        9630.   0.001375626            0.
        9640.   0.001310406            0.
        9650.   0.001229133            0.
        9660.   0.001154884            0.
        9670.   0.001093678            0.
        9680.   0.001044512            0.
        9690.   9.846109E-4            0.
        9700.   9.417668E-4            0.
        9710.   8.901934E-4            0.
        9720.   8.553763E-4            0.
        9730.   8.168468E-4            0.
        9740.   7.733003E-4            0.
        9750.   7.362758E-4            0.
        9760.   7.091847E-4            0.
        9770.   6.673440E-4            0.
        9780.   6.437647E-4            0.
        9790.   6.124595E-4            0.
        9800.   5.808532E-4            0.
        9810.   5.558692E-4            0.
        9820.   5.372064E-4            0.
        9830.   5.143295E-4            0.
        9840.   5.058008E-4            0.
        9850.   4.709837E-4            0.
        9860.   4.578395E-4            0.
        9870.   4.390765E-4            0.
        9880.   4.325545E-4            0.
        9890.   4.093766E-4            0.
        9900.   3.968344E-4            0.
        9910.   3.757635E-4            0.
        9920.   3.681379E-4            0.
        9930.   3.523849E-4            0.
        9940.   3.431539E-4            0.
        9950.   3.255949E-4            0.
        9960.   3.275013E-4            0.
        9970.   3.066311E-4            0.
        9980.   2.924835E-4            0.
        9990.   2.872660E-4            0.
       10000.   2.803427E-4            0.
       10010.   2.694059E-4            0.
       10020.   2.659945E-4            0.
       10030.   2.612786E-4            0.
       10040.   2.471310E-4            0.
       10050.   2.437195E-4            0.
       10060.   2.441209E-4            0.
       10070.   2.253578E-4            0.
       10080.   2.244548E-4            0.
       10090.   2.286689E-4            0.
       10100.   2.309767E-4            0.
       10110.   2.043873E-4            0.
       10120.   2.158257E-4            0.
       10130.   2.052903E-4            0.
       10140.   2.023805E-4            0.
       10150.   2.004741E-4            0.
       10160.   1.942532E-4            0.
       10170.   1.848215E-4            0.
       10180.   1.756908E-4            0.
       10190.   1.810087E-4            0.
       10200.   1.741857E-4            0.
       10210.   1.626469E-4            0.
       10220.   1.685668E-4            0.
       10230.   1.732827E-4            0.
       10240.   1.578307E-4            0.
       10250.   1.558240E-4            0.
       10260.   1.495027E-4            0.
       10270.   1.530145E-4            0.
       10280.   1.565263E-4            0.
       10290.   1.532152E-4            0.
       10300.   1.476967E-4            0.
       10310.   1.525128E-4            0.
       10320.   1.417767E-4            0.
       10330.   1.474960E-4            0.
       10340.   1.345525E-4            0.
       10350.   1.392683E-4            0.
       10360.   1.398703E-4            0.
       10370.   1.299369E-4            0.
       10380.   1.354555E-4            0.
       10390.   1.296359E-4            0.
       10400.   1.317430E-4            0.
       10410.   1.289336E-4            0.
       10420.   1.343518E-4            0.
       10430.   1.217093E-4            0.
       10440.   1.277295E-4            0.
       10450.   1.248197E-4            0.
       10460.   1.290339E-4            0.
       10470.   1.170937E-4            0.
       10480.   1.047523E-4            0.
       10490.   1.191005E-4            0.
       10500.   1.328467E-4            0.
       10510.   1.156890E-4            0.
       10520.   1.138829E-4            0.
       10530.   1.221106E-4            0.
       10540.   1.117759E-4            0.
       10550.   9.943436E-5            0.
       10560.   1.087657E-4            0.
       10570.   1.146856E-4            0.
       10580.   1.167927E-4            0.
       10590.   1.175954E-4            0.
       10600.   1.102708E-4            0.
       10610.   1.035482E-4            0.
       10620.   9.873200E-5            0.
       10630.   1.152877E-4            0.
       10640.   1.142843E-4            0.
       10650.   1.091671E-4            0.
       10660.   1.090668E-4            0.
       10670.   1.146856E-4            0.
       10680.   1.208062E-4            0.
       10690.   1.116755E-4            0.
       10700.   9.962500E-5            0.
       10710.   1.116755E-4            0.
       10720.   1.131806E-4            0.
       10730.   1.162910E-4            0.
       10740.   1.041502E-4            0.
       10750.   1.108728E-4            0.
       10760.   1.105718E-4            0.
       10770.   1.126789E-4            0.
       10780.   1.152877E-4            0.
       10790.   1.129799E-4            0.
       10800.   1.154884E-4            0.
       10810.   1.191005E-4            0.
       10820.   1.111738E-4            0.
       10830.   1.112742E-4            0.
       10840.   1.161907E-4            0.
       10850.   1.119765E-4            0.
       10860.   1.176958E-4            0.
       10870.   1.193012E-4            0.
       10880.   1.251207E-4            0.
       10890.   1.141840E-4            0.
       10900.   1.154884E-4            0.
       10910.   1.218096E-4            0.
       10920.   1.239167E-4            0.
       10930.   1.202042E-4            0.
       10940.   1.225120E-4            0.
       10950.   1.241174E-4            0.
       10960.   1.158897E-4            0.
       10970.   1.263248E-4            0.
       10980.   1.255221E-4            0.
       10990.   1.301376E-4            0.
       11000.   1.252211E-4            0.
