        1850.   6.633796E-4         1860.
        1870.   3.097824E-5         1880.
        1890.   3.334284E-4         1900.
        1910.   6.621873E-5         1920.
        1930.   9.206044E-6         1940.
        1950.   4.322846E-7         1960.
        1970.   2.479849E-6         1980.
        1990.   1.823126E-6         2000.
        2010.   6.527488E-6         2020.
        2030.   1.373058E-6         2040.
        2050.   1.140572E-5         2060.
        2070.   5.694910E-7         2080.
        2090.   1.663168E-6         2100.
        2110.   5.398838E-7         2120.
        2130.   7.103735E-7         2140.
        2150.   2.574235E-6         2160.
        2170.   7.297473E-7         2180.
        2190.   8.312860E-7         2200.
        2210.   3.771437E-7         2220.
        2230.   4.638789E-6         2240.
        2250.   1.199190E-6         2260.
        2270.   3.141540E-7         2280.
        2290.   1.422734E-6         2300.
        2310.   5.322337E-6         2320.
        2330.   3.587635E-6         2340.
        2350.   3.141540E-7         2360.
        2370.   3.141540E-7         2380.
        2390.   1.504204E-6         2400.
        2410.   6.789780E-7         2420.
        2430.   3.951266E-7         2440.
        2450.   4.243364E-7         2460.
        2470.   3.141540E-7         2480.
        2490.   4.655679E-7         2500.
        2510.   1.692974E-6         2520.
        2530.   3.141540E-7         2540.
        2550.   4.667601E-7         2560.
        2570.   3.141540E-7         2580.
        2590.   1.036251E-6         2600.
        2610.   3.489275E-6         2620.
        2630.   4.475850E-7         2640.
        2650.   1.718806E-6         2660.
        2670.   5.165360E-7         2680.
        2690.   5.200133E-6         2700.
        2710.   4.029755E-7         2720.
        2730.   1.731722E-6         2740.
        2750.   1.906583E-6         2760.
        2770.   6.687446E-7         2780.
        2790.   7.871733E-7         2800.
        2810.   3.141540E-7         2820.
        2830.   2.745122E-6         2840.
        2850.   7.022265E-7         2860.
        2870.   3.141540E-7         2880.
        2890.   2.546416E-6         2900.
        2910.   1.743644E-6         2920.
        2930.   7.986982E-7         2940.
        2950.   3.141540E-7         2960.
        2970.   6.952719E-7         2980.
        2990.   2.595099E-6         3000.
        3010.   3.359123E-7         3020.
        3030.   5.572706E-7         3040.
        3050.   3.141540E-7         3060.
        3070.   3.124650E-6         3080.
        3090.   1.059102E-6         3100.
        3110.   1.524074E-6         3120.
        3130.   4.375503E-6         3140.
        3150.   1.562822E-6         3160.
        3170.   1.293575E-6         3180.
        3190.   5.130586E-7         3200.
        3210.   9.030189E-7         3220.
        3230.   5.043156E-7         3240.
        3250.   3.141540E-7         3260.
        3270.   1.252841E-6         3280.
        3290.   3.141540E-7         3300.
        3310.   4.340730E-7         3320.
        3330.   1.299537E-6         3340.
        3350.   5.396852E-6         3360.
        3370.   7.221965E-7         3380.
        3390.   2.025806E-6         3400.
        3410.   3.141540E-7         3420.
        3430.   3.835024E-6         3440.
        3450.   7.871733E-7         3460.
        3470.   7.675014E-6         3480.
        3490.   7.159372E-7         3500.
        3510.   3.671091E-7         3520.
        3530.   4.471876E-6         3540.
        3550.   3.160417E-6         3560.
        3570.   1.216080E-6         3580.
        3590.   3.141540E-7         3600.
        3610.   4.010878E-7         3620.
        3630.   4.163881E-6         3640.
        3650.   1.428695E-6         3660.
        3670.   3.141540E-7         3680.
        3690.   1.124675E-6         3700.
        3710.   4.092348E-7         3720.
        3730.   1.429689E-6         3740.
        3750.   3.667117E-7         3760.
        3770.   1.032277E-6         3780.
        3790.   4.732180E-7         3800.
        3810.   8.055536E-7         3820.
        3830.   6.686453E-7         3840.
        3850.   3.141540E-7         3860.
        3870.   1.393922E-6         3880.
        3890.   1.088908E-6         3900.
        3910.   8.113161E-7         3920.
        3930.   1.468436E-6         3940.
        3950.   1.168391E-6         3960.
        3970.   1.079966E-6         3980.
        3990.   3.530010E-6         4000.
        4010.   4.563281E-6         4020.
        4030.   4.093341E-6         4040.
        4050.   3.198171E-6         4060.
        4070.   4.208591E-6         4080.
        4090.   2.341749E-6         4100.
        4110.   2.584170E-6         4120.
        4130.   4.600041E-6         4140.
        4150.   5.675040E-6         4160.
        4170.   3.806211E-6         4180.
        4190.   3.286595E-6         4200.
        4210.   4.248332E-6         4220.
        4230.   1.314439E-6         4240.
        4250.   2.629872E-6         4260.
        4270.   3.141540E-7         4280.
        4290.   3.141540E-7         4300.
        4310.   3.141540E-7         4320.
        4330.   3.141540E-7         4340.
        4350.   3.141540E-7         4360.
        4370.   3.141540E-7         4380.
        4390.   3.425689E-6         4400.
        4410.   4.616931E-5         4420.
        4430.   7.065981E-5         4440.
        4450.   5.360091E-5         4460.
        4470.   1.620446E-5         4480.
        4490.   6.391375E-6         4500.
        4510.   4.458960E-6         4520.
        4530.   3.411780E-6         4540.
        4550.   5.950247E-6         4560.
        4570.   7.558771E-6         4580.
        4590.   3.019336E-6         4600.
        4610.   2.558338E-6         4620.
        4630.   1.660188E-6         4640.
        4650.   2.286111E-6         4660.
        4670.   1.285627E-6         4680.
        4690.   6.175779E-7         4700.
        4710.   4.068503E-7         4720.
        4730.   6.984512E-7         4740.
        4750.   5.607480E-7         4760.
        4770.   3.141540E-7         4780.
        4790.   6.919933E-7         4800.
        4810.   1.085928E-6         4820.
        4830.   3.780380E-7         4840.
        4850.   3.190223E-7         4860.
        4870.   3.141540E-7         4880.
        4890.   3.141540E-7         4900.
        4910.   3.925435E-7         4920.
        4930.   9.444490E-7         4940.
        4950.   3.141540E-7         4960.
        4970.   3.141540E-7         4980.
        4990.   3.639298E-7         5000.
        5010.   7.410736E-7         5020.
        5030.   3.141540E-7         5040.
        5050.   3.141540E-7         5060.
        5070.   4.021807E-7         5080.
        5090.   3.141540E-7         5100.
        5110.   5.011362E-7         5120.
        5130.   3.336272E-7         5140.
        5150.   3.141540E-7         5160.
        5170.   3.141540E-7         5180.
        5190.   3.236919E-7         5200.
        5210.   4.687472E-7         5220.
        5230.   3.141540E-7         5240.
        5250.   3.344220E-7         5260.
        5270.   1.059102E-6         5280.
        5290.   3.667117E-7         5300.
        5310.   9.733607E-7         5320.
        5330.   3.141540E-7         5340.
        5350.   4.440083E-7         5360.
        5370.   3.141540E-7         5380.
        5390.   4.240383E-7         5400.
        5410.   5.384929E-7         5420.
        5430.   3.141540E-7         5440.
        5450.   3.165385E-7         5460.
        5470.   3.141540E-7         5480.
        5490.   3.141540E-7         5500.
        5510.   7.121619E-7         5520.
        5530.   3.141540E-7         5540.
        5550.   9.533908E-7         5560.
        5570.   9.250752E-7         5580.
        5590.   1.189255E-6         5600.
        5610.   5.509120E-6         5620.
        5630.   7.070949E-6         5640.
        5650.   1.077979E-5         5660.
        5670.   1.041219E-5         5680.
        5690.   7.849875E-6         5700.
        5710.   6.169817E-6         5720.
        5730.   4.912009E-6         5740.
        5750.   6.010853E-6         5760.
        5770.   6.034697E-6         5780.
        5790.   6.778851E-6         5800.
        5810.   8.041627E-6         5820.
        5830.   1.152494E-5         5840.
        5850.   2.244383E-5         5860.
        5870.   8.109186E-5         5880.
        5890.   3.410786E-4         5900.
        5910.   0.001298543         5920.
        5930.   0.004212565         5940.
        5942.   0.005696897         5944.
        5946.   0.006909003         5948.
        5950.   0.008556276         5952.
        5954.    0.01032277         5956.
        5958.    0.01254828         5960.
        5962.    0.01504203         5964.
        5966.    0.01784379         5968.
        5970.    0.02103302         5972.
        5974.    0.02480843         5976.
        5978.    0.02903093         5980.
        5982.    0.03369058         5984.
        5986.    0.03879732         5988.
        5990.    0.04457966         5992.
        5994.     0.0508389         5996.
        5998.    0.05757503         6000.
        6002.    0.06510598         6004.
        6006.    0.07319331         6008.
        6010.     0.0817774         6012.
        6014.    0.09108677         6016.
        6018.     0.1012406         6020.
        6022.     0.1121695         6024.
        6026.     0.1237938         6028.
        6030.     0.1365109         6032.
        6034.     0.1498242         6036.
        6038.     0.1635349         6040.
        6042.     0.1785372         6044.
        6046.     0.1938376         6048.
        6050.     0.2098334         6052.
        6054.     0.2262266         6056.
        6058.     0.2424212         6060.
        6062.     0.2588144         6064.
        6066.      0.275307         6068.
        6070.     0.2917996         6072.
        6074.     0.3078947         6076.
        6078.     0.3237912         6080.
        6082.     0.3396877         6084.
        6086.     0.3561803         6088.
        6090.     0.3722755         6092.
        6094.     0.3889667         6096.
        6098.     0.4042671         6100.
        6102.     0.4206603         6104.
        6106.     0.4368549         6108.
        6110.     0.4524533         6112.
        6114.     0.4674556         6116.
        6118.     0.4835508         6120.
        6122.     0.4969634         6124.
        6126.     0.5108728         6128.
        6130.     0.5243849         6132.
        6134.     0.5366052         6136.
        6138.     0.5477327         6140.
        6142.     0.5602512         6144.
        6146.     0.5712794         6148.
        6150.     0.5814134         6152.
        6154.     0.5916467         6156.
        6158.     0.6017808         6160.
        6162.     0.6120141         6164.
        6166.     0.6213533         6168.
        6170.     0.6289041         6172.
        6174.      0.640429         6176.
        6178.     0.6545371         6180.
        6182.     0.6577165         6184.
        6186.     0.6683472         6188.
        6190.     0.6771896         6192.
        6194.     0.6875223         6196.
        6198.     0.6974577         6200.
        6202.     0.7050084         6204.
        6206.     0.7136521         6208.
        6210.     0.7231901         6212.
        6214.     0.7303434         6216.
        6218.      0.738391         6220.
        6222.     0.7463393         6224.
        6226.     0.7537907         6228.
        6230.     0.7614409         6232.
        6234.     0.7658125         6236.
        6238.      0.773562         6240.
        6242.     0.7807153         6244.
        6246.     0.7879682         6248.
        6250.     0.7943267         6252.
        6254.     0.8009834         6256.
        6258.      0.807342         6260.
        6262.     0.8144954         6264.
        6266.     0.8199598         6268.
        6270.     0.8268151         6272.
        6274.     0.8342666         6276.
        6278.     0.8395324         6280.
        6282.     0.8456922         6284.
        6286.     0.8525476         6288.
        6290.     0.8575152         6292.
        6294.     0.8631783         6296.
        6298.     0.8670531         6300.
        6302.     0.8717226         6304.
        6306.     0.8756968         6308.
        6310.     0.8805651         6312.
        6314.     0.8848373         6316.
        6318.     0.8876191         6320.
        6322.     0.8907984         6324.
        6326.     0.8942758         6328.
        6330.     0.8978525         6332.
        6334.     0.8997402         6336.
        6338.     0.9015286         6340.
        6342.     0.9030189         6344.
        6346.      0.905304         6348.
        6350.     0.9060988         6352.
        6354.     0.9091787         6356.
        6358.     0.9080858         6360.
        6362.     0.9087813         6364.
        6366.     0.9108678         6368.
        6370.     0.9102716         6372.
        6374.     0.9121593         6376.
        6378.     0.9099736         6380.
        6382.     0.9103709         6384.
        6386.     0.9119607         6388.
        6390.     0.9101723         6392.
        6394.     0.9110664         6396.
        6398.     0.9111658         6400.
        6402.     0.9107684         6404.
        6406.     0.9107684         6408.
        6410.     0.9104704         6412.
        6414.     0.9102716         6416.
        6418.     0.9090794         6420.
        6422.     0.9082845         6424.
        6426.     0.9075891         6428.
        6430.     0.9078872         6432.
        6434.     0.9064962         6436.
        6438.     0.9058008         6440.
        6442.      0.905602         6444.
        6446.     0.9063969         6448.
        6450.     0.9057014         6452.
        6454.     0.9038137         6456.
        6458.     0.9040124         6460.
        6462.     0.9030189         6464.
        6466.     0.9043105         6468.
        6470.     0.9046085         6472.
        6474.     0.9067943         6476.
        6478.     0.9068936         6480.
        6482.     0.9082845         6484.
        6486.     0.9095761         6488.
        6490.     0.9102716         6492.
        6494.     0.9103709         6496.
        6498.     0.9128548         6500.
        6502.     0.9128548         6504.
        6506.     0.9146432         6508.
        6510.     0.9172263         6512.
        6514.     0.9168289         6516.
        6518.     0.9180211         6520.
        6522.     0.9181205         6524.
        6526.     0.9184185         6528.
        6530.     0.9181205         6532.
        6534.     0.9211011         6536.
        6538.     0.9222934         6540.
        6542.      0.924181         6544.
        6546.      0.924181         6548.
        6550.     0.9257707         6552.
        6554.     0.9268636         6556.
        6558.     0.9283538         6560.
        6562.     0.9293474         6564.
        6566.     0.9320299         6568.
        6570.     0.9344144         6572.
        6574.      0.935706         6576.
        6578.     0.9382892         6580.
        6582.     0.9399781         6584.
        6586.     0.9414684         6588.
        6590.     0.9443497         6592.
        6594.     0.9476283         6596.
        6598.     0.9504102         6600.
        6602.     0.9519998         6604.
        6606.     0.9555765         6608.
        6610.     0.9563714         6612.
        6614.     0.9583585         6616.
        6618.     0.9606435         6620.
        6622.     0.9617364         6624.
        6626.     0.9634254         6628.
        6630.     0.9634254         6632.
        6634.      0.964717         6636.
        6638.     0.9662073         6640.
        6642.     0.9658099         6644.
        6646.     0.9673995         6648.
        6650.     0.9690886         6652.
        6654.     0.9694859         6656.
        6658.     0.9707776         6660.
        6662.     0.9717711         6664.
        6666.      0.972864         6668.
        6670.     0.9726653         6672.
        6674.     0.9737581         6676.
        6678.     0.9735594         6680.
        6682.     0.9747517         6684.
        6686.     0.9759439         6688.
        6690.     0.9766394         6692.
        6694.     0.9771361         6696.
        6698.     0.9788252         6700.
        6702.     0.9773349         6704.
        6706.     0.9783284         6708.
        6710.     0.9778316         6712.
        6714.      0.978229         6716.
        6718.      0.978229         6720.
        6722.     0.9771361         6724.
        6726.     0.9786264         6728.
        6730.     0.9778316         6732.
        6734.     0.9783284         6736.
        6738.     0.9773349         6740.
        6742.     0.9775336         6744.
        6746.     0.9773349         6748.
        6750.     0.9762419         6752.
        6754.     0.9767388         6756.
        6758.     0.9769374         6760.
        6762.     0.9772355         6764.
        6766.     0.9786264         6768.
        6770.     0.9781297         6772.
        6774.     0.9774342         6776.
        6778.     0.9786264         6780.
        6782.     0.9790239         6784.
        6786.     0.9791232         6788.
        6790.     0.9767388         6792.
        6794.     0.9780303         6796.
        6798.     0.9769374         6800.
        6802.     0.9767388         6804.
        6806.     0.9762419         6808.
        6810.     0.9768381         6812.
        6814.     0.9766394         6816.
        6818.     0.9771361         6820.
        6822.     0.9754472         6824.
        6826.     0.9746523         6828.
        6830.     0.9747517         6832.
        6834.     0.9760433         6836.
        6838.     0.9760433         6840.
        6842.     0.9763413         6844.
        6846.     0.9770368         6848.
        6850.     0.9752484         6852.
        6854.     0.9763413         6856.
        6858.     0.9771361         6860.
        6862.     0.9762419         6864.
        6866.     0.9762419         6868.
        6870.     0.9770368         6872.
        6874.     0.9761426         6876.
        6878.      0.978229         6880.
        6882.     0.9762419         6884.
        6886.     0.9751491         6888.
        6890.     0.9762419         6892.
        6894.     0.9743543         6896.
        6898.     0.9734601         6900.
        6902.     0.9734601         6904.
        6906.     0.9733608         6908.
        6910.     0.9732614         6912.
        6914.     0.9702808         6916.
        6918.     0.9708769         6920.
        6922.     0.9701814         6924.
        6926.     0.9708769         6928.
        6930.     0.9687905         6932.
        6934.      0.966406         6936.
        6938.     0.9665054         6940.
        6942.     0.9657106         6944.
        6946.     0.9643196         6948.
        6950.     0.9627299         6952.
        6954.     0.9598487         6956.
        6958.     0.9592526         6960.
        6962.     0.9552785         6964.
        6966.     0.9530927         6968.
        6970.     0.9494167         6972.
        6974.     0.9467341         6976.
        6978.     0.9437535         6980.
        6982.     0.9422633         6984.
        6986.     0.9381898         6988.
        6990.     0.9374943         6992.
        6994.     0.9317318         6996.
        6998.     0.9315332         7000.
        7002.     0.9270623         7004.
        7006.     0.9234855         7008.
        7010.      0.922194         7012.
        7014.     0.9202069         7016.
        7018.     0.9194121         7020.
        7022.     0.9184185         7024.
        7026.     0.9168289         7028.
        7030.     0.9149412         7032.
        7034.     0.9143451         7036.
        7038.     0.9117619         7040.
        7042.     0.9118613         7044.
        7046.     0.9098742         7048.
        7050.     0.9061981         7052.
        7054.     0.9030189         7056.
        7058.     0.8990448         7060.
        7062.       0.89517         7064.
        7066.     0.8902023         7068.
        7070.     0.8826515         7072.
        7074.     0.8788761         7076.
        7078.     0.8719214         7080.
        7082.     0.8650661         7084.
        7086.     0.8591049         7088.
        7090.     0.8507592         7092.
        7094.     0.8463877         7096.
        7098.     0.8419168         7100.
        7102.     0.8367504         7104.
        7106.     0.8331737         7108.
        7110.     0.8309879         7112.
        7114.     0.8280074         7116.
        7118.       0.82761         7120.
        7122.     0.8283054         7124.
        7126.     0.8294977         7128.
        7130.     0.8303918         7132.
        7134.     0.8337699         7136.
        7138.      0.836055         7140.
        7142.     0.8386381         7144.
        7146.     0.8436058         7148.
        7150.     0.8449968         7152.
        7154.     0.8500637         7156.
        7158.     0.8507592         7160.
        7162.     0.8537398         7164.
        7166.     0.8538391         7168.
        7170.     0.8535411         7172.
        7174.     0.8533424         7176.
        7178.     0.8540379         7180.
        7182.     0.8506598         7184.
        7186.     0.8488715         7188.
        7190.     0.8482754         7192.
        7194.     0.8469838         7196.
        7198.     0.8448973         7200.
        7202.     0.8448973         7204.
        7206.     0.8445993         7208.
        7210.     0.8444006         7212.
        7214.     0.8450961         7216.
        7218.     0.8494676         7220.
        7222.     0.8499644         7224.
        7226.     0.8524482         7228.
        7230.       0.85831         7232.
        7234.      0.863079         7236.
        7238.     0.8705305         7240.
        7242.     0.8769884         7244.
        7246.     0.8841418         7248.
        7250.     0.8942758         7252.
        7254.     0.9000382         7256.
        7258.     0.9097749         7260.
        7262.     0.9150406         7264.
        7266.     0.9226907         7268.
        7270.     0.9308377         7272.
        7274.     0.9371963         7276.
        7278.     0.9431574         7280.
        7282.     0.9506089         7284.
        7286.     0.9518011         7288.
        7290.     0.9551791         7292.
        7294.     0.9591532         7296.
        7298.      0.961339         7300.
        7302.     0.9606435         7304.
        7306.     0.9623325         7308.
        7310.     0.9573649         7312.
        7314.      0.954285         7316.
        7318.     0.9487212         7320.
        7322.     0.9394814         7324.
        7326.     0.9300429         7328.
        7330.     0.9193127         7332.
        7334.      0.903615         7336.
        7338.      0.888712         7340.
        7342.     0.8717226         7344.
        7346.     0.8506598         7348.
        7350.     0.8274112         7352.
        7354.     0.8040633         7356.
        7358.     0.7807153         7360.
        7362.     0.7541882         7364.
        7366.      0.727959         7368.
        7370.     0.6984512         7372.
        7374.      0.671129         7376.
        7378.     0.6402304         7380.
        7382.     0.6106232         7384.
        7386.     0.5782341         7388.
        7390.     0.5464412         7392.
        7394.     0.5145488         7396.
        7398.      0.479974         7400.
        7402.     0.4472869         7404.
        7406.     0.4170837         7408.
        7410.     0.3856881         7412.
        7414.     0.3568757         7416.
        7418.     0.3292556         7420.
        7422.     0.3035232         7424.
        7426.      0.280374         7428.
        7430.     0.2583176         7432.
        7434.     0.2382483         7436.
        7438.     0.2190732         7440.
        7442.     0.2027793         7444.
        7446.     0.1884725         7448.
        7450.     0.1748612         7452.
        7454.     0.1623427         7456.
        7458.     0.1522087         7460.
        7462.     0.1425715         7464.
        7466.     0.1346232         7468.
        7470.     0.1265756         7472.
        7474.     0.1192235         7476.
        7478.     0.1140572         7480.
        7482.     0.1074999         7484.
        7486.     0.1024329         7488.
        7490.    0.09716717         7492.
        7494.    0.09262674         7496.
        7498.    0.08793729         7500.
        7502.    0.08304912         7504.
        7506.    0.07831991         7508.
        7510.    0.07344169         7512.
        7514.    0.06847405         7516.
        7518.    0.06397336         7520.
        7522.    0.05955215         7524.
        7526.    0.05549855         7528.
        7530.    0.05133566         7532.
        7534.    0.04770928         7536.
        7538.    0.04450018         7540.
        7542.    0.04076451         7544.
        7546.    0.03799256         7548.
        7550.    0.03526036         7552.
        7554.    0.03275666         7556.
        7558.    0.03045167         7590.
        7600.    0.01939369         7610.
        7620.    0.01517119         7630.
        7640.    0.01201177         7650.
        7660.   0.009548811         7670.
        7680.   0.007585597         7690.
        7700.   0.006078413         7710.
        7720.   0.004943802         7730.
        7740.    0.00408738         7750.
        7760.   0.003417741         7770.
        7780.   0.002844475         7790.
        7800.   0.002368574         7810.
        7820.   0.001986065         7830.
        7840.   0.001694961         7850.
        7860.   0.001475391         7870.
        7880.   0.001299536         7890.
        7900.   0.001144546         7910.
        7920.   9.994905E-4         7930.
        7940.   8.656621E-4         7950.
        7960.   7.517043E-4         7970.
        7980.   6.636776E-4         7990.
        8000.   6.410252E-4         8010.
        8020.   5.624370E-4         8030.
        8040.   4.990498E-4         8050.
        8060.   4.587125E-4         8070.
        8080.   4.274163E-4         8090.
        8100.   3.960208E-4         8110.
        8120.   3.645259E-4         8130.
        8140.   3.363097E-4         8150.
        8160.   3.068019E-4         8170.
        8180.   2.878254E-4         8190.
        8200.   2.765986E-4         8210.
        8220.   2.605034E-4         8230.
        8240.   2.305982E-4         8250.
        8260.   2.199674E-4         8270.
        8280.   2.009910E-4         8290.
        8300.   1.849952E-4         8310.
        8320.   1.840016E-4         8330.
        8340.   1.833062E-4         8350.
        8360.   1.809217E-4         8370.
        8380.   1.830081E-4         8390.
        8400.   1.612498E-4         8410.
        8420.   1.610511E-4         8430.
        8440.   1.466449E-4         8450.
        8460.   1.515132E-4         8470.
        8480.   1.400876E-4         8490.
        8500.   1.313446E-4         8510.
        8520.   1.328349E-4         8530.
        8540.   1.253834E-4         8550.
        8560.   1.157462E-4         8570.
        8580.   1.126662E-4         8590.
        8600.   9.642202E-5         8610.
        8620.   1.036251E-4         8630.
        8640.   1.060096E-4         8650.
        8660.   9.470322E-5         8670.
        8680.   7.967112E-5         8690.
        8700.   7.740587E-5         8710.
        8720.   5.684975E-5         8730.
        8740.   4.509630E-5         8750.
        8760.   3.036226E-5         8770.
        8780.   3.786340E-5         8790.
        8800.   3.087889E-5         8810.
        8820.   3.287589E-5         8830.
        8840.   3.192210E-5         8850.
        8860.   1.935395E-5         8870.
        8880.   3.484307E-5         8890.
        8900.   2.806720E-5         8910.
        8920.   2.032761E-5         8930.
        8940.   1.596602E-5         8950.
        8960.   1.591634E-5         8970.
        8980.   2.509655E-5         8990.
        9000.   2.406328E-5         9010.
        9020.   1.228996E-5         9030.
        9040.   7.908494E-6         9050.
        9060.   1.218067E-5         9070.
        9080.   1.052148E-5         9090.
        9100.   4.487772E-6         9110.
        9120.   1.814185E-5         9130.
        9140.   1.973149E-5         9150.
        9160.   1.483339E-5         9170.
        9180.   1.028303E-5         9190.
        9200.   1.764508E-5         9210.
        9220.   1.933408E-5         9230.
        9240.   1.422734E-5         9250.
        9260.   1.714832E-5         9270.
        9280.   9.586565E-6         9290.
        9300.   8.640725E-6         9310.
        9320.   5.671066E-6         9330.
        9340.   1.473404E-5         9350.
        9360.   4.088373E-6         9370.
        9380.   1.785372E-5         9390.
        9400.   1.123682E-5         9410.
        9420.   2.627885E-5         9430.
        9440.   6.357594E-6         9450.
        9460.   1.802262E-5         9470.
        9480.   1.084934E-5         9490.
        9500.   8.754981E-6         9510.
        9520.   5.315382E-6         9530.
        9540.   8.275106E-6         9550.
        9560.   6.075432E-6         9570.
        9580.   1.252841E-5         9590.
        9600.   1.452540E-5         9610.
        9620.   1.986065E-5         9630.
        9640.   1.570770E-5         9650.
        9660.   2.373542E-5         9670.
        9680.   2.491772E-5         9690.
        9700.   4.064529E-5         9710.
        9720.   2.646762E-5         9730.
        9740.   2.439115E-5         9750.
        9760.   3.041193E-5         9770.
        9780.   2.268228E-5         9790.
        9800.   8.453942E-6         9810.
        9820.   2.163907E-5         9830.
        9840.   1.617466E-5         9850.
        9860.   1.567789E-5         9870.
        9880.   2.456005E-5         9890.
        9900.   2.920976E-5         9910.
        9920.   4.093341E-5         9930.
        9940.   5.291537E-5         9950.
        9960.   7.137515E-5         9970.
        9980.   8.242320E-5         9990.
       10000.   7.860804E-5        10010.
       10020.   8.049575E-5        10030.
       10040.   5.374000E-5        10050.
       10060.   4.504662E-5        10070.
       10080.   4.432134E-5        10090.
       10100.   3.633337E-5        10110.
       10120.   3.654201E-5        10130.
       10140.   5.334259E-5        10150.
       10160.   6.920925E-5        10170.
       10180.   6.320834E-5        10190.
       10200.   4.495720E-5        10210.
       10220.   2.674581E-5        10230.
       10240.   3.808198E-5        10250.
       10260.   3.983059E-5        10270.
       10280.   5.515082E-5        10290.
       10300.   8.863275E-5        10310.
       10320.   9.617364E-5        10330.
       10340.   1.260789E-4        10350.
       10360.   1.202171E-4        10370.
       10380.   1.038238E-4        10390.
       10400.   1.085928E-4        10410.
       10420.   8.783794E-5        10430.
       10440.   7.624344E-5        10450.
       10460.   6.333749E-5        10470.
       10480.   5.710807E-5        10490.
       10500.   5.934351E-5        10510.
       10520.   5.098793E-5        10530.
       10540.   4.569242E-5        10550.
       10560.   5.791283E-5        10570.
       10580.   7.490219E-5        10590.
       10600.   1.070031E-4        10610.
       10620.   1.641311E-4        10630.
       10640.   2.122179E-4        10650.
       10660.   2.427192E-4        10670.
       10680.   2.514623E-4        10690.
       10700.   2.303001E-4        10710.
       10720.   2.069522E-4        10730.
       10740.   1.982091E-4        10750.
       10760.   1.743644E-4        10770.
       10780.   1.536990E-4        10790.
       10800.   1.620446E-4        10810.
       10820.   1.572757E-4        10830.
       10840.   1.858894E-4        10850.
       10860.   2.121185E-4        10870.
       10880.   2.629872E-4        10890.
       10900.   2.898125E-4        10910.
       10920.   3.022316E-4        10930.
       10940.   2.993504E-4        10950.
       10960.   3.065038E-4        10970.
       10980.   3.343226E-4        10990.
       11000.   3.509146E-4         INDEF
