        1850.   6.779285E-7         1900.
        1950.   3.314690E-7         2000.
        2050.   3.314690E-7         2100.
        2150.   3.314690E-7         2200.
        2250.   3.314690E-7         2300.
        2350.   3.314690E-7         2400.
        2450.   3.314690E-7         2500.
        2550.   3.314690E-7         2600.
        2650.   3.314690E-7         2700.
        2750.   3.314690E-7         2800.
        2850.   3.314690E-7         2900.
        2950.   3.314690E-7         3000.
        3050.   3.314690E-7         3100.
        3150.   3.314690E-7         3200.
        3250.   3.314690E-7         3300.
        3350.   3.314690E-7         3400.
        3450.   3.314690E-7         3500.
        3550.   3.314690E-7         3600.
        3650.   3.314690E-7         3700.
        3750.   3.314690E-7         3800.
        3850.   3.314690E-7         3900.
        3950.   3.314690E-7         4000.
        4050.   3.314690E-7         4100.
        4150.   3.314690E-7         4200.
        4250.   1.726532E-6         4308.
        4310.   2.273739E-4         4312.
        4314.   2.466624E-4         4316.
        4318.   2.900616E-4         4320.
        4322.   4.194204E-4         4324.
        4326.   6.662924E-4         4328.
        4330.   0.001111186         4332.
        4334.   0.002287367         4336.
        4338.   0.005465779         4340.
        4342.    0.01472846         4344.
        4346.    0.04161707         4348.
        4350.     0.1124814         4352.
        4354.     0.2698296         4356.
        4358.      0.448458         4360.
        4362.     0.5045415         4364.
        4366.     0.5171209         4368.
        4370.     0.5169113         4372.
        4374.     0.4953165         4376.
        4378.     0.4739314         4380.
        4382.      0.412292         4384.
        4386.     0.2179393         4388.
        4390.    0.06595834         4392.
        4394.    0.02027391         4396.
        4398.   0.007669282         4400.
        4402.   0.003425808         4404.
        4406.   0.001725484         4408.
        4410.   9.612810E-4         4412.
        4414.   6.451170E-4         4416.
        4418.   4.194204E-4         4420.
        4422.   3.072535E-4         4424.
        4426.   2.273739E-4         4428.
        4430.   2.096578E-4         4432.
        4434.   2.096578E-4         4436.
        4438.   1.383741E-4         4440.
        4442.   1.383741E-4         4500.
        4550.   3.314690E-7         4600.
        4650.   3.314690E-7         4700.
        4750.   3.314690E-7         4800.
        4850.   3.314690E-7         4900.
        4950.   3.314690E-7         5000.
        5050.   3.314690E-7         5100.
        5150.   3.314690E-7         5200.
        5250.   3.314690E-7         5300.
        5350.   7.054985E-7         5400.
        5450.   3.314690E-7         5500.
        5550.   3.314690E-7         5600.
        5650.   3.314690E-7         5700.
        5750.   3.314690E-7         5800.
        5850.   3.314690E-7         5900.
        5950.   3.314690E-7         6000.
        6050.   3.314690E-7         6100.
        6150.   3.314690E-7         6200.
        6250.   3.314690E-7         6300.
        6350.   3.314690E-7         6400.
        6450.   3.314690E-7         6500.
        6550.   3.314690E-7         6600.
        6650.   3.314690E-7         6700.
        6750.   3.314690E-7         6800.
        6850.   3.314690E-7         6900.
        6950.   3.314690E-7         7000.
        7050.   3.314690E-7         7100.
        7150.   3.314690E-7         7200.
        7250.   3.314690E-7         7300.
        7350.   3.314690E-7         7400.
        7450.   3.314690E-7         7500.
        7550.   3.314690E-7         7600.
        7650.   3.314690E-7         7700.
        7750.   3.314690E-7         7800.
        7850.   3.314690E-7         7900.
        7950.   3.314690E-7         8000.
        8050.   3.314690E-7         8100.
        8150.   3.314690E-7         8200.
        8250.   3.314690E-7         8300.
        8350.   3.314690E-7         8400.
        8450.   3.314690E-7         8500.
        8550.   3.314690E-7         8600.
        8650.   3.314690E-7         8700.
        8750.   3.314690E-7         8800.
        8850.   3.314690E-7         8900.
        8950.   3.314690E-7         9000.
        9050.   3.314690E-7         9100.
        9150.   3.314690E-7         9200.
        9250.   3.314690E-7         9300.
        9350.   3.314690E-7         9400.
        9450.   3.314690E-7         9500.
        9550.   3.314690E-7         9600.
        9650.   3.314690E-7         9700.
        9750.   3.314690E-7         9800.
        9850.   3.314690E-7         9900.
        9950.   3.314690E-7        10000.
       10050.   3.314690E-7        10100.
       10150.   3.314690E-7        10200.
       10250.   3.314690E-7        10300.
       10350.   3.314690E-7        10400.
       10450.   3.314690E-7        10500.
       10550.   3.314690E-7        10600.
       10650.   3.314690E-7        10700.
       10750.   3.314690E-7        10800.
       10850.   3.314690E-7        10900.
       10950.   3.314690E-7        11000.
