        6180.   1.434413E-7            0.
        6182.   1.434413E-7            0.
        6184.   1.434413E-7            0.
        6186.   1.434413E-7            0.
        6188.   1.434413E-7            0.
        6190.   1.434413E-7            0.
        6192.   1.434413E-7            0.
        6194.   1.434413E-7            0.
        6196.   1.434413E-7            0.
        6198.   1.434413E-7            0.
        6200.   1.434413E-7            0.
        6202.   1.434413E-7            0.
        6204.   1.434413E-7            0.
        6206.   1.434413E-7            0.
        6208.   1.434413E-7            0.
        6210.   1.434413E-7            0.
        6212.   1.434413E-7            0.
        6214.   1.434413E-7            0.
        6216.   1.434413E-7            0.
        6218.   1.434413E-7            0.
        6220.   1.434413E-7            0.
        6222.   1.434413E-7            0.
        6224.   1.434413E-7            0.
        6226.   1.434413E-7            0.
        6228.   1.434413E-7            0.
        6230.   1.434413E-7            0.
        6232.   1.434413E-7            0.
        6234.   1.434413E-7            0.
        6236.   1.434413E-7            0.
        6238.   1.434413E-7            0.
        6240.   1.434413E-7            0.
        6242.   1.434413E-7            0.
        6244.   1.434413E-7            0.
        6246.   1.434413E-7            0.
        6248.   1.434413E-7            0.
        6250.   1.434413E-7            0.
        6252.   9.572316E-5            0.
        6254.   9.572316E-5            0.
        6256.   9.572316E-5            0.
        6258.   2.870164E-4            0.
        6260.   3.825962E-4            0.
        6262.   6.694595E-4            0.
        6264.   0.001051912            0.
        6266.   0.001625792            0.
        6268.   0.002773284            0.
        6270.   0.004590226            0.
        6272.   0.008128397            0.
        6274.    0.01472672            0.
        6276.    0.02648886            0.
        6278.    0.04848322            0.
        6280.     0.0872124            0.
        6282.     0.1565424            0.
        6284.     0.2791367            0.
        6286.     0.4578647            0.
        6288.     0.6576304            0.
        6290.      0.786919            0.
        6292.      0.828517            0.
        6294.     0.8329158            0.
        6296.     0.8373147            0.
        6298.     0.8417135            0.
        6300.     0.8511807            0.
        6302.     0.8571095            0.
        6304.     0.8560576            0.
        6306.     0.8568227            0.
        6308.     0.8546233            0.
        6310.     0.8499374            0.
        6312.     0.8427653            0.
        6314.     0.8301426            0.
        6316.     0.8157027            0.
        6318.     0.8024107            0.
        6320.     0.7934216            0.
        6322.     0.7832851            0.
        6324.     0.7336543            0.
        6326.     0.6067567            0.
        6328.     0.4068951            0.
        6330.     0.2191784            0.
        6332.     0.1077722            0.
        6334.    0.05230827            0.
        6336.    0.02687146            0.
        6338.    0.01453542            0.
        6340.   0.008223977            0.
        6342.   0.004877099            0.
        6344.   0.002964577            0.
        6346.   0.001912665            0.
        6348.   0.001147626            0.
        6350.   6.694595E-4            0.
        6352.   4.781663E-4            0.
        6354.   3.825962E-4            0.
        6356.   1.912933E-4            0.
        6358.   9.572316E-5            0.
        6360.   9.572316E-5            0.
        6362.   1.434413E-7            0.
        6364.   1.434413E-7            0.
        6366.   1.434413E-7            0.
        6368.   1.434413E-7            0.
        6370.   1.434413E-7            0.
        6372.   1.434413E-7            0.
        6374.   1.434413E-7            0.
        6376.   1.434413E-7            0.
        6378.   1.434413E-7            0.
        6380.   1.434413E-7            0.
        6382.   1.434413E-7            0.
        6384.   1.434413E-7            0.
        6386.   1.434413E-7            0.
        6388.   1.434413E-7            0.
        6390.   1.434413E-7            0.
        6392.   1.434413E-7            0.
        6394.   1.434413E-7            0.
        6396.   1.434413E-7            0.
        6398.   1.434413E-7            0.
        6400.   1.434413E-7            0.
        6402.   1.434413E-7            0.
        6404.   1.434413E-7            0.
        6406.   1.434413E-7            0.
        6408.   1.434413E-7            0.
        6410.   1.434413E-7            0.
        6412.   1.434413E-7            0.
        6414.   1.434413E-7            0.
        6416.   1.434413E-7            0.
        6418.   1.434413E-7            0.
        6420.   1.434413E-7            0.
