        1850.   3.838065E-6            0.
        1860.   6.429194E-7            0.
        1870.   2.191864E-4            0.
        1880.   2.619794E-4            0.
        1890.   3.821685E-6            0.
        1900.   1.297100E-6            0.
        1910.   8.003732E-7            0.
        1920.   4.274185E-7            0.
        1930.   5.355273E-5            0.
        1940.   3.730570E-6            0.
        1950.   2.855258E-6            0.
        1960.   9.549605E-7            0.
        1970.   5.896840E-7            0.
        1980.   6.525427E-5            0.
        1990.   1.149679E-6            0.
        2000.   2.998584E-5            0.
        2010.   7.428380E-7            0.
        2020.   3.493059E-6            0.
        2030.   3.482821E-6            0.
        2040.   1.436331E-6            0.
        2050.   1.560206E-6            0.
        2060.   9.528107E-6            0.
        2070.   6.670800E-7            0.
        2080.   1.100539E-6            0.
        2090.   3.636385E-7            0.
        2100.   5.615307E-7            0.
        2110.   2.910541E-6            0.
        2120.   1.481376E-6            0.
        2130.   4.475866E-6            0.
        2140.   7.001474E-6            0.
        2150.   2.451898E-6            0.
        2160.   3.237119E-7            0.
        2170.   1.543826E-6            0.
        2180.   4.396012E-7            0.
        2190.   1.020686E-6            0.
        2200.   6.306343E-6            0.
        2210.   1.223390E-5            0.
        2220.   9.297762E-6            0.
        2230.   7.177561E-7            0.
        2240.   3.255547E-6            0.
        2250.   7.254342E-6            0.
        2260.   1.858119E-6            0.
        2270.   5.299990E-7            0.
        2280.   4.189214E-7            0.
        2290.   3.237119E-7            0.
        2300.   1.447592E-6            0.
        2310.   7.415072E-7            0.
        2320.   7.375145E-7            0.
        2330.   1.232603E-6            0.
        2340.   3.237119E-7            0.
        2350.   1.491614E-6            0.
        2360.   1.199843E-6            0.
        2370.   3.313901E-7            0.
        2380.   2.251242E-6            0.
        2390.   3.076390E-6            0.
        2400.   6.347293E-6            0.
        2410.   6.080093E-6            0.
        2420.   1.651320E-6            0.
        2430.   4.224021E-7            0.
        2440.   1.169130E-6            0.
        2450.   3.237119E-7            0.
        2460.   5.497575E-6            0.
        2470.   3.296498E-7            0.
        2480.   8.323144E-7            0.
        2490.   4.796302E-7            0.
        2500.   4.325373E-6            0.
        2510.   3.237119E-7            0.
        2520.   3.663002E-6            0.
        2530.   4.307969E-6            0.
        2540.   3.370208E-7            0.
        2550.   5.091144E-6            0.
        2560.   1.439402E-6            0.
        2570.   2.221553E-6            0.
        2580.   2.702719E-6            0.
        2590.   6.400529E-7            0.
        2600.   1.560206E-6            0.
        2610.   8.196199E-7            0.
        2620.   3.873896E-7            0.
        2630.   3.237119E-7            0.
        2640.   5.118785E-7            0.
        2650.   4.064315E-7            0.
        2660.   3.496130E-6            0.
        2670.   5.539549E-6            0.
        2680.   1.263316E-6            0.
        2690.   4.715424E-6            0.
        2700.   8.812500E-7            0.
        2710.   3.180813E-6            0.
        2720.   4.107313E-6            0.
        2730.   9.390923E-7            0.
        2740.   2.800999E-6            0.
        2750.   3.035439E-6            0.
        2760.   3.442895E-6            0.
        2770.   3.237119E-7            0.
        2780.   1.955376E-6            0.
        2790.   1.381048E-6            0.
        2800.   5.251873E-7            0.
        2810.   3.237119E-7            0.
        2820.   6.261297E-7            0.
        2830.   3.757188E-7            0.
        2840.   2.922826E-6            0.
        2850.   4.439010E-7            0.
        2860.   1.923640E-6            0.
        2870.   5.191472E-7            0.
        2880.   9.268072E-7            0.
        2890.   7.731413E-7            0.
        2900.   7.372074E-7            0.
        2910.   1.255126E-6            0.
        2920.   1.021095E-6            0.
        2930.   1.011984E-6            0.
        2940.   3.553461E-7            0.
        2950.   4.531149E-6            0.
        2960.   8.438828E-6            0.
        2970.   9.644815E-6            0.
        2980.   4.364276E-7            0.
        2990.   1.481376E-6            0.
        3000.   6.168136E-6            0.
        3010.   6.388243E-6            0.
        3020.   1.327813E-6            0.
        3030.   2.101773E-6            0.
        3040.   9.707264E-7            0.
        3050.   7.043448E-7            0.
        3060.   1.164012E-6            0.
        3070.   7.399715E-7            0.
        3080.   3.237119E-7            0.
        3090.   1.387191E-6            0.
        3100.   2.455993E-6            0.
        3110.   7.081327E-7            0.
        3120.   1.495709E-6            0.
        3130.   2.866519E-6            0.
        3140.   3.841136E-7            0.
        3150.   5.632711E-6            0.
        3160.   9.518893E-7            0.
        3170.   6.215229E-7            0.
        3180.   5.365510E-6            0.
        3190.   1.027852E-6            0.
        3200.   5.079882E-7            0.
        3210.   3.338472E-6            0.
        3220.   1.196772E-6            0.
        3230.   2.091535E-6            0.
        3240.   8.218721E-7            0.
        3250.   9.447229E-6            0.
        3260.   1.164012E-6            0.
        3270.   1.304266E-6            0.
        3280.   9.758452E-7            0.
        3290.   5.117761E-6            0.
        3300.   1.005329E-5            0.
        3310.   3.414229E-6            0.
        3320.   2.681219E-6            0.
        3330.   1.198819E-6            0.
        3340.   6.305319E-6            0.
        3350.   6.682062E-6            0.
        3360.   1.403571E-5            0.
        3370.   1.349312E-5            0.
        3380.   1.210081E-5            0.
        3390.   1.006660E-6            0.
        3400.   4.576194E-7            0.
        3410.   5.700279E-6            0.
        3420.   1.340098E-5            0.
        3430.   6.630874E-6            0.
        3440.   4.214808E-6            0.
        3450.   6.913431E-6            0.
        3460.   1.351359E-5            0.
        3470.   7.771339E-6            0.
        3480.   1.117943E-5            0.
        3490.   1.533588E-5            0.
        3500.   2.440637E-5            0.
        3510.   2.167294E-5            0.
        3520.   1.247960E-5            0.
        3530.   2.273764E-5            0.
        3540.   2.295263E-5            0.
        3550.   1.492638E-5            0.
        3560.   1.273554E-5            0.
        3570.   1.011267E-5            0.
        3580.   1.862214E-5            0.
        3590.   1.675890E-5            0.
        3600.   3.051820E-5            0.
        3610.   2.877781E-5            0.
        3620.   2.643340E-5            0.
        3630.   2.129414E-5            0.
        3640.   2.078227E-5            0.
        3650.   2.363855E-5            0.
        3660.   2.003492E-5            0.
        3670.   2.172412E-5            0.
        3680.   2.170365E-5            0.
        3690.   2.256360E-5            0.
        3700.   2.889042E-5            0.
        3710.   2.993465E-5            0.
        3720.   3.468489E-5            0.
        3730.   3.111197E-5            0.
        3740.   2.943301E-5            0.
        3750.   3.254523E-5            0.
        3760.   3.227905E-5            0.
        3770.   3.212550E-5            0.
        3780.   3.378398E-5            0.
        3790.   3.169552E-5            0.
        3800.   3.712143E-5            0.
        3810.   3.387612E-5            0.
        3820.   3.127578E-5            0.
        3830.   3.270903E-5            0.
        3840.   4.102194E-5            0.
        3850.   4.019270E-5            0.
        3860.   3.789948E-5            0.
        3870.   4.019270E-5            0.
        3880.   4.138026E-5            0.
        3890.   4.300803E-5            0.
        3900.   4.322302E-5            0.
        3910.   4.073529E-5            0.
        3920.   4.396012E-5            0.
        3930.   4.810634E-5            0.
        3940.   4.603835E-5            0.
        3950.   4.561861E-5            0.
        3960.   4.657071E-5            0.
        3970.   4.698021E-5            0.
        3980.   5.100357E-5            0.
        3990.   4.862846E-5            0.
        4000.   4.742042E-5            0.
        4010.   4.853632E-5            0.
        4020.   4.853632E-5            0.
        4030.   4.749209E-5            0.
        4040.   4.930414E-5            0.
        4050.   5.013338E-5            0.
        4060.   5.119809E-5            0.
        4070.   5.051217E-5            0.
        4080.   5.138236E-5            0.
        4090.   5.024600E-5            0.
        4100.   5.110595E-5            0.
        4110.   5.505765E-5            0.
        4120.   5.415674E-5            0.
        4130.   5.394176E-5            0.
        4140.   5.543644E-5            0.
        4150.   5.574357E-5            0.
        4160.   5.395199E-5            0.
        4170.   5.566167E-5            0.
        4180.   5.495528E-5            0.
        4190.   5.760681E-5            0.
        4200.   5.709493E-5            0.
        4210.   5.846676E-5            0.
        4220.   5.854866E-5            0.
        4230.   5.775013E-5            0.
        4240.   5.868175E-5            0.
        4250.   5.880460E-5            0.
        4260.   5.662400E-5            0.
        4270.   5.320465E-5            0.
        4280.   4.966245E-5            0.
        4290.   4.413417E-5            0.
        4300.   3.909728E-5            0.
        4310.   3.340519E-5            0.
        4320.   3.975248E-5            0.
        4330.   3.550389E-5            0.
        4340.   3.299569E-5            0.
        4350.   3.505344E-5            0.
        4360.   3.223811E-5            0.
        4370.   2.790761E-5            0.
        4380.   4.741019E-5            0.
        4390.   6.882718E-5            0.
        4400.   8.047753E-5            0.
        4410.   9.117580E-5            0.
        4420.   1.063683E-4            0.
        4430.   1.054470E-4            0.
        4440.   1.118966E-4            0.
        4450.   1.002975E-4            0.
        4460.   8.379450E-5            0.
        4470.   7.207249E-5            0.
        4480.   6.405647E-5            0.
        4490.   6.411790E-5            0.
        4500.   6.388243E-5            0.
        4510.   6.508023E-5            0.
        4520.   6.343199E-5            0.
        4530.   6.573543E-5            0.
        4540.   6.453764E-5            0.
        4550.   6.457859E-5            0.
        4560.   6.508023E-5            0.
        4570.   6.460930E-5            0.
        4580.   6.570472E-5            0.
        4590.   6.378006E-5            0.
        4600.   6.392338E-5            0.
        4610.   6.315557E-5            0.
        4620.   6.642135E-5            0.
        4630.   6.460930E-5            0.
        4640.   6.428170E-5            0.
        4650.   6.782390E-5            0.
        4660.   6.608351E-5            0.
        4670.   6.454788E-5            0.
        4680.   6.460930E-5            0.
        4690.   6.483453E-5            0.
        4700.   6.519285E-5            0.
        4710.   6.645206E-5            0.
        4720.   6.953358E-5            0.
        4730.   7.817408E-5            0.
        4740.   9.392970E-5            0.
        4750.   1.248983E-4            0.
        4760.   1.961518E-4            0.
        4770.   3.276022E-4            0.
        4780.   6.316580E-4            0.
        4790.   0.001157869            0.
        4800.   0.002312667            0.
        4810.   0.004092981            0.
        4820.   0.007604467            0.
        4830.    0.01259221            0.
        4840.    0.02049562            0.
        4850.     0.0328626            0.
        4860.    0.05085001            0.
        4870.    0.07134562            0.
        4880.     0.1004101            0.
        4890.     0.1306314            0.
        4900.     0.1704555            0.
        4910.     0.2093583            0.
        4920.      0.256963            0.
        4930.      0.300575            0.
        4940.     0.3513534            0.
        4950.     0.3957844            0.
        4960.     0.4455391            0.
        4970.     0.4878202            0.
        4980.     0.5338892            0.
        4990.     0.5712564            0.
        5000.     0.6112853            0.
        5010.      0.643636            0.
        5020.     0.6775224            0.
        5030.     0.7048567            0.
        5040.     0.7328053            0.
        5050.     0.7549184            0.
        5060.     0.7779529            0.
        5070.     0.7964829            0.
        5080.     0.8149105            0.
        5090.     0.8294479            0.
        5100.     0.8442924            0.
        5110.     0.8559632            0.
        5120.     0.8678388            0.
        5130.      0.877155            0.
        5140.      0.886676            0.
        5150.     0.8942517            0.
        5160.     0.9016228            0.
        5170.     0.9073558            0.
        5180.     0.9132936            0.
        5190.     0.9176958            0.
        5200.     0.9222003            0.
        5210.     0.9257834            0.
        5220.     0.9292642            0.
        5230.     0.9321307            0.
        5240.     0.9346901            0.
        5250.       0.93684            0.
        5260.     0.9384781            0.
        5270.      0.939297            0.
        5280.     0.9407303            0.
        5290.     0.9412422            0.
        5300.     0.9419588            0.
        5310.     0.9421635            0.
        5320.     0.9420612            0.
        5330.      0.941754            0.
        5340.     0.9412422            0.
        5350.     0.9406279            0.
        5360.     0.9393994            0.
        5370.     0.9385804            0.
        5380.     0.9372495            0.
        5390.     0.9358162            0.
        5400.     0.9338711            0.
        5410.     0.9322331            0.
        5420.     0.9296737            0.
        5430.     0.9279333            0.
        5440.      0.925374            0.
        5450.     0.9228145            0.
        5460.      0.919948            0.
        5470.     0.9170815            0.
        5480.     0.9140102            0.
        5490.     0.9110414            0.
        5500.      0.907151            0.
        5510.     0.9036703            0.
        5520.     0.8998824            0.
        5530.     0.8961968            0.
        5540.     0.8916923            0.
        5550.     0.8876997            0.
        5560.     0.8830928            0.
        5570.     0.8785883            0.
        5580.     0.8731623            0.
        5590.     0.8686578            0.
        5600.     0.8633342            0.
        5610.     0.8582155            0.
        5620.     0.8521754            0.
        5630.     0.8467494            0.
        5640.     0.8407093            0.
        5650.     0.8349762            0.
        5660.     0.8286289            0.
        5670.     0.8222816            0.
        5680.     0.8155248            0.
        5690.     0.8100989            0.
        5700.     0.8033421            0.
        5710.     0.7965853            0.
        5720.     0.7899309            0.
        5730.     0.7824575            0.
        5740.     0.7752912            0.
        5750.     0.7669987            0.
        5760.     0.7601396            0.
        5770.     0.7518471            0.
        5780.     0.7443737            0.
        5790.     0.7356718            0.
        5800.     0.7280959            0.
        5810.     0.7188821            0.
        5820.     0.7111016            0.
        5830.     0.7017854            0.
        5840.     0.6938001            0.
        5850.     0.6841767            0.
        5860.      0.675782            0.
        5870.      0.666261            0.
        5880.     0.6576615            0.
        5890.     0.6478334            0.
        5900.     0.6391315            0.
        5910.     0.6293035            0.
        5920.     0.6203967            0.
        5930.     0.6105687            0.
        5940.     0.6014572            0.
        5950.     0.5911173            0.
        5960.     0.5823129            0.
        5970.     0.5721778            0.
        5980.     0.5630664            0.
        5990.      0.552624            0.
        6000.     0.5434102            0.
        6010.      0.533275            0.
        6020.     0.5240612            0.
        6030.     0.5137212            0.
        6040.     0.5044051            0.
        6050.     0.4935533            0.
        6060.     0.4845442            0.
        6070.     0.4741018            0.
        6080.     0.4650928            0.
        6090.     0.4546505            0.
        6100.     0.4457438            0.
        6110.     0.4353015            0.
        6120.     0.4263948            0.
        6130.     0.4162596            0.
        6140.       0.40766            0.
        6150.     0.3974225            0.
        6160.     0.3888229            0.
        6170.     0.3789949            0.
        6180.     0.3704976            0.
        6190.     0.3608743            0.
        6200.     0.3523771            0.
        6210.     0.3427538            0.
        6220.     0.3345638            0.
        6230.     0.3252476            0.
        6240.     0.3173647            0.
        6250.     0.3083556            0.
        6260.      0.300575            0.
        6270.     0.2916684            0.
        6280.     0.2841949            0.
        6290.     0.2756978            0.
        6300.     0.2683267            0.
        6310.     0.2601366            0.
        6320.     0.2529703            0.
        6330.     0.2450874            0.
        6340.     0.2383306            0.
        6350.     0.2304477            0.
        6360.     0.2238957            0.
        6370.     0.2164222            0.
        6380.     0.2101773            0.
        6390.     0.2029086            0.
        6400.     0.1966637            0.
        6410.     0.1897022            0.
        6420.     0.1837644            0.
        6430.     0.1772123            0.
        6440.     0.1715817            0.
        6450.     0.1654391            0.
        6460.     0.1600132            0.
        6470.      0.153973            0.
        6480.     0.1489566            0.
        6490.     0.1434284            0.
        6500.     0.1385143            0.
        6510.     0.1333955            0.
        6520.     0.1283791            0.
        6530.     0.1237722            0.
        6540.     0.1191653            0.
        6550.     0.1145584            0.
        6560.     0.1102586            0.
        6570.     0.1058565            0.
        6580.     0.1018433            0.
        6590.    0.09764594            0.
        6600.    0.09391946            0.
        6610.    0.08992681            0.
        6620.    0.08642557            0.
        6630.    0.08288337            0.
        6640.    0.07950497            0.
        6650.    0.07618799            0.
        6660.     0.0730553            0.
        6670.     0.0699226            0.
        6680.    0.06699466            0.
        6690.    0.06400529            0.
        6700.    0.06128209            0.
        6710.    0.05853842            0.
        6720.    0.05593808            0.
        6730.    0.05341964            0.
        6740.    0.05104452            0.
        6750.    0.04873083            0.
        6760.    0.04645809            0.
        6770.    0.04428773            0.
        6780.    0.04221974            0.
        6790.    0.04025412            0.
        6800.    0.03830899            0.
        6810.     0.0364867            0.
        6820.    0.03470536            0.
        6830.    0.03300592            0.
        6840.    0.03136791            0.
        6940.    0.02420161            0.
        6950.    0.02305501            0.
        6960.    0.02178555            0.
        6970.    0.02073108            0.
        6980.    0.01958447            0.
        6990.    0.01863238            0.
        7000.    0.01758814            0.
        7010.    0.01672819            0.
        7020.     0.0157761            0.
        7030.     0.0149878            0.
        7040.    0.01412785            0.
        7050.    0.01342145            0.
        7060.    0.01265364            0.
        7070.    0.01201891            0.
        7080.    0.01132275            0.
        7090.    0.01073921            0.
        7100.    0.01011779            0.
        7110.   0.009606935            0.
        7120.   0.009035679            0.
        7130.   0.008567822            0.
        7140.   0.008063111            0.
        7150.   0.007643369            0.
        7160.   0.007190869            0.
        7170.   0.006814126            0.
        7180.   0.006405647            0.
        7190.   0.006068831            0.
        7200.   0.005701303            0.
        7210.    0.00539827            0.
        7220.   0.005076811            0.
        7230.   0.004804492            0.
        7240.   0.004514768            0.
        7250.    0.00427009            0.
        7260.   0.004013127            0.
        7270.   0.003802234            0.
        7280.   0.003570864            0.
        7290.   0.003381469            0.
        7300.   0.003172623            0.
        7310.   0.003003703            0.
        7320.   0.002819427            0.
        7330.   0.002667911            0.
        7340.    0.00250411            0.
        7350.   0.002366926            0.
        7360.   0.002224624            0.
        7370.   0.002105868            0.
        7380.   0.001975851            0.
        7390.   0.001868356            0.
        7400.    0.00175472            0.
        7410.    0.00165951            0.
        7420.   0.001557134            0.
        7430.   0.001471139            0.
        7440.   0.001380024            0.
        7450.   0.001307338            0.
        7460.   0.001228508            0.
        7470.    0.00116094            0.
        7480.   0.001089277            0.
        7490.   0.001031947            0.
        7500.   9.682694E-4            0.
        7510.   9.167744E-4            0.
        7520.   8.603653E-4            0.
        7530.   8.152177E-4            0.
        7540.   7.662821E-4            0.
        7550.   7.272770E-4            0.
        7560.   6.814126E-4            0.
        7570.   6.461954E-4            0.
        7580.   6.060642E-4            0.
        7590.   5.749419E-4            0.
        7600.   5.424888E-4            0.
        7610.   5.133117E-4            0.
        7620.   4.829062E-4            0.
        7630.   4.579265E-4            0.
        7640.   4.295684E-4            0.
        7650.   4.094004E-4            0.
        7660.   3.856492E-4            0.
        7670.   3.657884E-4            0.
        7680.   3.441871E-4            0.
        7690.   3.264761E-4            0.
        7700.   3.063081E-4            0.
        7710.   2.921802E-4            0.
        7720.   2.753906E-4            0.
        7730.   2.620818E-4            0.
        7740.   2.472373E-4            0.
        7750.   2.339285E-4            0.
        7760.   2.217458E-4            0.
        7770.   2.092559E-4            0.
        7780.   1.980970E-4            0.
        7790.   1.891903E-4            0.
        7800.   1.790551E-4            0.
        7810.   1.704555E-4            0.
        7820.   1.613441E-4            0.
        7830.   1.542802E-4            0.
        7840.   1.439402E-4            0.
        7850.   1.373882E-4            0.
        7860.   1.314504E-4            0.
        7870.   1.250007E-4            0.
        7880.   1.181416E-4            0.
        7890.   1.124085E-4            0.
        7900.   1.064707E-4            0.
        7910.   1.022119E-4            0.
        7920.   9.680646E-5            0.
        7930.   9.051036E-5            0.
        7940.   8.754146E-5            0.
        7950.   8.332358E-5            0.
        7960.   7.760078E-5            0.
        7970.   7.527685E-5            0.
        7980.   7.343409E-5            0.
        7990.   6.933906E-5            0.
        8000.   8.421425E-5            0.
        8010.   7.142752E-5            0.
        8020.   7.423262E-5            0.
        8030.   5.423865E-5            0.
        8040.   5.777061E-5            0.
        8050.   5.906054E-5            0.
        8060.   6.791604E-5            0.
        8070.   4.967269E-5            0.
        8080.   4.969316E-5            0.
        8090.   5.652162E-5            0.
        8100.   4.821895E-5            0.
        8110.   4.686760E-5            0.
        8120.   4.483032E-5            0.
        8130.   4.055101E-5            0.
        8140.   4.254734E-5            0.
        8150.   3.818614E-5            0.
        8160.   4.060220E-5            0.
        8170.   3.880039E-5            0.
        8180.   4.624310E-5            0.
        8190.   4.493269E-5            0.
        8200.   3.808376E-5            0.
        8210.   4.225045E-5            0.
        8220.   2.430399E-5            0.
        8230.   4.244496E-5            0.
        8240.   3.886181E-5            0.
        8250.   3.067176E-5            0.
        8260.   2.122248E-5            0.
        8270.   3.090722E-5            0.
        8280.   2.926921E-5            0.
        8290.   3.278070E-5            0.
        8300.   3.022131E-5            0.
        8310.   1.920568E-5            0.
        8320.   1.707627E-5            0.
        8330.   2.157056E-5            0.
        8340.   3.272951E-5            0.
        8350.   2.361807E-5            0.
        8360.   2.417090E-5            0.
        8370.   2.565535E-5            0.
        8380.   1.086206E-5            0.
        8390.   1.669748E-5            0.
        8400.   1.900093E-5            0.
        8410.   2.302429E-5            0.
        8420.   2.557345E-5            0.
        8430.   1.505947E-5            0.
        8440.   1.678961E-5            0.
        8450.   2.100749E-5            0.
        8460.   2.066965E-5            0.
        8470.   1.560206E-5            0.
        8480.   1.985065E-5            0.
        8490.   1.023757E-5            0.
        8500.   1.438379E-5            0.
        8510.   1.701484E-5            0.
        8520.   2.137604E-5            0.
        8530.   8.493087E-6            0.
        8540.   1.569420E-5            0.
        8550.   1.502875E-5            0.
        8560.   1.232603E-5            0.
        8570.   1.105658E-5            0.
        8580.   1.735268E-5            0.
        8590.   6.893980E-6            0.
        8600.   8.243292E-6            0.
        8610.   1.747553E-5            0.
        8620.   2.950468E-5            0.
        8630.   1.781337E-5            0.
        8640.   1.134323E-5            0.
        8650.   9.926348E-6            0.
        8660.   8.524824E-6            0.
        8670.   9.141126E-6            0.
        8680.   4.721567E-6            0.
        8690.   1.139442E-5            0.
        8700.   1.313480E-5            0.
        8710.   1.524374E-5            0.
        8720.   1.463972E-5            0.
        8730.   2.817379E-5            0.
        8740.   1.997350E-5            0.
        8750.   8.850379E-6            0.
        8760.   8.702958E-6            0.
        8770.   5.979764E-6            0.
        8780.   7.232843E-6            0.
        8790.   9.077654E-6            0.
        8800.   7.505162E-6            0.
        8810.   1.303243E-5            0.
        8820.   1.734244E-5            0.
        8830.   5.118785E-6            0.
        8840.   2.135557E-5            0.
        8850.   8.272979E-6            0.
        8860.   5.910149E-6            0.
        8870.   1.282768E-5            0.
        8880.   9.206647E-6            0.
        8890.   1.424046E-5            0.
        8900.   7.387430E-6            0.
        8910.   5.868175E-6            0.
        8920.   5.005148E-6            0.
        8930.   1.593990E-5            0.
        8940.   1.410737E-5            0.
        8950.   1.462949E-5            0.
        8960.   3.078437E-6            0.
        8970.   1.100539E-5            0.
        8980.   9.174910E-6            0.
        8990.   4.566980E-6            0.
        9000.   1.517208E-5            0.
        9010.   3.385564E-6            0.
        9020.   1.253079E-5            0.
        9030.   2.175483E-5            0.
        9040.   1.892927E-5            0.
        9050.   2.487729E-5            0.
        9060.   5.790370E-6            0.
        9070.   1.426094E-5            0.
        9080.   1.634940E-5            0.
        9090.   2.066965E-5            0.
        9100.   7.673058E-6            0.
        9110.   6.603233E-6            0.
        9120.   1.708650E-6            0.
        9130.   4.409321E-6            0.
        9140.   5.126975E-6            0.
        9150.   8.808405E-6            0.
        9160.   5.798560E-6            0.
        9170.   1.368763E-5            0.
        9180.   1.114871E-5            0.
        9190.   1.627774E-5            0.
        9200.   6.341151E-6            0.
        9210.   4.616120E-6            0.
        9220.   1.635964E-5            0.
        9230.   1.488543E-5            0.
        9240.   4.999005E-6            0.
        9250.   8.675317E-6            0.
        9260.   7.684320E-6            0.
        9270.   1.450664E-5            0.
        9280.   1.840715E-5            0.
        9290.   1.005329E-5            0.
        9300.   1.725030E-5            0.
        9310.   1.991207E-6            0.
        9320.   1.700460E-5            0.
        9330.   1.021095E-5            0.
        9340.   1.460901E-5            0.
        9350.   8.109179E-6            0.
        9360.   1.873475E-5            0.
        9370.   2.268645E-6            0.
        9380.   8.106108E-6            0.
        9390.   1.053446E-5            0.
        9400.   1.171178E-5            0.
        9410.   6.494714E-6            0.
        9420.   1.185511E-5            0.
        9430.   9.880279E-6            0.
        9440.   6.196801E-6            0.
        9450.   9.972417E-6            0.
        9460.   1.969709E-5            0.
        9470.   2.108939E-5            0.
        9480.   7.214415E-6            0.
        9490.   7.185750E-6            0.
        9500.   9.418564E-6            0.
        9510.   1.128180E-5            0.
        9520.   1.253079E-5            0.
        9530.   9.390923E-6            0.
        9540.   1.701484E-5            0.
        9550.   8.340548E-6            0.
        9560.   7.265603E-6            0.
        9570.   5.366534E-6            0.
        9580.   1.634940E-5            0.
        9590.   1.640059E-5            0.
        9600.   2.144771E-5            0.
        9610.   2.145795E-5            0.
        9620.   1.327813E-5            0.
        9630.   3.037487E-5            0.
        9640.   1.509018E-5            0.
        9650.   1.199843E-5            0.
        9660.   2.349522E-5            0.
        9670.   1.676914E-5            0.
        9680.   7.564540E-6            0.
        9690.   1.744482E-5            0.
        9700.   1.643130E-5            0.
        9710.   2.010659E-5            0.
        9720.   1.639035E-5            0.
        9730.   8.317002E-6            0.
        9740.   2.187769E-5            0.
        9750.   2.032158E-5            0.
        9760.   1.553039E-5            0.
        9770.   2.208244E-5            0.
        9780.   1.763933E-5            0.
        9790.   2.277859E-5            0.
        9800.   1.976875E-5            0.
        9810.   1.608322E-5            0.
        9820.   2.815332E-5            0.
        9830.   2.647436E-5            0.
        9840.   1.985065E-5            0.
        9850.   2.104844E-5            0.
        9860.   3.002679E-5            0.
        9870.   2.131462E-5            0.
        9880.   1.298124E-5            0.
        9890.   2.697600E-5            0.
        9900.   1.842763E-5            0.
        9910.   2.245099E-5            0.
        9920.   3.278070E-5            0.
        9930.   2.728312E-5            0.
        9940.   3.007798E-5            0.
        9950.   2.712956E-5            0.
        9960.   2.050585E-5            0.
        9970.   2.523561E-5            0.
        9980.   2.138628E-5            0.
        9990.   2.311643E-5            0.
       10000.   2.765168E-5            0.
       10010.   3.129625E-5            0.
       10020.   3.319020E-5            0.
       10030.   3.426515E-5            0.
       10040.   3.695763E-5            0.
       10050.   3.457227E-5            0.
       10060.   3.632290E-5            0.
       10070.   2.894161E-5            0.
       10080.   2.841949E-5            0.
       10090.   4.236307E-5            0.
       10100.   2.959681E-5            0.
       10110.   3.981391E-5            0.
       10120.   2.760049E-5            0.
       10130.   3.623076E-5            0.
       10140.   3.825780E-5            0.
       10150.   3.269880E-5            0.
       10160.   3.692691E-5            0.
       10170.   4.121646E-5            0.
       10180.   3.755141E-5            0.
       10190.   4.233235E-5            0.
       10200.   4.049982E-5            0.
       10210.   4.527054E-5            0.
       10220.   4.867964E-5            0.
       10230.   5.014362E-5            0.
       10240.   5.060431E-5            0.
       10250.   4.684712E-5            0.
       10260.   4.846466E-5            0.
       10270.   5.260063E-5            0.
       10280.   5.345035E-5            0.
       10290.   5.374724E-5            0.
       10300.   5.304085E-5            0.
       10310.   5.559000E-5            0.
       10320.   5.609165E-5            0.
       10330.   5.709493E-5            0.
       10340.   5.590737E-5            0.
       10350.   5.726896E-5            0.
       10360.   7.100779E-5            0.
       10370.   5.662400E-5            0.
       10380.   5.526240E-5            0.
       10390.   6.751678E-5            0.
       10400.   7.343409E-5            0.
       10410.   7.104873E-5            0.
       10420.   6.538736E-5            0.
       10430.   7.669987E-5            0.
       10440.   7.640298E-5            0.
       10450.   9.133959E-5            0.
       10460.   8.049802E-5            0.
       10470.   8.639485E-5            0.
       10480.   8.485922E-5            0.
       10490.   7.821503E-5            0.
       10500.   8.599558E-5            0.
       10510.   9.771760E-5            0.
       10520.   1.028876E-4            0.
       10530.   9.433921E-5            0.
       10540.   9.111437E-5            0.
       10550.   1.012291E-4            0.
       10560.   1.119990E-4            0.
       10570.   1.075969E-4            0.
       10580.   1.162988E-4            0.
       10590.   1.166059E-4            0.
       10600.   1.114871E-4            0.
       10610.   1.116919E-4            0.
       10620.   1.089277E-4            0.
       10630.   1.233627E-4            0.
       10640.   1.221342E-4            0.
       10650.   1.162988E-4            0.
       10660.   1.228508E-4            0.
       10670.   1.314504E-4            0.
       10680.   1.350336E-4            0.
       10690.   1.360573E-4            0.
       10700.   1.331908E-4            0.
       10710.   1.334979E-4            0.
       10720.   1.424046E-4            0.
       10730.   1.434284E-4            0.
       10740.   1.460901E-4            0.
       10750.   1.513113E-4            0.
       10760.   1.469091E-4            0.
       10770.   1.504923E-4            0.
       10780.   1.618560E-4            0.
       10790.   1.511065E-4            0.
       10800.   1.634940E-4            0.
       10810.   1.656439E-4            0.
       10820.   1.736292E-4            0.
       10830.   1.714793E-4            0.
       10840.   1.740387E-4            0.
       10850.   1.774171E-4            0.
       10860.   1.778266E-4            0.
       10870.   1.828430E-4            0.
       10880.   1.810002E-4            0.
       10890.   1.974827E-4            0.
       10900.   2.013730E-4            0.
       10910.   1.913402E-4            0.
       10920.   2.001445E-4            0.
       10930.   2.048538E-4            0.
       10940.   2.124296E-4            0.
       10950.   2.192887E-4            0.
       10960.   2.093583E-4            0.
       10970.   2.227695E-4            0.
       10980.   2.262503E-4            0.
       10990.   2.320857E-4            0.
       11000.   2.282978E-4            0.
