        1950.   9.220585E-7         2050.
        2150.            0.         2250.
        2350.            0.         2450.
        2550.            0.         2650.
        2750.            0.         2850.
        2950.            0.         3050.
        3150.            0.         3250.
        3350.            0.         3450.
        3550.            0.         3650.
        3750.            0.         3850.
        3950.            0.         4050.
        4150.            0.         4250.
        4350.            0.         4450.
        4550.   9.220585E-7         4652.
        4654.   1.512176E-4         4656.
        4658.   6.242336E-4         4660.
        4662.   0.002315289         4664.
        4666.    0.00841655         4668.
        4670.    0.02755111         4672.
        4674.     0.0877311         4676.
        4678.      0.253603         4680.
        4682.     0.4612506         4684.
        4686.     0.5173394         4688.
        4690.     0.5160485         4692.
        4694.     0.5148774         4696.
        4698.     0.5242271         4700.
        4702.     0.5086443         4704.
        4706.     0.4598121         4708.
        4710.     0.3327064         4712.
        4714.     0.1060644         4716.
        4718.    0.02031387         4720.
        4722.   0.004673915         4724.
        4726.    0.00136188         4728.
        4730.   4.130822E-4         4732.
        4734.   3.319411E-5         4736.
        4850.            0.         4850.
        4950.            0.         5050.
        5150.            0.         5250.
        5350.            0.         5450.
        5550.            0.         5650.
        5750.   9.220585E-7         5850.
        5950.            0.         6050.
        6150.            0.         6250.
        6350.            0.         6450.
        6550.            0.         6650.
        6750.            0.         6850.
        6950.            0.         7050.
        7150.            0.         7250.
        7350.            0.         7450.
        7550.            0.         7650.
        7750.            0.         7850.
        7950.            0.         8050.
        8150.   1.844117E-6         8250.
        8350.   9.220585E-7         8450.
        8550.            0.         8650.
        8750.   9.220585E-7         8850.
        8950.            0.         9050.
        9150.            0.         9250.
        9350.   9.220585E-7         9450.
        9550.   9.220585E-7         9650.
        9750.            0.         9850.
        9950.            0.        10050.
       10150.   9.220585E-7        10250.
       10350.            0.        10450.
       10550.            0.        10650.
       10750.   9.220585E-7        10850.
       10950.            0.         INDEF
