        1850.   6.779285E-7            0.
        1900.   7.583322E-7            0.
        1950.   3.314690E-7            0.
        2000.   3.314690E-7            0.
        2050.   3.314690E-7            0.
        2100.   3.314690E-7            0.
        2150.   3.314690E-7            0.
        2200.   3.314690E-7            0.
        2250.   3.314690E-7            0.
        2300.   3.314690E-7            0.
        2350.   3.314690E-7            0.
        2400.   3.314690E-7            0.
        2450.   3.314690E-7            0.
        2500.   3.314690E-7            0.
        2550.   3.314690E-7            0.
        2600.   3.314690E-7            0.
        2650.   3.314690E-7            0.
        2700.   3.314690E-7            0.
        2750.   3.314690E-7            0.
        2800.   3.314690E-7            0.
        2850.   3.314690E-7            0.
        2900.   3.314690E-7            0.
        2950.   3.314690E-7            0.
        3000.   3.314690E-7            0.
        3050.   3.314690E-7            0.
        3100.   3.314690E-7            0.
        3150.   3.314690E-7            0.
        3200.   3.314690E-7            0.
        3250.   3.314690E-7            0.
        3300.   3.314690E-7            0.
        3350.   3.314690E-7            0.
        3400.   3.314690E-7            0.
        3450.   3.314690E-7            0.
        3500.   3.314690E-7            0.
        3550.   3.314690E-7            0.
        3600.   3.314690E-7            0.
        3650.   3.314690E-7            0.
        3700.   3.314690E-7            0.
        3750.   3.314690E-7            0.
        3800.   3.314690E-7            0.
        3850.   3.314690E-7            0.
        3900.   3.314690E-7            0.
        3950.   3.314690E-7            0.
        4000.   3.314690E-7            0.
        4050.   3.314690E-7            0.
        4100.   3.314690E-7            0.
        4150.   3.314690E-7            0.
        4200.   3.314690E-7            0.
        4250.   1.726532E-6            0.
        4308.   2.096578E-4            0.
        4310.   2.273739E-4            0.
        4312.   1.980218E-4            0.
        4314.   2.466624E-4            0.
        4316.   2.900616E-4            0.
        4318.   2.900616E-4            0.
        4320.   3.529589E-4            0.
        4322.   4.194204E-4            0.
        4324.   4.756087E-4            0.
        4326.   6.662924E-4            0.
        4328.   8.313979E-4            0.
        4330.   0.001111186            0.
        4332.   0.001601786            0.
        4334.   0.002287367            0.
        4336.   0.003442581            0.
        4338.   0.005465779            0.
        4340.   0.008881104            0.
        4342.    0.01472846            0.
        4344.    0.02501217            0.
        4346.    0.04161707            0.
        4348.    0.06914514            0.
        4350.     0.1124814            0.
        4352.     0.1777898            0.
        4354.     0.2698296            0.
        4356.     0.3680542            0.
        4358.      0.448458            0.
        4360.     0.4903896            0.
        4362.     0.5045415            0.
        4364.     0.5117747            0.
        4366.     0.5171209            0.
        4368.     0.5202658            0.
        4370.     0.5169113            0.
        4372.     0.5073718            0.
        4374.     0.4953165            0.
        4376.     0.4844143            0.
        4378.     0.4739314            0.
        4380.     0.4556912            0.
        4382.      0.412292            0.
        4384.     0.3254937            0.
        4386.     0.2179393            0.
        4388.     0.1229643            0.
        4390.    0.06595834            0.
        4392.    0.03632321            0.
        4394.    0.02027391            0.
        4396.    0.01223353            0.
        4398.   0.007669282            0.
        4400.   0.004933248            0.
        4402.   0.003425808            0.
        4404.   0.002416306            0.
        4406.   0.001725484            0.
        4408.   0.001291492            0.
        4410.   9.612810E-4            0.
        4412.   7.308671E-4            0.
        4414.   6.451170E-4            0.
        4416.   5.593669E-4            0.
        4418.   4.194204E-4            0.
        4420.   3.529589E-4            0.
        4422.   3.072535E-4            0.
        4424.   3.145915E-4            0.
        4426.   2.273739E-4            0.
        4428.   2.273739E-4            0.
        4430.   2.096578E-4            0.
        4432.   2.096578E-4            0.
        4434.   2.096578E-4            0.
        4436.   1.826119E-4            0.
        4438.   1.383741E-4            0.
        4440.   1.590254E-4            0.
        4442.   1.383741E-4            0.
        4500.   3.314690E-7            0.
        4550.   3.314690E-7            0.
        4600.   3.314690E-7            0.
        4650.   3.314690E-7            0.
        4700.   3.314690E-7            0.
        4750.   3.314690E-7            0.
        4800.   3.314690E-7            0.
        4850.   3.314690E-7            0.
        4900.   3.314690E-7            0.
        4950.   3.314690E-7            0.
        5000.   3.314690E-7            0.
        5050.   3.314690E-7            0.
        5100.   3.314690E-7            0.
        5150.   3.314690E-7            0.
        5200.   3.314690E-7            0.
        5250.   3.314690E-7            0.
        5300.   3.314690E-7            0.
        5350.   7.054985E-7            0.
        5400.   3.314690E-7            0.
        5450.   3.314690E-7            0.
        5500.   3.314690E-7            0.
        5550.   3.314690E-7            0.
        5600.   3.314690E-7            0.
        5650.   3.314690E-7            0.
        5700.   3.314690E-7            0.
        5750.   3.314690E-7            0.
        5800.   3.314690E-7            0.
        5850.   3.314690E-7            0.
        5900.   3.314690E-7            0.
        5950.   3.314690E-7            0.
        6000.   3.314690E-7            0.
        6050.   3.314690E-7            0.
        6100.   3.314690E-7            0.
        6150.   3.314690E-7            0.
        6200.   3.314690E-7            0.
        6250.   3.314690E-7            0.
        6300.   3.314690E-7            0.
        6350.   3.314690E-7            0.
        6400.   3.314690E-7            0.
        6450.   3.314690E-7            0.
        6500.   3.314690E-7            0.
        6550.   3.314690E-7            0.
        6600.   3.314690E-7            0.
        6650.   3.314690E-7            0.
        6700.   3.314690E-7            0.
        6750.   3.314690E-7            0.
        6800.   3.314690E-7            0.
        6850.   3.314690E-7            0.
        6900.   3.314690E-7            0.
        6950.   3.314690E-7            0.
        7000.   3.314690E-7            0.
        7050.   3.314690E-7            0.
        7100.   3.314690E-7            0.
        7150.   3.314690E-7            0.
        7200.   3.314690E-7            0.
        7250.   3.314690E-7            0.
        7300.   3.314690E-7            0.
        7350.   3.314690E-7            0.
        7400.   3.314690E-7            0.
        7450.   3.314690E-7            0.
        7500.   3.314690E-7            0.
        7550.   3.314690E-7            0.
        7600.   3.314690E-7            0.
        7650.   3.314690E-7            0.
        7700.   3.314690E-7            0.
        7750.   3.314690E-7            0.
        7800.   3.314690E-7            0.
        7850.   3.314690E-7            0.
        7900.   3.314690E-7            0.
        7950.   3.314690E-7            0.
        8000.   3.314690E-7            0.
        8050.   3.314690E-7            0.
        8100.   3.314690E-7            0.
        8150.   3.314690E-7            0.
        8200.   3.314690E-7            0.
        8250.   3.314690E-7            0.
        8300.   3.314690E-7            0.
        8350.   3.314690E-7            0.
        8400.   3.314690E-7            0.
        8450.   3.314690E-7            0.
        8500.   3.314690E-7            0.
        8550.   3.314690E-7            0.
        8600.   3.314690E-7            0.
        8650.   3.314690E-7            0.
        8700.   3.314690E-7            0.
        8750.   3.314690E-7            0.
        8800.   3.314690E-7            0.
        8850.   3.314690E-7            0.
        8900.   3.314690E-7            0.
        8950.   3.314690E-7            0.
        9000.   3.314690E-7            0.
        9050.   3.314690E-7            0.
        9100.   3.314690E-7            0.
        9150.   3.314690E-7            0.
        9200.   3.314690E-7            0.
        9250.   3.314690E-7            0.
        9300.   3.314690E-7            0.
        9350.   3.314690E-7            0.
        9400.   3.314690E-7            0.
        9450.   3.314690E-7            0.
        9500.   3.314690E-7            0.
        9550.   3.314690E-7            0.
        9600.   3.314690E-7            0.
        9650.   3.314690E-7            0.
        9700.   3.314690E-7            0.
        9750.   3.314690E-7            0.
        9800.   3.314690E-7            0.
        9850.   3.314690E-7            0.
        9900.   3.314690E-7            0.
        9950.   3.314690E-7            0.
       10000.   3.314690E-7            0.
       10050.   3.314690E-7            0.
       10100.   3.314690E-7            0.
       10150.   3.314690E-7            0.
       10200.   3.314690E-7            0.
       10250.   3.314690E-7            0.
       10300.   3.314690E-7            0.
       10350.   3.314690E-7            0.
       10400.   3.314690E-7            0.
       10450.   3.314690E-7            0.
       10500.   3.314690E-7            0.
       10550.   3.314690E-7            0.
       10600.   3.314690E-7            0.
       10650.   3.314690E-7            0.
       10700.   3.314690E-7            0.
       10750.   3.314690E-7            0.
       10800.   3.314690E-7            0.
       10850.   3.314690E-7            0.
       10900.   3.314690E-7            0.
       10950.   3.314690E-7            0.
       11000.   3.314690E-7            0.
