        1860.   7.457217E-6            0.
        1870.            0.            0.
        1880.   9.321521E-7            0.
        1890.   9.321521E-7            0.
        1900.   9.321521E-7            0.
        1910.   1.864304E-6            0.
        1920.   2.796456E-6            0.
        1930.   9.321521E-7            0.
        1940.            0.            0.
        1950.            0.            0.
        1960.   9.321521E-7            0.
        1970.            0.            0.
        1980.            0.            0.
        1990.            0.            0.
        2000.            0.            0.
        2010.            0.            0.
        2020.            0.            0.
        2030.            0.            0.
        2040.            0.            0.
        2050.            0.            0.
        2060.            0.            0.
        2070.            0.            0.
        2080.            0.            0.
        2090.            0.            0.
        2100.            0.            0.
        2110.            0.            0.
        2120.            0.            0.
        2130.            0.            0.
        2140.            0.            0.
        2150.            0.            0.
        2160.            0.            0.
        2170.            0.            0.
        2180.            0.            0.
        2190.            0.            0.
        2200.            0.            0.
        2210.            0.            0.
        2220.            0.            0.
        2230.            0.            0.
        2240.            0.            0.
        2250.            0.            0.
        2260.            0.            0.
        2270.            0.            0.
        2280.            0.            0.
        2290.            0.            0.
        2300.            0.            0.
        2310.            0.            0.
        2320.            0.            0.
        2330.            0.            0.
        2340.            0.            0.
        2350.            0.            0.
        2360.            0.            0.
        2370.            0.            0.
        2380.            0.            0.
        2390.            0.            0.
        2400.            0.            0.
        2410.            0.            0.
        2420.            0.            0.
        2430.            0.            0.
        2440.            0.            0.
        2450.            0.            0.
        2460.            0.            0.
        2470.            0.            0.
        2480.            0.            0.
        2490.            0.            0.
        2500.            0.            0.
        2510.            0.            0.
        2520.            0.            0.
        2530.            0.            0.
        2540.            0.            0.
        2550.            0.            0.
        2560.            0.            0.
        2570.            0.            0.
        2580.            0.            0.
        2590.            0.            0.
        2600.            0.            0.
        2610.            0.            0.
        2620.            0.            0.
        2630.            0.            0.
        2640.            0.            0.
        2650.            0.            0.
        2660.            0.            0.
        2670.            0.            0.
        2680.            0.            0.
        2690.            0.            0.
        2700.            0.            0.
        2710.            0.            0.
        2720.            0.            0.
        2730.            0.            0.
        2740.            0.            0.
        2750.            0.            0.
        2760.            0.            0.
        2770.            0.            0.
        2780.            0.            0.
        2790.            0.            0.
        2800.            0.            0.
        2810.            0.            0.
        2820.            0.            0.
        2830.            0.            0.
        2840.            0.            0.
        2850.            0.            0.
        2860.            0.            0.
        2870.            0.            0.
        2880.            0.            0.
        2890.            0.            0.
        2900.            0.            0.
        2910.            0.            0.
        2920.            0.            0.
        2930.            0.            0.
        2940.            0.            0.
        2950.            0.            0.
        2960.            0.            0.
        2970.            0.            0.
        2980.            0.            0.
        2990.            0.            0.
        3000.            0.            0.
        3010.            0.            0.
        3020.            0.            0.
        3030.            0.            0.
        3040.            0.            0.
        3050.            0.            0.
        3060.            0.            0.
        3070.            0.            0.
        3080.            0.            0.
        3090.            0.            0.
        3100.            0.            0.
        3110.            0.            0.
        3120.            0.            0.
        3130.            0.            0.
        3140.            0.            0.
        3150.            0.            0.
        3160.            0.            0.
        3170.            0.            0.
        3180.            0.            0.
        3190.            0.            0.
        3200.            0.            0.
        3210.            0.            0.
        3220.            0.            0.
        3230.            0.            0.
        3240.            0.            0.
        3250.            0.            0.
        3260.            0.            0.
        3270.            0.            0.
        3280.            0.            0.
        3290.            0.            0.
        3300.            0.            0.
        3310.            0.            0.
        3320.            0.            0.
        3330.            0.            0.
        3340.            0.            0.
        3350.            0.            0.
        3360.            0.            0.
        3370.            0.            0.
        3380.            0.            0.
        3390.            0.            0.
        3400.            0.            0.
        3410.            0.            0.
        3420.            0.            0.
        3430.   9.321521E-7            0.
        3440.            0.            0.
        3450.            0.            0.
        3460.   9.321521E-7            0.
        3470.            0.            0.
        3480.            0.            0.
        3490.            0.            0.
        3500.            0.            0.
        3510.            0.            0.
        3520.            0.            0.
        3530.            0.            0.
        3540.            0.            0.
        3550.            0.            0.
        3560.            0.            0.
        3570.            0.            0.
        3580.   9.321521E-7            0.
        3590.   9.321521E-7            0.
        3600.            0.            0.
        3610.            0.            0.
        3620.            0.            0.
        3630.            0.            0.
        3640.            0.            0.
        3650.            0.            0.
        3660.            0.            0.
        3670.            0.            0.
        3680.            0.            0.
        3690.            0.            0.
        3700.            0.            0.
        3710.            0.            0.
        3720.            0.            0.
        3730.            0.            0.
        3740.            0.            0.
        3750.            0.            0.
        3760.            0.            0.
        3770.            0.            0.
        3780.            0.            0.
        3790.            0.            0.
        3800.            0.            0.
        3810.            0.            0.
        3820.            0.            0.
        3830.            0.            0.
        3840.            0.            0.
        3850.            0.            0.
        3860.            0.            0.
        3870.            0.            0.
        3880.            0.            0.
        3890.            0.            0.
        3900.            0.            0.
        3910.            0.            0.
        3920.            0.            0.
        3930.            0.            0.
        3940.            0.            0.
        3950.            0.            0.
        3960.            0.            0.
        3970.            0.            0.
        3980.            0.            0.
        3990.            0.            0.
        4000.            0.            0.
        4010.            0.            0.
        4020.            0.            0.
        4030.            0.            0.
        4040.            0.            0.
        4050.            0.            0.
        4060.            0.            0.
        4070.            0.            0.
        4080.            0.            0.
        4090.            0.            0.
        4100.            0.            0.
        4110.            0.            0.
        4120.            0.            0.
        4130.            0.            0.
        4140.            0.            0.
        4150.            0.            0.
        4160.            0.            0.
        4170.            0.            0.
        4180.            0.            0.
        4190.            0.            0.
        4200.            0.            0.
        4210.            0.            0.
        4220.            0.            0.
        4230.            0.            0.
        4240.            0.            0.
        4250.            0.            0.
        4260.            0.            0.
        4270.            0.            0.
        4280.            0.            0.
        4290.            0.            0.
        4300.            0.            0.
        4310.            0.            0.
        4320.            0.            0.
        4330.            0.            0.
        4340.            0.            0.
        4350.            0.            0.
        4360.            0.            0.
        4370.            0.            0.
        4380.            0.            0.
        4390.            0.            0.
        4400.   2.796456E-6            0.
        4410.   6.525065E-6            0.
        4420.   1.025367E-5            0.
        4430.   1.118582E-5            0.
        4440.   1.025367E-5            0.
        4450.   7.457217E-6            0.
        4460.   5.592912E-6            0.
        4470.   2.796456E-6            0.
        4480.   1.864304E-6            0.
        4490.   9.321521E-7            0.
        4500.            0.            0.
        4510.            0.            0.
        4520.            0.            0.
        4530.            0.            0.
        4540.            0.            0.
        4550.            0.            0.
        4560.            0.            0.
        4570.            0.            0.
        4580.            0.            0.
        4590.            0.            0.
        4600.            0.            0.
        4610.            0.            0.
        4620.            0.            0.
        4630.            0.            0.
        4640.            0.            0.
        4650.            0.            0.
        4660.            0.            0.
        4670.            0.            0.
        4680.            0.            0.
        4690.            0.            0.
        4700.            0.            0.
        4710.            0.            0.
        4720.            0.            0.
        4730.            0.            0.
        4740.            0.            0.
        4750.            0.            0.
        4760.            0.            0.
        4770.            0.            0.
        4780.            0.            0.
        4790.            0.            0.
        4800.            0.            0.
        4810.            0.            0.
        4820.            0.            0.
        4830.            0.            0.
        4840.            0.            0.
        4850.            0.            0.
        4860.            0.            0.
        4870.            0.            0.
        4880.            0.            0.
        4890.            0.            0.
        4900.            0.            0.
        4910.            0.            0.
        4920.            0.            0.
        4930.            0.            0.
        4940.            0.            0.
        4950.            0.            0.
        4960.            0.            0.
        4970.            0.            0.
        4980.            0.            0.
        4990.            0.            0.
        5000.            0.            0.
        5010.            0.            0.
        5020.            0.            0.
        5030.            0.            0.
        5040.            0.            0.
        5050.            0.            0.
        5060.            0.            0.
        5070.            0.            0.
        5080.            0.            0.
        5090.            0.            0.
        5100.            0.            0.
        5110.            0.            0.
        5120.            0.            0.
        5130.            0.            0.
        5140.            0.            0.
        5150.            0.            0.
        5160.            0.            0.
        5170.            0.            0.
        5180.            0.            0.
        5190.            0.            0.
        5200.            0.            0.
        5210.            0.            0.
        5220.            0.            0.
        5230.            0.            0.
        5240.            0.            0.
        5250.            0.            0.
        5260.            0.            0.
        5270.            0.            0.
        5280.            0.            0.
        5290.            0.            0.
        5300.            0.            0.
        5310.            0.            0.
        5320.            0.            0.
        5330.            0.            0.
        5340.            0.            0.
        5350.            0.            0.
        5360.            0.            0.
        5370.            0.            0.
        5380.            0.            0.
        5390.            0.            0.
        5400.            0.            0.
        5410.            0.            0.
        5420.            0.            0.
        5430.            0.            0.
        5440.            0.            0.
        5450.            0.            0.
        5460.            0.            0.
        5470.            0.            0.
        5480.            0.            0.
        5490.            0.            0.
        5500.            0.            0.
        5510.            0.            0.
        5520.            0.            0.
        5530.            0.            0.
        5540.            0.            0.
        5550.            0.            0.
        5560.            0.            0.
        5570.            0.            0.
        5580.            0.            0.
        5590.            0.            0.
        5600.            0.            0.
        5610.            0.            0.
        5620.            0.            0.
        5630.            0.            0.
        5640.            0.            0.
        5650.            0.            0.
        5660.            0.            0.
        5670.            0.            0.
        5680.            0.            0.
        5690.            0.            0.
        5700.            0.            0.
        5710.            0.            0.
        5720.            0.            0.
        5730.            0.            0.
        5740.            0.            0.
        5750.            0.            0.
        5760.            0.            0.
        5770.            0.            0.
        5780.            0.            0.
        5790.            0.            0.
        5800.            0.            0.
        5810.            0.            0.
        5820.            0.            0.
        5830.            0.            0.
        5840.            0.            0.
        5850.            0.            0.
        5860.            0.            0.
        5870.            0.            0.
        5880.            0.            0.
        5890.            0.            0.
        5900.            0.            0.
        5910.            0.            0.
        5920.            0.            0.
        5930.            0.            0.
        5940.            0.            0.
        5950.            0.            0.
        5960.            0.            0.
        5970.            0.            0.
        5980.            0.            0.
        5990.            0.            0.
        6000.            0.            0.
        6010.            0.            0.
        6020.            0.            0.
        6030.            0.            0.
        6040.            0.            0.
        6050.            0.            0.
        6060.            0.            0.
        6070.            0.            0.
        6080.            0.            0.
        6090.            0.            0.
        6100.            0.            0.
        6110.            0.            0.
        6120.            0.            0.
        6130.            0.            0.
        6140.            0.            0.
        6150.            0.            0.
        6160.            0.            0.
        6170.            0.            0.
        6180.            0.            0.
        6190.            0.            0.
        6200.            0.            0.
        6210.            0.            0.
        6220.            0.            0.
        6230.            0.            0.
        6240.            0.            0.
        6250.            0.            0.
        6260.            0.            0.
        6270.            0.            0.
        6280.            0.            0.
        6290.            0.            0.
        6300.            0.            0.
        6310.            0.            0.
        6320.            0.            0.
        6330.            0.            0.
        6340.            0.            0.
        6350.            0.            0.
        6360.            0.            0.
        6370.            0.            0.
        6380.            0.            0.
        6390.            0.            0.
        6400.            0.            0.
        6410.            0.            0.
        6420.            0.            0.
        6430.            0.            0.
        6440.            0.            0.
        6450.            0.            0.
        6460.            0.            0.
        6470.            0.            0.
        6480.            0.            0.
        6490.            0.            0.
        6500.            0.            0.
        6510.            0.            0.
        6520.            0.            0.
        6530.            0.            0.
        6540.            0.            0.
        6550.            0.            0.
        6560.            0.            0.
        6570.            0.            0.
        6580.            0.            0.
        6590.            0.            0.
        6600.            0.            0.
        6610.            0.            0.
        6620.            0.            0.
        6630.            0.            0.
        6640.            0.            0.
        6650.            0.            0.
        6660.            0.            0.
        6670.            0.            0.
        6680.            0.            0.
        6690.            0.            0.
        6700.            0.            0.
        6710.            0.            0.
        6720.            0.            0.
        6730.            0.            0.
        6740.            0.            0.
        6750.            0.            0.
        6760.            0.            0.
        6770.            0.            0.
        6780.            0.            0.
        6790.            0.            0.
        6800.            0.            0.
        6810.            0.            0.
        6820.            0.            0.
        6830.            0.            0.
        6840.            0.            0.
        6850.            0.            0.
        6860.            0.            0.
        6870.            0.            0.
        6880.            0.            0.
        6890.            0.            0.
        6900.            0.            0.
        6910.            0.            0.
        6920.            0.            0.
        6930.            0.            0.
        6940.            0.            0.
        6950.            0.            0.
        6960.            0.            0.
        6970.            0.            0.
        6980.            0.            0.
        6990.   9.321521E-7            0.
        7000.   9.321521E-7            0.
        7010.   9.321521E-7            0.
        7020.   9.321521E-7            0.
        7030.   9.321521E-7            0.
        7040.   9.321521E-7            0.
        7050.   9.321521E-7            0.
        7060.   9.321521E-7            0.
        7070.   9.321521E-7            0.
        7080.   1.864304E-6            0.
        7090.   1.864304E-6            0.
        7100.   2.796456E-6            0.
        7110.   2.796456E-6            0.
        7120.   3.728608E-6            0.
        7130.   3.728608E-6            0.
        7140.   4.660760E-6            0.
        7150.   5.592912E-6            0.
        7160.   7.457217E-6            0.
        7170.   9.321520E-6            0.
        7180.   1.118582E-5            0.
        7190.   1.398228E-5            0.
        7200.   1.677874E-5            0.
        7210.   2.050735E-5            0.
        7220.   2.516810E-5            0.
        7230.   3.169317E-5            0.
        7240.   3.821823E-5            0.
        7250.   4.753975E-5            0.
        7260.   5.872558E-5            0.
        7270.   7.364001E-5            0.
        7280.   9.041875E-5            0.
        7290.   1.137225E-4            0.
        7300.   1.388907E-4            0.
        7310.   1.752446E-4            0.
        7320.   2.143950E-4            0.
        7330.   2.703241E-4            0.
        7340.   3.309140E-4            0.
        7350.   4.157398E-4            0.
        7360.   5.070907E-4            0.
        7370.   6.338634E-4            0.
        7380.   7.718219E-4            0.
        7390.   9.657094E-4            0.
        7400.   0.001172647            0.
        7410.   0.001460682            0.
        7420.   0.001766428            0.
        7430.   0.002185897            0.
        7440.   0.002631465            0.
        7450.   0.003242957            0.
        7460.   0.003882413            0.
        7470.    0.00474745            0.
        7480.   0.005647909            0.
        7490.   0.006864368            0.
        7500.   0.008113451            0.
        7510.   0.009779206            0.
        7520.    0.01147852            0.
        7530.    0.01371475            0.
        7540.     0.0159659            0.
        7550.    0.01972806            0.
        7576.    0.02037591            0.
        7578.    0.02102935            0.
        7580.    0.02164364            0.
        7582.    0.02229614            0.
        7584.    0.02302323            0.
        7586.    0.02365709            0.
        7588.    0.02438417            0.
        7590.    0.02512989            0.
        7592.    0.02587561            0.
        7594.    0.02665862            0.
        7596.    0.02742298            0.
        7598.    0.02822463            0.
        7600.    0.02902628            0.
        7602.    0.02986522            0.
        7604.    0.03070415            0.
        7606.    0.03156174            0.
        7608.    0.03243796            0.
        7610.    0.03337011            0.
        7612.    0.03430226            0.
        7614.    0.03529035            0.
        7616.    0.03625978            0.
        7618.    0.03726651            0.
        7620.    0.03829188            0.
        7622.    0.03933588            0.
        7624.    0.04039854            0.
        7626.    0.04147983            0.
        7628.    0.04257977            0.
        7630.    0.04369836            0.
        7632.    0.04483558            0.
        7634.    0.04604738            0.
        7636.    0.04724053            0.
        7638.    0.04841505            0.
        7640.    0.04964548            0.
        7642.    0.05087593            0.
        7644.    0.05216137            0.
        7646.    0.05344867            0.
        7648.    0.05479003            0.
        7650.    0.05613327            0.
        7652.    0.05747556            0.
        7654.    0.05883651            0.
        7656.    0.06029066            0.
        7658.    0.06168889            0.
        7660.    0.06314305            0.
        7662.    0.06467178            0.
        7664.    0.06621915            0.
        7666.    0.06776559            0.
        7668.    0.06938846            0.
        7670.    0.07101041            0.
        7672.    0.07266964            0.
        7674.    0.07432795            0.
        7676.    0.07596853            0.
        7678.    0.07764734            0.
        7680.     0.0793625            0.
        7682.    0.08111401            0.
        7684.    0.08290467            0.
        7686.    0.08465619            0.
        7688.    0.08644592            0.
        7690.    0.08827294            0.
        7692.    0.09019317            0.
        7694.    0.09202019            0.
        7696.    0.09396093            0.
        7698.    0.09589976            0.
        7700.     0.0978387            0.
        7702.     0.0998335            0.
        7704.     0.1017723            0.
        7706.     0.1037671            0.
        7708.     0.1057806            0.
        7710.       0.10785            0.
        7712.     0.1100126            0.
        7714.     0.1121379            0.
        7716.     0.1142819            0.
        7718.     0.1164258            0.
        7720.     0.1186816            0.
        7722.     0.1209001            0.
        7724.     0.1231186            0.
        7726.      0.125449            0.
        7728.     0.1277608            0.
        7730.     0.1300539            0.
        7732.     0.1324029            0.
        7734.     0.1348265            0.
        7736.     0.1372128            0.
        7738.     0.1395432            0.
        7740.     0.1419481            0.
        7742.     0.1443344            0.
        7744.     0.1467953            0.
        7746.     0.1492002            0.
        7748.     0.1516984            0.
        7750.      0.154122            0.
        7752.      0.156583            0.
        7754.      0.159137            0.
        7756.     0.1616165            0.
        7758.      0.164152            0.
        7760.      0.166762            0.
        7762.     0.1693906            0.
        7764.     0.1720752            0.
        7766.      0.174648            0.
        7768.      0.177258            0.
        7770.     0.1799054            0.
        7772.     0.1825713            0.
        7774.     0.1853305            0.
        7776.     0.1880524            0.
        7778.     0.1908674            0.
        7780.     0.1936639            0.
        7782.     0.1963858            0.
        7784.     0.1992382            0.
        7786.     0.2019414            0.
        7788.     0.2047938            0.
        7790.     0.2076835            0.
        7792.     0.2105359            0.
        7794.     0.2134628            0.
        7796.     0.2161847            0.
        7798.     0.2190557            0.
        7800.     0.2219827            0.
        7802.     0.2247605            0.
        7804.     0.2277061            0.
        7806.     0.2305958            0.
        7808.     0.2334109            0.
        7810.     0.2362633            0.
        7812.     0.2392461            0.
        7814.     0.2422477            0.
        7816.     0.2452305            0.
        7818.     0.2481202            0.
        7820.     0.2509725            0.
        7822.     0.2538809            0.
        7824.     0.2568825            0.
        7826.     0.2598467            0.
        7828.     0.2628483            0.
        7830.     0.2659243            0.
        7832.     0.2690004            0.
        7834.     0.2720579            0.
        7836.     0.2750967            0.
        7838.     0.2780796            0.
        7840.     0.2811184            0.
        7842.     0.2842691            0.
        7844.     0.2873452            0.
        7846.     0.2905332            0.
        7848.     0.2934601            0.
        7850.      0.296499            0.
        7852.     0.2994073            0.
        7854.      0.302446            0.
        7856.     0.3054476            0.
        7858.     0.3084864            0.
        7860.     0.3115998            0.
        7862.     0.3146386            0.
        7864.      0.317752            0.
        7866.     0.3207722            0.
        7868.     0.3237737            0.
        7870.     0.3268126            0.
        7872.     0.3296649            0.
        7874.     0.3327596            0.
        7876.     0.3358544            0.
        7878.     0.3389304            0.
        7880.     0.3419506            0.
        7882.     0.3449336            0.
        7884.     0.3479351            0.
        7886.      0.351123            0.
        7888.      0.354106            0.
        7890.     0.3572007            0.
        7892.     0.3602582            0.
        7894.     0.3633902            0.
        7896.     0.3664476            0.
        7898.     0.3694305            0.
        7900.     0.3724321            0.
        7902.     0.3754149            0.
        7904.     0.3783232            0.
        7906.     0.3813061            0.
        7908.     0.3842517            0.
        7910.     0.3870855            0.
        7912.     0.3900683            0.
        7914.     0.3932004            0.
        7916.     0.3962019            0.
        7918.     0.3991103            0.
        7920.     0.4022236            0.
        7922.     0.4049455            0.
        7924.     0.4080216            0.
        7926.     0.4107248            0.
        7928.     0.4135959            0.
        7930.     0.4165228            0.
        7932.     0.4193379            0.
        7934.     0.4224513            0.
        7936.     0.4253037            0.
        7938.     0.4283239            0.
        7940.     0.4311577            0.
        7942.       0.43401            0.
        7944.     0.4369557            0.
        7946.     0.4399013            0.
        7948.     0.4425299            0.
        7950.     0.4454009            0.
        7952.     0.4481787            0.
        7954.     0.4510871            0.
        7956.     0.4539767            0.
        7958.     0.4566613            0.
        7960.     0.4594951            0.
        7962.     0.4622356            0.
        7964.     0.4650506            0.
        7966.      0.467698            0.
        7968.     0.4705131            0.
        7970.       0.47344            0.
        7972.     0.4761619            0.
        7974.     0.4790144            0.
        7976.     0.4815311            0.
        7978.     0.4841038            0.
        7980.     0.4867325            0.
        7982.     0.4893985            0.
        7984.     0.4919153            0.
        7986.     0.4943948            0.
        7988.     0.4970794            0.
        7990.      0.499559            0.
        7992.     0.5022622            0.
        7994.     0.5050027            0.
        7996.     0.5075568            0.
        7998.     0.5101482            0.
        8000.     0.5259201            0.
        8002.     0.5281947            0.
        8004.     0.5302266            0.
        8006.     0.5323707            0.
        8008.     0.5346639            0.
        8010.     0.5367145            0.
        8012.     0.5390077            0.
        8014.     0.5412448            0.
        8016.     0.5434446            0.
        8018.     0.5457751            0.
        8020.     0.5478258            0.
        8022.     0.5499697            0.
        8024.      0.552095            0.
        8026.     0.5543135            0.
        8028.     0.5563456            0.
        8030.     0.5586015            0.
        8032.     0.5604284            0.
        8034.     0.5625724            0.
        8036.     0.5644553            0.
        8038.      0.566618            0.
        8040.     0.5688737            0.
        8042.     0.5711483            0.
        8044.     0.5732362            0.
        8046.     0.5756971            0.
        8048.     0.5776361            0.
        8050.     0.5799477            0.
        8052.     0.5817933            0.
        8054.     0.5839933            0.
        8056.     0.5862491            0.
        8058.     0.5884303            0.
        8060.      0.590481            0.
        8062.     0.5926623            0.
        8064.     0.5946944            0.
        8066.     0.5970993            0.
        8068.     0.5990382            0.
        8070.      0.601294            0.
        8072.     0.6035685            0.
        8074.     0.6054141            0.
        8076.     0.6075021            0.
        8078.     0.6097206            0.
        8080.     0.6116968            0.
        8082.     0.6137289            0.
        8084.     0.6156305            0.
        8086.     0.6176066            0.
        8088.     0.6197507            0.
        8090.     0.6214844            0.
        8092.     0.6232183            0.
        8094.     0.6252317            0.
        8096.     0.6271147            0.
        8098.     0.6293145            0.
        8100.     0.6311601            0.
        8102.     0.6332296            0.
        8104.     0.6350939            0.
        8106.     0.6371259            0.
        8108.     0.6389902            0.
        8110.     0.6410037            0.
        8112.     0.6426442            0.
        8114.     0.6445646            0.
        8116.     0.6463915            0.
        8118.     0.6482372            0.
        8120.     0.6501575            0.
        8122.     0.6518912            0.
        8124.     0.6535878            0.
        8126.     0.6552096            0.
        8128.     0.6567571            0.
        8130.     0.6584908            0.
        8132.     0.6604297            0.
        8134.     0.6622568            0.
        8136.     0.6642144            0.
        8138.     0.6659666            0.
        8140.     0.6676633            0.
        8142.     0.6692665            0.
        8144.     0.6708512            0.
        8146.     0.6723427            0.
        8148.     0.6739458            0.
        8150.     0.6755306            0.
        8152.     0.6775628            0.
        8154.     0.6791102            0.
        8156.     0.6807693            0.
        8158.     0.6824098            0.
        8160.     0.6837708            0.
        8162.     0.6850199            0.
        8164.     0.6863809            0.
        8166.     0.6876858            0.
        8168.     0.6891587            0.
        8170.     0.6907992            0.
        8172.     0.6923652            0.
        8174.     0.6942295            0.
        8176.     0.6955718            0.
        8178.     0.6968955            0.
        8180.     0.6983124            0.
        8182.     0.6998598            0.
        8184.     0.7013885            0.
        8186.     0.7024139            0.
        8188.     0.7039426            0.
        8190.     0.7053222            0.
        8192.     0.7068322            0.
        8194.     0.7083423            0.
        8196.     0.7095169            0.
        8198.      0.710915            0.
        8200.     0.7119032            0.
        8202.     0.7130032            0.
        8204.     0.7144013            0.
        8206.     0.7157063            0.
        8208.     0.7170114            0.
        8210.     0.7182977            0.
        8212.     0.7196959            0.
        8214.     0.7210755            0.
        8216.     0.7223059            0.
        8218.     0.7232941            0.
        8220.     0.7245432            0.
        8222.     0.7256805            0.
        8224.     0.7270413            0.
        8226.     0.7281039            0.
        8228.     0.7292598            0.
        8230.     0.7302851            0.
        8232.     0.7311055            0.
        8234.     0.7319631            0.
        8236.     0.7332122            0.
        8238.     0.7340511            0.
        8240.     0.7353002            0.
        8242.     0.7364747            0.
        8244.     0.7376679            0.
        8246.      0.738656            0.
        8248.     0.7396999            0.
        8250.     0.7406507            0.
        8252.     0.7418066            0.
        8254.     0.7431116            0.
        8256.     0.7441183            0.
        8258.     0.7453115            0.
        8260.     0.7460945            0.
        8262.     0.7472131            0.
        8264.     0.7478843            0.
        8266.     0.7488537            0.
        8268.     0.7500282            0.
        8270.     0.7513891            0.
        8272.     0.7526755            0.
        8274.      0.753906            0.
        8276.     0.7547821            0.
        8278.     0.7558448            0.
        8280.     0.7565347            0.
        8282.     0.7574295            0.
        8284.     0.7583244            0.
        8286.     0.7594056            0.
        8288.     0.7605056            0.
        8290.     0.7615309            0.
        8292.      0.762314            0.
        8294.     0.7631342            0.
        8296.     0.7639359            0.
        8298.     0.7647563            0.
        8300.     0.7660053            0.
        8302.     0.7673476            0.
        8304.     0.7683544            0.
        8306.     0.7695101            0.
        8308.     0.7701067            0.
        8310.     0.7710761            0.
        8312.     0.7717473            0.
        8314.     0.7724745            0.
        8316.     0.7732947            0.
        8318.     0.7744507            0.
        8320.     0.7755505            0.
        8322.     0.7764827            0.
        8324.     0.7773216            0.
        8326.     0.7778809            0.
        8328.     0.7785707            0.
        8330.     0.7792045            0.
        8332.     0.7801926            0.
        8334.     0.7813858            0.
        8336.     0.7823365            0.
        8338.     0.7832873            0.
        8340.     0.7841823            0.
        8342.     0.7849653            0.
        8344.     0.7856923            0.
        8346.     0.7863076            0.
        8348.     0.7870905            0.
        8350.     0.7877244            0.
        8352.     0.7885633            0.
        8354.     0.7892718            0.
        8356.     0.7900547            0.
        8358.      0.790931            0.
        8360.     0.7916768            0.
        8362.     0.7922174            0.
        8364.     0.7929258            0.
        8366.     0.7938207            0.
        8368.       0.79479            0.
        8370.     0.7954985            0.
        8372.      0.796468            0.
        8374.     0.7971206            0.
        8376.     0.7978476            0.
        8378.     0.7985187            0.
        8380.     0.7992272            0.
        8382.     0.7999543            0.
        8384.     0.8005136            0.
        8386.     0.8011287            0.
        8388.     0.8018559            0.
        8390.     0.8026575            0.
        8392.       0.80331            0.
        8394.     0.8039252            0.
        8396.      0.804615            0.
        8398.     0.8054726            0.
        8400.      0.806181            0.
        8402.     0.8073369            0.
        8404.     0.8075792            0.
        8406.     0.8082131            0.
        8408.     0.8086979            0.
        8410.     0.8090706            0.
        8412.     0.8096858            0.
        8414.     0.8100588            0.
        8416.     0.8106927            0.
        8418.     0.8114384            0.
        8420.     0.8119044            0.
        8422.     0.8125569            0.
        8424.     0.8130044            0.
        8426.     0.8138246            0.
        8428.      0.814645            0.
        8430.     0.8153534            0.
        8432.     0.8160619            0.
        8434.     0.8168076            0.
        8436.      0.816994            0.
        8438.     0.8176092            0.
        8440.     0.8179448            0.
        8442.     0.8184482            0.
        8444.       0.81897            0.
        8446.     0.8194362            0.
        8448.     0.8199023            0.
        8450.     0.8203684            0.
        8452.     0.8208345            0.
        8454.     0.8215429            0.
        8456.      0.822009            0.
        8458.     0.8225682            0.
        8460.     0.8231089            0.
        8462.     0.8239478            0.
        8464.     0.8245631            0.
        8466.     0.8252528            0.
        8468.     0.8255512            0.
        8470.     0.8262783            0.
        8472.     0.8266138            0.
        8474.     0.8268562            0.
        8476.     0.8271917            0.
        8478.     0.8276392            0.
        8480.       0.82859            0.
        8482.     0.8292052            0.
        8484.      0.829783            0.
        8486.     0.8303052            0.
        8488.     0.8307712            0.
        8490.     0.8311254            0.
        8492.     0.8315728            0.
        8494.     0.8323558            0.
        8496.     0.8331016            0.
        8498.     0.8335677            0.
        8500.     0.8339032            0.
        8502.     0.8342016            0.
        8504.     0.8341455            0.
        8506.      0.834388            0.
        8508.     0.8347049            0.
        8510.      0.835693            0.
        8512.     0.8362895            0.
        8514.     0.8368116            0.
        8516.     0.8374081            0.
        8518.     0.8378183            0.
        8520.     0.8381166            0.
        8522.     0.8384148            0.
        8524.       0.83903            0.
        8526.     0.8395894            0.
        8528.     0.8400368            0.
        8530.     0.8406147            0.
        8532.     0.8409504            0.
        8534.      0.841174            0.
        8536.     0.8417333            0.
        8538.     0.8418824            0.
        8540.      0.842274            0.
        8542.     0.8428332            0.
        8544.     0.8430011            0.
        8546.     0.8436722            0.
        8548.     0.8442128            0.
        8550.     0.8446044            0.
        8552.     0.8449399            0.
        8554.     0.8450518            0.
        8556.     0.8454432            0.
        8558.     0.8452941            0.
        8560.      0.845723            0.
        8562.     0.8465431            0.
        8564.     0.8471398            0.
        8566.     0.8475872            0.
        8568.     0.8481092            0.
        8570.     0.8483702            0.
        8572.     0.8484076            0.
        8574.      0.848743            0.
        8576.     0.8493397            0.
        8578.     0.8496752            0.
        8580.     0.8501786            0.
        8582.     0.8506819            0.
        8584.     0.8508124            0.
        8586.      0.851148            0.
        8588.     0.8512971            0.
        8590.     0.8514463            0.
        8592.     0.8518751            0.
        8594.     0.8525276            0.
        8596.     0.8525836            0.
        8598.     0.8529564            0.
        8600.     0.8534412            0.
        8602.     0.8534039            0.
        8604.     0.8537022            0.
        8606.     0.8544666            0.
        8608.     0.8549326            0.
        8610.     0.8553241            0.
        8612.     0.8556596            0.
        8614.     0.8560511            0.
        8616.     0.8558833            0.
        8618.     0.8563494            0.
        8620.     0.8567036            0.
        8622.     0.8573002            0.
        8624.      0.857524            0.
        8626.     0.8576918            0.
        8628.     0.8578782            0.
        8630.      0.858251            0.
        8632.      0.858251            0.
        8634.     0.8589594            0.
        8636.     0.8593696            0.
        8638.     0.8595746            0.
        8640.     0.8598917            0.
        8642.     0.8600034            0.
        8644.     0.8601713            0.
        8646.     0.8606187            0.
        8648.     0.8608424            0.
        8650.     0.8607864            0.
        8652.     0.8612711            0.
        8654.     0.8615882            0.
        8656.     0.8620542            0.
        8658.     0.8626695            0.
        8660.     0.8626881            0.
        8662.     0.8628745            0.
        8664.     0.8629305            0.
        8666.     0.8628559            0.
        8668.     0.8632847            0.
        8670.     0.8638626            0.
        8672.      0.864571            0.
        8674.     0.8652422            0.
        8676.     0.8652236            0.
        8678.     0.8655964            0.
        8680.     0.8653727            0.
        8682.     0.8654286            0.
        8684.      0.865727            0.
        8686.     0.8658388            0.
        8688.     0.8662488            0.
        8690.     0.8667896            0.
        8692.     0.8668082            0.
        8694.      0.866976            0.
        8696.     0.8668641            0.
        8698.     0.8669387            0.
        8700.     0.8674607            0.
        8702.     0.8679082            0.
        8704.     0.8685048            0.
        8706.     0.8686352            0.
        8708.     0.8687285            0.
        8710.     0.8690453            0.
        8712.     0.8692504            0.
        8714.     0.8695674            0.
        8716.     0.8694741            0.
        8718.     0.8697725            0.
        8720.     0.8699588            0.
        8722.     0.8700334            0.
        8724.     0.8704063            0.
        8726.     0.8705368            0.
        8728.     0.8712826            0.
        8730.     0.8712639            0.
        8732.     0.8715808            0.
        8734.     0.8722334            0.
        8736.     0.8728113            0.
        8738.     0.8729417            0.
        8740.      0.872979            0.
        8742.     0.8727926            0.
        8744.      0.872718            0.
        8746.     0.8732587            0.
        8748.     0.8734637            0.
        8750.     0.8738552            0.
        8752.     0.8740603            0.
        8754.     0.8746569            0.
        8756.     0.8745451            0.
        8758.      0.874601            0.
        8760.     0.8744332            0.
        8762.     0.8745451            0.
        8764.     0.8749739            0.
        8766.     0.8756636            0.
        8768.     0.8760551            0.
        8770.     0.8764653            0.
        8772.       0.87695            0.
        8774.     0.8765212            0.
        8776.     0.8765212            0.
        8778.      0.876484            0.
        8780.     0.8766145            0.
        8782.     0.8765771            0.
        8784.     0.8770618            0.
        8786.      0.877472            0.
        8788.      0.877733            0.
        8790.     0.8779008            0.
        8792.     0.8782364            0.
        8794.     0.8783482            0.
        8796.     0.8787397            0.
        8798.     0.8790567            0.
        8800.     0.8794855            0.
        8802.     0.8796532            0.
        8804.     0.8794481            0.
        8806.     0.8794481            0.
        8808.     0.8795415            0.
        8810.     0.8796719            0.
        8812.     0.8799703            0.
        8814.     0.8799329            0.
        8816.      0.880455            0.
        8818.     0.8806414            0.
        8820.     0.8810142            0.
        8822.     0.8813498            0.
        8824.     0.8817413            0.
        8826.     0.8816481            0.
        8828.     0.8818344            0.
        8830.     0.8818344            0.
        8832.     0.8822632            0.
        8834.     0.8828598            0.
        8836.     0.8828411            0.
        8838.     0.8829717            0.
        8840.       0.88327            0.
        8842.     0.8828411            0.
        8844.     0.8831955            0.
        8846.     0.8830835            0.
        8848.     0.8831395            0.
        8850.     0.8830463            0.
        8852.     0.8834378            0.
        8854.     0.8836987            0.
        8856.     0.8836056            0.
        8858.     0.8840531            0.
        8860.     0.8840904            0.
        8862.     0.8843513            0.
        8864.     0.8845563            0.
        8866.     0.8848733            0.
        8868.     0.8848733            0.
        8870.     0.8850225            0.
        8872.     0.8849106            0.
        8874.     0.8849479            0.
        8876.     0.8851157            0.
        8878.     0.8853394            0.
        8880.      0.885414            0.
        8882.     0.8854699            0.
        8884.     0.8857122            0.
        8886.     0.8861223            0.
        8888.      0.886458            0.
        8890.      0.886514            0.
        8892.     0.8867748            0.
        8894.     0.8870545            0.
        8896.     0.8871291            0.
        8898.     0.8872036            0.
        8900.     0.8872223            0.
        8902.      0.887241            0.
        8904.     0.8869613            0.
        8906.     0.8869613            0.
        8908.     0.8872223            0.
        8910.     0.8876511            0.
        8912.     0.8884342            0.
        8914.     0.8883409            0.
        8916.     0.8883222            0.
        8918.     0.8886392            0.
        8920.     0.8891798            0.
        8922.     0.8891612            0.
        8924.     0.8890494            0.
        8926.     0.8893476            0.
        8928.     0.8894596            0.
        8930.     0.8895341            0.
        8932.     0.8897018            0.
        8934.     0.8897205            0.
        8936.     0.8895153            0.
        8938.     0.8895341            0.
        8940.     0.8897205            0.
        8942.     0.8899257            0.
        8944.     0.8903545            0.
        8946.     0.8905408            0.
        8948.     0.8907646            0.
        8950.      0.890839            0.
        8952.     0.8907086            0.
        8954.     0.8909136            0.
        8956.     0.8913051            0.
        8958.     0.8912306            0.
        8960.     0.8917153            0.
        8962.     0.8914915            0.
        8964.     0.8915288            0.
        8966.     0.8913798            0.
        8968.     0.8915102            0.
        8970.     0.8919203            0.
        8972.      0.891995            0.
        8974.     0.8922746            0.
        8976.     0.8921813            0.
        8978.     0.8923864            0.
        8980.     0.8924424            0.
        8982.     0.8928711            0.
        8984.     0.8927407            0.
        8986.     0.8930389            0.
        8988.     0.8931323            0.
        8990.     0.8937101            0.
        8992.     0.8930203            0.
        8994.     0.8932813            0.
        8996.     0.8932813            0.
        8998.     0.8931135            0.
        9000.     0.8936914            0.
        9002.     0.8934678            0.
        9004.     0.8943813            0.
        9006.      0.893766            0.
        9008.     0.8951643            0.
        9010.     0.8947355            0.
        9012.     0.8946796            0.
        9014.     0.8942507            0.
        9016.     0.8951643            0.
        9018.     0.8946236            0.
        9020.     0.8948846            0.
        9022.     0.8950337            0.
        9024.     0.8948846            0.
        9026.     0.8952575            0.
        9028.     0.8947541            0.
        9030.      0.895388            0.
        9032.     0.8961337            0.
        9034.     0.8958727            0.
        9036.     0.8954253            0.
        9038.     0.8958355            0.
        9040.     0.8954253            0.
        9042.     0.8956116            0.
        9044.      0.895388            0.
        9046.     0.8956303            0.
        9048.     0.8961337            0.
        9050.     0.8966743            0.
        9052.     0.8965998            0.
        9054.     0.8967863            0.
        9056.     0.8969727            0.
        9058.     0.8971031            0.
        9060.     0.8968422            0.
        9062.     0.8968793            0.
        9064.     0.8967863            0.
        9066.     0.8967116            0.
        9068.     0.8969539            0.
        9070.      0.896898            0.
        9072.     0.8968049            0.
        9074.     0.8966931            0.
        9076.     0.8972523            0.
        9078.     0.8977369            0.
        9080.     0.8983521            0.
        9082.     0.8984454            0.
        9084.     0.8980913            0.
        9086.     0.8979421            0.
        9088.     0.8979421            0.
        9090.     0.8979421            0.
        9092.     0.8979421            0.
        9094.     0.8983337            0.
        9096.     0.8987065            0.
        9098.     0.8988928            0.
        9100.     0.8987438            0.
        9102.     0.8990793            0.
        9104.     0.8992843            0.
        9106.     0.8994895            0.
        9108.     0.8992843            0.
        9110.     0.8994149            0.
        9112.     0.8996758            0.
        9114.     0.8998437            0.
        9116.     0.8998437            0.
        9118.     0.9000115            0.
        9120.     0.8999183            0.
        9122.     0.8997131            0.
        9124.     0.8995081            0.
        9126.     0.8994895            0.
        9128.     0.8992843            0.
        9130.     0.8997318            0.
        9132.     0.9001606            0.
        9134.     0.9006827            0.
        9136.     0.9008691            0.
        9138.     0.9009249            0.
        9140.     0.9007013            0.
        9142.     0.9007386            0.
        9144.     0.9004216            0.
        9146.     0.9001979            0.
        9148.     0.9004962            0.
        9150.     0.9010181            0.
        9152.      0.900813            0.
        9154.     0.9008504            0.
        9156.     0.9009063            0.
        9158.     0.9008318            0.
        9160.     0.9005707            0.
        9162.     0.9007571            0.
        9164.     0.9011115            0.
        9166.     0.9013538            0.
        9168.     0.9019691            0.
        9170.     0.9024165            0.
        9172.       0.90223            0.
        9174.     0.9020808            0.
        9176.     0.9012979            0.
        9178.     0.9012792            0.
        9180.     0.9010927            0.
        9182.     0.9014843            0.
        9184.     0.9018945            0.
        9186.     0.9021181            0.
        9188.     0.9019317            0.
        9190.     0.9017453            0.
        9192.     0.9019503            0.
        9194.     0.9020621            0.
        9196.     0.9023045            0.
        9198.     0.9024909            0.
        9200.     0.9031621            0.
        9202.     0.9031994            0.
        9204.     0.9031247            0.
        9206.     0.9030503            0.
        9208.     0.9031247            0.
        9210.      0.902752            0.
        9212.     0.9025096            0.
        9214.     0.9025842            0.
        9216.     0.9028079            0.
        9218.     0.9030129            0.
        9220.     0.9026588            0.
        9222.     0.9029571            0.
        9224.      0.903218            0.
        9226.     0.9038519            0.
        9228.     0.9041129            0.
        9230.     0.9042807            0.
        9232.     0.9042993            0.
        9234.      0.904318            0.
        9236.      0.904057            0.
        9238.     0.9039639            0.
        9240.     0.9035537            0.
        9242.      0.904057            0.
        9244.     0.9039639            0.
        9246.      0.904318            0.
        9248.     0.9041317            0.
        9250.     0.9043739            0.
        9252.     0.9042248            0.
        9254.     0.9041689            0.
        9256.     0.9039265            0.
        9258.     0.9039451            0.
        9260.      0.904057            0.
        9262.     0.9042621            0.
        9264.     0.9048586            0.
        9266.     0.9049146            0.
        9268.     0.9051009            0.
        9270.     0.9054366            0.
        9272.     0.9053061            0.
        9274.     0.9051943            0.
        9276.     0.9053807            0.
        9278.     0.9052874            0.
        9280.     0.9052129            0.
        9282.     0.9052874            0.
        9284.     0.9054366            0.
        9286.     0.9053807            0.
        9288.     0.9051943            0.
        9290.     0.9054739            0.
        9292.     0.9057535            0.
        9294.     0.9060705            0.
        9296.     0.9060891            0.
        9298.     0.9062755            0.
        9300.     0.9056976            0.
        9302.     0.9057535            0.
        9304.     0.9055485            0.
        9306.     0.9054366            0.
        9308.     0.9056789            0.
        9310.     0.9060705            0.
        9312.     0.9057349            0.
        9314.     0.9061823            0.
        9316.     0.9062009            0.
        9318.     0.9062569            0.
        9320.     0.9063314            0.
        9322.     0.9063501            0.
        9324.     0.9063501            0.
        9326.     0.9065552            0.
        9328.     0.9064059            0.
        9330.     0.9065552            0.
        9332.     0.9065925            0.
        9334.     0.9066297            0.
        9336.     0.9068348            0.
        9338.     0.9069281            0.
        9340.     0.9071145            0.
        9342.     0.9070958            0.
        9344.     0.9068161            0.
        9346.     0.9065179            0.
        9348.     0.9064993            0.
        9350.      0.906462            0.
        9352.     0.9062755            0.
        9354.     0.9065179            0.
        9356.     0.9070771            0.
        9358.     0.9075432            0.
        9360.     0.9076737            0.
        9362.     0.9081771            0.
        9364.     0.9081585            0.
        9366.     0.9082144            0.
        9368.     0.9081585            0.
        9370.     0.9078043            0.
        9372.     0.9082517            0.
        9374.     0.9081958            0.
        9376.     0.9085686            0.
        9378.     0.9088857            0.
        9380.     0.9083449            0.
        9382.     0.9083261            0.
        9384.     0.9075059            0.
        9386.     0.9073569            0.
        9388.     0.9073755            0.
        9390.     0.9078788            0.
        9392.     0.9086059            0.
        9394.     0.9091093            0.
        9396.     0.9091093            0.
        9398.     0.9093331            0.
        9400.     0.9089973            0.
        9402.     0.9086432            0.
        9404.     0.9084381            0.
        9406.     0.9086059            0.
        9408.     0.9084939            0.
        9410.     0.9087363            0.
        9412.     0.9090347            0.
        9414.     0.9087178            0.
        9416.     0.9088483            0.
        9418.     0.9083076            0.
        9420.     0.9083822            0.
        9422.     0.9084008            0.
        9424.     0.9087737            0.
        9426.     0.9087178            0.
        9428.     0.9089973            0.
        9430.     0.9093889            0.
        9432.     0.9096127            0.
        9434.     0.9093703            0.
        9436.     0.9096685            0.
        9438.     0.9092957            0.
        9440.     0.9091651            0.
        9442.     0.9093143            0.
        9444.     0.9089415            0.
        9446.     0.9094635            0.
        9448.     0.9095567            0.
        9450.      0.909799            0.
        9452.     0.9098737            0.
        9454.     0.9101533            0.
        9456.     0.9101346            0.
        9458.      0.910116            0.
        9460.     0.9093889            0.
        9462.     0.9094075            0.
        9464.     0.9089973            0.
        9466.     0.9089415            0.
        9468.     0.9093516            0.
        9470.     0.9095754            0.
        9472.     0.9101346            0.
        9474.     0.9103957            0.
        9476.     0.9106193            0.
        9478.      0.910377            0.
        9480.     0.9099483            0.
        9482.     0.9097058            0.
        9484.     0.9095381            0.
        9486.     0.9098923            0.
        9488.     0.9098737            0.
        9490.     0.9102092            0.
        9492.     0.9102651            0.
        9494.     0.9101906            0.
        9496.     0.9100227            0.
        9498.     0.9097058            0.
        9500.     0.9097617            0.
        9502.     0.9100787            0.
        9504.      0.910377            0.
        9506.     0.9109549            0.
        9508.     0.9112346            0.
        9510.     0.9113277            0.
        9512.     0.9117379            0.
        9514.     0.9116447            0.
        9516.     0.9117192            0.
        9518.     0.9115888            0.
        9520.     0.9110481            0.
        9522.     0.9106753            0.
        9524.     0.9104515            0.
        9526.     0.9102092            0.
        9528.     0.9105075            0.
        9530.     0.9106753            0.
        9532.     0.9106753            0.
        9534.     0.9113277            0.
        9536.     0.9107684            0.
        9538.     0.9114583            0.
        9540.     0.9114583            0.
        9542.     0.9116634            0.
        9544.     0.9116447            0.
        9546.     0.9115516            0.
        9548.     0.9120175            0.
        9550.     0.9125209            0.
        9552.     0.9118497            0.
        9554.     0.9118311            0.
        9556.     0.9119243            0.
        9558.     0.9122413            0.
        9560.     0.9122972            0.
        9562.     0.9112533            0.
        9564.     0.9109176            0.
        9566.     0.9111786            0.
        9568.     0.9106193            0.
        9570.     0.9110109            0.
        9572.     0.9110667            0.
        9574.     0.9115329            0.
        9576.     0.9121109            0.
        9578.     0.9125023            0.
        9580.     0.9123345            0.
        9582.      0.912726            0.
        9584.     0.9126887            0.
        9586.     0.9122413            0.
        9588.     0.9124836            0.
        9590.     0.9118871            0.
        9592.     0.9115516            0.
        9594.      0.911421            0.
        9596.     0.9115329            0.
        9598.     0.9119803            0.
        9600.     0.9123531            0.
        9602.     0.9122413            0.
        9604.     0.9124836            0.
        9606.     0.9123531            0.
        9608.     0.9122413            0.
        9610.     0.9125769            0.
        9612.     0.9129124            0.
        9614.     0.9132853            0.
        9616.       0.91377            0.
        9618.     0.9136583            0.
        9620.     0.9131921            0.
        9622.     0.9129497            0.
        9624.     0.9129684            0.
        9626.     0.9127633            0.
        9628.     0.9132667            0.
        9630.     0.9128565            0.
        9632.     0.9128193            0.
        9634.     0.9123718            0.
        9636.     0.9124091            0.
        9638.     0.9125209            0.
        9640.     0.9123904            0.
        9642.     0.9128565            0.
        9644.     0.9131735            0.
        9646.     0.9133599            0.
        9648.     0.9133971            0.
        9650.     0.9132853            0.
        9652.     0.9129871            0.
        9654.     0.9128565            0.
        9656.     0.9130057            0.
        9658.     0.9132107            0.
        9660.     0.9134345            0.
        9662.     0.9134531            0.
        9664.     0.9131735            0.
        9666.     0.9132853            0.
        9668.     0.9132479            0.
        9670.     0.9136583            0.
        9672.     0.9138259            0.
        9674.     0.9135836            0.
        9676.     0.9134903            0.
        9678.     0.9129684            0.
        9680.     0.9123531            0.
        9682.     0.9124277            0.
        9684.     0.9126887            0.
        9686.     0.9132107            0.
        9688.       0.91377            0.
        9690.     0.9133785            0.
        9692.     0.9136023            0.
        9694.     0.9135277            0.
        9696.     0.9131921            0.
        9698.     0.9133785            0.
        9700.     0.9137887            0.
        9702.     0.9140683            0.
        9704.     0.9136953            0.
        9706.     0.9134903            0.
        9708.     0.9133225            0.
        9710.     0.9139377            0.
        9712.     0.9139565            0.
        9714.     0.9142921            0.
        9716.     0.9140124            0.
        9718.     0.9144225            0.
        9720.     0.9141243            0.
        9722.     0.9140871            0.
        9724.     0.9141988            0.
        9726.     0.9140124            0.
        9728.     0.9141057            0.
        9730.     0.9136209            0.
        9732.       0.91377            0.
        9734.     0.9139937            0.
        9736.     0.9138259            0.
        9738.     0.9141057            0.
        9740.      0.914031            0.
        9742.     0.9143479            0.
        9744.     0.9141615            0.
        9746.     0.9144039            0.
        9748.     0.9142734            0.
        9750.     0.9146463            0.
        9752.     0.9144971            0.
        9754.     0.9142921            0.
        9756.     0.9141057            0.
        9758.     0.9139565            0.
        9760.     0.9136209            0.
        9762.     0.9134345            0.
        9764.     0.9136769            0.
        9766.     0.9142547            0.
        9768.     0.9151683            0.
        9770.     0.9152801            0.
        9772.     0.9151683            0.
        9774.     0.9151683            0.
        9776.     0.9149632            0.
        9778.     0.9149446            0.
        9780.     0.9152614            0.
        9782.     0.9147581            0.
        9784.     0.9139005            0.
        9786.     0.9138633            0.
        9788.     0.9139005            0.
        9790.     0.9142921            0.
        9792.     0.9148327            0.
        9794.     0.9152801            0.
        9796.     0.9157462            0.
        9798.     0.9155225            0.
        9800.     0.9156716            0.
        9802.     0.9152241            0.
        9804.     0.9154293            0.
        9806.     0.9153547            0.
        9808.     0.9153174            0.
        9810.      0.915392            0.
        9812.     0.9152988            0.
        9814.     0.9150937            0.
        9816.     0.9149818            0.
        9818.     0.9147395            0.
        9820.     0.9145529            0.
        9822.     0.9150191            0.
        9824.     0.9149446            0.
        9826.     0.9151123            0.
        9828.     0.9148141            0.
        9830.     0.9147581            0.
        9832.     0.9153733            0.
        9834.     0.9155039            0.
        9836.     0.9153547            0.
        9838.     0.9157649            0.
        9840.     0.9154851            0.
        9842.     0.9156344            0.
        9844.     0.9153361            0.
        9846.     0.9155971            0.
        9848.     0.9147768            0.
        9850.     0.9144971            0.
        9852.     0.9147953            0.
        9854.     0.9145157            0.
        9856.     0.9153361            0.
        9858.     0.9155785            0.
        9860.     0.9156902            0.
        9862.     0.9159139            0.
        9864.     0.9159885            0.
        9866.     0.9161564            0.
        9868.     0.9162309            0.
        9870.     0.9155785            0.
        9872.     0.9155411            0.
        9874.     0.9151869            0.
        9876.     0.9150191            0.
        9878.     0.9152427            0.
        9880.     0.9153174            0.
        9882.     0.9156529            0.
        9884.     0.9158207            0.
        9886.     0.9161377            0.
        9888.     0.9160073            0.
        9890.     0.9159326            0.
        9892.     0.9156902            0.
        9894.     0.9153733            0.
        9896.     0.9157649            0.
        9898.     0.9161377            0.
        9900.     0.9162123            0.
        9902.       0.91638            0.
        9904.      0.916119            0.
        9906.     0.9158767            0.
        9908.     0.9155971            0.
        9910.     0.9157089            0.
        9912.     0.9154479            0.
        9914.     0.9157649            0.
        9916.     0.9159699            0.
        9918.     0.9155411            0.
        9920.     0.9155785            0.
        9922.     0.9161003            0.
        9924.     0.9160817            0.
        9926.      0.915858            0.
        9928.     0.9157089            0.
        9930.      0.915858            0.
        9932.     0.9159699            0.
        9934.     0.9160073            0.
        9936.     0.9158207            0.
        9938.     0.9159139            0.
        9940.     0.9156716            0.
        9942.     0.9153174            0.
        9944.     0.9156344            0.
        9946.     0.9155411            0.
        9948.     0.9158207            0.
        9950.     0.9157089            0.
        9952.     0.9156157            0.
        9954.     0.9156529            0.
        9956.     0.9165477            0.
        9958.     0.9166224            0.
        9960.     0.9167343            0.
        9962.     0.9165105            0.
        9964.     0.9161937            0.
        9966.     0.9160631            0.
        9968.     0.9162869            0.
        9970.      0.915858            0.
        9972.     0.9157462            0.
        9974.     0.9159885            0.
        9976.     0.9158021            0.
        9978.     0.9155039            0.
        9980.     0.9158767            0.
        9982.     0.9158021            0.
        9984.     0.9159139            0.
        9986.      0.916119            0.
        9988.     0.9162496            0.
        9990.     0.9160073            0.
        9992.     0.9156344            0.
        9994.     0.9151683            0.
        9996.     0.9156716            0.
        9998.     0.9157462            0.
       10000.     0.9155971            0.
       10002.     0.9159139            0.
       10004.     0.9158207            0.
       10006.     0.9158767            0.
       10008.     0.9162496            0.
       10010.     0.9159513            0.
       10012.     0.9156529            0.
       10014.     0.9156344            0.
       10016.     0.9159699            0.
       10018.     0.9160631            0.
       10020.     0.9159885            0.
       10022.     0.9158021            0.
       10024.     0.9153733            0.
       10026.     0.9155411            0.
       10028.     0.9157462            0.
       10030.     0.9156344            0.
       10032.     0.9159139            0.
       10034.     0.9156529            0.
       10036.     0.9148513            0.
       10038.     0.9150937            0.
       10040.     0.9154479            0.
       10042.     0.9159513            0.
       10044.     0.9156157            0.
       10046.     0.9157649            0.
       10048.     0.9150937            0.
       10050.     0.9151869            0.
       10052.     0.9150377            0.
       10054.     0.9148886            0.
       10056.     0.9152055            0.
       10058.     0.9155225            0.
       10060.     0.9157276            0.
       10062.     0.9160817            0.
       10064.     0.9158207            0.
       10066.     0.9155598            0.
       10068.     0.9158767            0.
       10070.     0.9156344            0.
       10072.     0.9156157            0.
       10074.     0.9159513            0.
       10076.     0.9160631            0.
       10078.     0.9157835            0.
       10080.     0.9158207            0.
       10082.     0.9158021            0.
       10084.     0.9156344            0.
       10086.     0.9156716            0.
       10088.     0.9160073            0.
       10090.     0.9162869            0.
       10092.      0.916436            0.
       10094.     0.9166597            0.
       10096.     0.9165291            0.
       10098.     0.9165105            0.
       10100.     0.9160073            0.
       10102.     0.9157649            0.
       10104.     0.9158207            0.
       10106.     0.9157835            0.
       10108.     0.9157276            0.
       10110.     0.9160445            0.
       10112.     0.9153174            0.
       10114.     0.9156529            0.
       10116.     0.9158021            0.
       10118.     0.9153547            0.
       10120.     0.9157835            0.
       10122.     0.9154665            0.
       10124.     0.9157276            0.
       10126.     0.9154479            0.
       10128.     0.9154105            0.
       10130.     0.9155039            0.
       10132.     0.9156902            0.
       10134.     0.9157649            0.
       10136.     0.9156716            0.
       10138.     0.9154665            0.
       10140.     0.9151309            0.
       10142.     0.9152801            0.
       10144.     0.9157276            0.
       10146.     0.9158021            0.
       10148.     0.9159885            0.
       10150.     0.9159139            0.
       10152.     0.9162309            0.
       10154.     0.9159326            0.
       10156.     0.9156902            0.
       10158.     0.9155225            0.
       10160.     0.9153361            0.
       10162.     0.9153174            0.
       10164.     0.9154479            0.
       10166.     0.9154479            0.
       10168.     0.9160817            0.
       10170.     0.9163055            0.
       10172.     0.9160817            0.
       10174.     0.9162869            0.
       10176.     0.9159699            0.
       10178.     0.9159326            0.
       10180.     0.9159885            0.
       10182.     0.9155598            0.
       10184.     0.9156157            0.
       10186.     0.9150563            0.
       10188.     0.9147953            0.
       10190.     0.9148513            0.
       10192.     0.9150377            0.
       10194.     0.9151683            0.
       10196.     0.9149632            0.
       10198.      0.915392            0.
       10200.     0.9150937            0.
       10202.     0.9148141            0.
       10204.     0.9151683            0.
       10206.     0.9150377            0.
       10208.     0.9152241            0.
       10210.     0.9155598            0.
       10212.     0.9158394            0.
       10214.     0.9157276            0.
       10216.     0.9157089            0.
       10218.     0.9153547            0.
       10220.     0.9149632            0.
       10222.     0.9149632            0.
       10224.     0.9150005            0.
       10226.     0.9150005            0.
       10228.     0.9146649            0.
       10230.     0.9145157            0.
       10232.     0.9147581            0.
       10234.     0.9154479            0.
       10236.     0.9153174            0.
       10238.     0.9155039            0.
       10240.     0.9158767            0.
       10242.     0.9158953            0.
       10244.     0.9155411            0.
       10246.     0.9152988            0.
       10248.     0.9146649            0.
       10250.     0.9147395            0.
       10252.     0.9146649            0.
       10254.     0.9144225            0.
       10256.     0.9147209            0.
       10258.     0.9146835            0.
       10260.     0.9146649            0.
       10262.     0.9149446            0.
       10264.     0.9149259            0.
       10266.     0.9150377            0.
       10268.     0.9149446            0.
       10270.     0.9152055            0.
       10272.     0.9148886            0.
       10274.     0.9151309            0.
       10276.     0.9152055            0.
       10278.     0.9148141            0.
       10280.     0.9147768            0.
       10282.     0.9149259            0.
       10284.     0.9146463            0.
       10286.     0.9146276            0.
       10288.     0.9145157            0.
       10290.     0.9141615            0.
       10292.     0.9143665            0.
       10294.     0.9137513            0.
       10296.     0.9139937            0.
       10298.     0.9148886            0.
       10300.     0.9150191            0.
       10302.     0.9153733            0.
       10304.     0.9148141            0.
       10306.     0.9143851            0.
       10308.     0.9142175            0.
       10310.     0.9141801            0.
       10312.     0.9138819            0.
       10314.     0.9138073            0.
       10316.     0.9140683            0.
       10318.     0.9141243            0.
       10320.     0.9144598            0.
       10322.     0.9141243            0.
       10324.     0.9137887            0.
       10326.     0.9141988            0.
       10328.     0.9141429            0.
       10330.     0.9138259            0.
       10332.     0.9136769            0.
       10334.     0.9137887            0.
       10336.     0.9140124            0.
       10338.     0.9138259            0.
       10340.     0.9134903            0.
       10342.     0.9135836            0.
       10344.     0.9141429            0.
       10346.     0.9145529            0.
       10348.     0.9142734            0.
       10350.     0.9140497            0.
       10352.     0.9149632            0.
       10354.     0.9147395            0.
       10356.     0.9150191            0.
       10358.     0.9141801            0.
       10360.     0.9142361            0.
       10362.     0.9141057            0.
       10364.     0.9136023            0.
       10366.     0.9134345            0.
       10368.     0.9136953            0.
       10370.     0.9134903            0.
       10372.     0.9139377            0.
       10374.     0.9139565            0.
       10376.     0.9140124            0.
       10378.     0.9139005            0.
       10380.     0.9138259            0.
       10382.       0.91377            0.
       10384.       0.91377            0.
       10386.     0.9138445            0.
       10388.     0.9133971            0.
       10390.     0.9133412            0.
       10392.     0.9133785            0.
       10394.     0.9133039            0.
       10396.     0.9131921            0.
       10398.     0.9134345            0.
       10400.     0.9134345            0.
       10402.     0.9135091            0.
       10404.       0.91377            0.
       10406.     0.9135277            0.
       10408.     0.9136395            0.
       10410.     0.9132479            0.
       10412.      0.912726            0.
       10414.     0.9127633            0.
       10416.     0.9128193            0.
       10418.     0.9125583            0.
       10420.     0.9130057            0.
       10422.     0.9130989            0.
       10424.     0.9135091            0.
       10426.     0.9138259            0.
       10428.     0.9135277            0.
       10430.     0.9135277            0.
       10432.     0.9137327            0.
       10434.     0.9133412            0.
       10436.     0.9133599            0.
       10438.     0.9133225            0.
       10440.     0.9133225            0.
       10442.     0.9131548            0.
       10444.     0.9131175            0.
       10446.     0.9128379            0.
       10448.     0.9131921            0.
       10450.     0.9136395            0.
       10452.     0.9140683            0.
       10454.     0.9138073            0.
       10456.     0.9135463            0.
       10458.     0.9134531            0.
       10460.     0.9130989            0.
       10462.     0.9128379            0.
       10464.     0.9129497            0.
       10466.     0.9129684            0.
       10468.     0.9130243            0.
       10470.     0.9125395            0.
       10472.     0.9123718            0.
       10474.     0.9125769            0.
       10476.     0.9127819            0.
       10478.     0.9126142            0.
       10480.     0.9129684            0.
       10482.     0.9129684            0.
       10484.     0.9127447            0.
       10486.     0.9128565            0.
       10488.     0.9128193            0.
       10490.     0.9128007            0.
       10492.     0.9130989            0.
       10494.     0.9128379            0.
       10496.     0.9136209            0.
       10498.     0.9135836            0.
       10500.     0.9127633            0.
       10502.      0.912726            0.
       10504.     0.9125769            0.
       10506.     0.9124463            0.
       10508.     0.9125769            0.
       10510.     0.9127819            0.
       10512.     0.9131548            0.
       10514.     0.9130057            0.
       10516.     0.9128379            0.
       10518.     0.9125023            0.
       10520.     0.9125769            0.
       10522.     0.9120921            0.
       10524.     0.9115888            0.
       10526.     0.9118125            0.
       10528.     0.9118497            0.
       10530.     0.9120362            0.
       10532.     0.9120175            0.
       10534.     0.9123718            0.
       10536.      0.912465            0.
       10538.     0.9117379            0.
       10540.      0.912465            0.
       10542.     0.9120175            0.
       10544.     0.9120736            0.
       10546.     0.9119989            0.
       10548.     0.9114023            0.
       10550.     0.9112905            0.
       10552.     0.9110667            0.
       10554.     0.9109921            0.
       10556.     0.9113651            0.
       10558.     0.9110854            0.
       10560.     0.9108617            0.
       10562.     0.9109363            0.
       10564.     0.9107684            0.
       10566.     0.9107684            0.
       10568.      0.910638            0.
       10570.     0.9108989            0.
       10572.     0.9111599            0.
       10574.     0.9115143            0.
       10576.     0.9113277            0.
       10578.     0.9113091            0.
       10580.     0.9108617            0.
       10582.     0.9110295            0.
       10584.     0.9108804            0.
       10586.     0.9108431            0.
       10588.      0.911104            0.
       10590.     0.9110667            0.
       10592.     0.9108245            0.
       10594.     0.9110481            0.
       10596.     0.9111413            0.
       10598.     0.9112905            0.
       10600.     0.9110481            0.
       10602.     0.9106566            0.
       10604.     0.9107499            0.
       10606.     0.9103957            0.
       10608.     0.9102279            0.
       10610.     0.9101533            0.
       10612.     0.9097617            0.
       10614.     0.9104515            0.
       10616.     0.9104515            0.
       10618.     0.9105448            0.
       10620.     0.9106566            0.
       10622.     0.9101906            0.
       10624.     0.9107684            0.
       10626.     0.9103397            0.
       10628.     0.9110109            0.
       10630.     0.9105261            0.
       10632.     0.9105075            0.
       10634.     0.9094449            0.
       10636.     0.9092957            0.
       10638.     0.9093331            0.
       10640.     0.9091651            0.
       10642.     0.9093703            0.
       10644.     0.9092584            0.
       10646.     0.9101906            0.
       10648.     0.9102651            0.
       10650.     0.9100227            0.
       10652.     0.9103957            0.
       10654.     0.9101719            0.
       10656.     0.9102092            0.
       10658.     0.9106007            0.
       10660.     0.9099855            0.
       10662.     0.9098923            0.
       10664.     0.9095195            0.
       10666.     0.9093703            0.
       10668.     0.9092957            0.
       10670.     0.9094075            0.
       10672.     0.9090907            0.
       10674.     0.9090533            0.
       10676.     0.9089229            0.
       10678.     0.9085873            0.
       10680.     0.9091093            0.
       10682.     0.9090347            0.
       10684.     0.9091465            0.
       10686.     0.9095008            0.
       10688.     0.9095567            0.
       10690.     0.9095567            0.
       10692.     0.9093703            0.
       10694.      0.909016            0.
       10696.     0.9092211            0.
       10698.     0.9087551            0.
       10700.     0.9089229            0.
       10702.     0.9087551            0.
       10704.     0.9085499            0.
       10706.     0.9082331            0.
       10708.     0.9083449            0.
       10710.     0.9081398            0.
       10712.     0.9081771            0.
       10714.     0.9084195            0.
       10716.     0.9087178            0.
       10718.     0.9090347            0.
       10720.      0.909016            0.
       10722.     0.9087551            0.
       10724.     0.9087178            0.
       10726.     0.9089787            0.
       10728.     0.9089973            0.
       10730.     0.9086991            0.
       10732.     0.9085499            0.
       10734.     0.9086245            0.
       10736.     0.9083261            0.
       10738.     0.9078229            0.
       10740.     0.9077297            0.
       10742.     0.9081958            0.
       10744.     0.9078229            0.
       10746.     0.9080467            0.
       10748.     0.9082517            0.
       10750.     0.9085499            0.
       10752.      0.908811            0.
       10754.     0.9086991            0.
       10756.     0.9081398            0.
       10758.      0.907972            0.
       10760.     0.9077297            0.
       10762.     0.9069281            0.
       10764.     0.9066111            0.
       10766.     0.9069467            0.
       10768.     0.9064993            0.
       10770.     0.9068161            0.
       10772.     0.9070212            0.
       10774.     0.9073755            0.
       10776.     0.9073941            0.
       10778.     0.9074501            0.
       10780.     0.9073382            0.
       10782.     0.9070958            0.
       10784.     0.9075432            0.
       10786.     0.9072635            0.
       10788.     0.9072077            0.
       10790.     0.9074128            0.
       10792.     0.9070585            0.
       10794.     0.9068348            0.
       10796.      0.906462            0.
       10798.     0.9060519            0.
       10800.     0.9065552            0.
       10802.     0.9063314            0.
       10804.     0.9060705            0.
       10806.     0.9062569            0.
       10808.     0.9063314            0.
       10810.     0.9067789            0.
       10812.     0.9061637            0.
       10814.     0.9063873            0.
       10816.     0.9065737            0.
       10818.     0.9063501            0.
       10820.     0.9060519            0.
       10822.     0.9060891            0.
       10824.     0.9059585            0.
       10826.     0.9058654            0.
       10828.     0.9055299            0.
       10830.     0.9051197            0.
       10832.     0.9051943            0.
       10834.     0.9055299            0.
       10836.     0.9056417            0.
       10838.     0.9060332            0.
       10840.     0.9060891            0.
       10842.     0.9059772            0.
       10844.      0.905623            0.
       10846.     0.9059399            0.
       10848.     0.9054366            0.
       10850.     0.9051383            0.
       10852.     0.9049891            0.
       10854.     0.9052503            0.
       10856.     0.9054739            0.
       10858.      0.905623            0.
       10860.     0.9053993            0.
       10862.     0.9056417            0.
       10864.     0.9054366            0.
       10866.     0.9056417            0.
       10868.     0.9057721            0.
       10870.     0.9053807            0.
       10872.     0.9053433            0.
       10874.     0.9051569            0.
       10876.     0.9049891            0.
       10878.     0.9045977            0.
       10880.     0.9046909            0.
       10882.     0.9042061            0.
       10884.     0.9042807            0.
       10886.     0.9040943            0.
       10888.      0.904635            0.
       10890.     0.9048772            0.
       10892.     0.9048959            0.
       10894.     0.9056789            0.
       10896.     0.9051569            0.
       10898.     0.9047655            0.
       10900.     0.9043739            0.
       10902.     0.9043367            0.
       10904.     0.9037027            0.
       10906.     0.9038333            0.
       10908.     0.9035724            0.
       10910.     0.9036282            0.
       10912.     0.9036841            0.
       10914.     0.9037027            0.
       10916.     0.9038892            0.
       10918.     0.9034791            0.
       10920.     0.9034977            0.
       10922.     0.9035724            0.
       10924.     0.9034418            0.
       10926.     0.9036655            0.
       10928.       0.90374            0.
       10930.     0.9039265            0.
       10932.     0.9037587            0.
       10934.     0.9034045            0.
       10936.     0.9031247            0.
       10938.     0.9027706            0.
       10940.     0.9027893            0.
       10942.     0.9024165            0.
       10944.     0.9027893            0.
       10946.     0.9030129            0.
       10948.     0.9030503            0.
       10950.     0.9033113            0.
       10952.     0.9030689            0.
       10954.     0.9029571            0.
       10956.     0.9030503            0.
       10958.     0.9030317            0.
       10960.     0.9025842            0.
       10962.     0.9022486            0.
       10964.     0.9021181            0.
       10966.      0.901913            0.
       10968.     0.9019691            0.
       10970.     0.9018571            0.
       10972.     0.9020435            0.
       10974.      0.901652            0.
       10976.      0.901652            0.
       10978.     0.9018945            0.
       10980.     0.9021927            0.
       10982.     0.9020808            0.
       10984.     0.9020435            0.
       10986.     0.9022672            0.
       10988.     0.9018571            0.
       10990.     0.9014843            0.
       10992.     0.9011859            0.
       10994.     0.9009063            0.
       10996.      0.900664            0.
       10998.     0.8999183            0.
       11000.      0.900664            0.
