        2890.   1.140429E-8            0.
       2892.5   1.140429E-7            0.
        2895.   8.658810E-7            0.
       2897.5   2.095014E-6            0.
        2900.   6.842574E-6            0.
        2910.   4.105545E-5            0.
        2920.   3.090563E-4            0.
        2930.   0.001150693            0.
        2940.   0.003194342            0.
        2942.   0.002622987            0.
        2944.   0.003075737            0.
        2946.   0.003718939            0.
        2948.   0.004381528            0.
        2950.    0.00515588            0.
        2952.   0.005931371            0.
        2954.   0.006822046            0.
        2956.   0.007780007            0.
        2958.   0.008808674            0.
        2960.   0.009926294            0.
        2962.    0.01113059            0.
        2964.    0.01250138            0.
        2966.     0.0138699            0.
        2968.    0.01542202            0.
        2970.    0.01701748            0.
        2972.     0.0187019            0.
        2974.    0.02052658            0.
        2976.    0.02241741            0.
        2978.    0.02442571            0.
        2980.    0.02656972            0.
        2982.    0.02882776            0.
        2984.    0.03117591            0.
        2986.    0.03361529            0.
        2988.    0.03616985            0.
        2990.    0.03879397            0.
        2992.    0.04155723            0.
        2994.    0.04426803            0.
        2996.    0.04707463            0.
        2998.     0.0499257            0.
        3000.    0.05291477            0.
        3002.    0.05594831            0.
        3004.    0.05895676            0.
        3006.    0.06203364            0.
        3008.    0.06522684            0.
        3010.    0.06846794            0.
        3012.    0.07182194            0.
        3014.    0.07509954            0.
        3016.    0.07842046            0.
        3018.    0.08195579            0.
        3020.    0.08567701            0.
        3022.     0.0894142            0.
        3024.    0.09328823            0.
        3026.    0.09748729            0.
        3028.     0.1018198            0.
        3030.     0.1062161            0.
        3032.     0.1107402            0.
        3034.     0.1157262            0.
        3036.     0.1211831            0.
        3038.     0.1269833            0.
        3040.     0.1330516            0.
        3042.     0.1394745            0.
        3044.     0.1460901            0.
        3046.     0.1533044            0.
        3048.     0.1612179            0.
        3050.     0.1697654            0.
        3052.     0.1789333            0.
        3054.     0.1886669            0.
        3056.     0.1989387            0.
        3058.     0.2099439            0.
        3060.     0.2219172            0.
        3062.     0.2346205            0.
        3064.     0.2482258            0.
        3066.     0.2627035            0.
        3068.     0.2779556            0.
        3070.     0.2941246            0.
        3072.     0.3111854            0.
        3074.     0.3288324            0.
        3076.     0.3470531            0.
        3078.     0.3657835            0.
        3080.     0.3849416            0.
        3082.     0.4045877            0.
        3084.     0.4245384            0.
        3086.     0.4441834            0.
        3088.     0.4633928            0.
        3090.     0.4823148            0.
        3092.     0.5004807            0.
        3094.      0.517919            0.
        3096.     0.5344449            0.
        3098.     0.5499206            0.
        3100.      0.564095            0.
        3102.     0.5771084            0.
        3104.     0.5887693            0.
        3106.     0.5990092            0.
        3108.     0.6080665            0.
        3110.       0.61594            0.
        3112.     0.6227119            0.
        3114.     0.6286478            0.
        3116.     0.6338527            0.
        3118.     0.6386015            0.
        3120.     0.6425747            0.
        3122.      0.645671            0.
        3124.     0.6481218            0.
        3126.      0.650462            0.
        3128.     0.6530667            0.
        3130.     0.6559029            0.
        3132.     0.6586707            0.
        3134.     0.6612527            0.
        3136.     0.6633865            0.
        3138.     0.6657289            0.
        3140.     0.6687658            0.
        3142.     0.6718211            0.
        3144.     0.6747086            0.
        3146.     0.6776634            0.
        3148.     0.6815478            0.
        3150.     0.6855222            0.
        3152.      0.688883            0.
        3154.     0.6924046            0.
        3156.     0.6963003            0.
        3158.     0.7004002            0.
        3160.     0.7049904            0.
        3162.     0.7095556            0.
        3164.     0.7141184            0.
        3166.      0.718825            0.
        3168.     0.7231563            0.
        3170.     0.7270018            0.
        3172.      0.731039            0.
        3174.     0.7354535            0.
        3176.     0.7395888            0.
        3178.     0.7427272            0.
        3180.     0.7461246            0.
        3182.     0.7496029            0.
        3184.     0.7528473            0.
        3186.     0.7560463            0.
        3188.     0.7585952            0.
        3190.     0.7607084            0.
        3192.     0.7631044            0.
        3194.     0.7655746            0.
        3196.     0.7676764            0.
        3198.     0.7694052            0.
        3200.      0.771206            0.
        3202.     0.7732029            0.
        3204.     0.7750151            0.
        3206.     0.7763585            0.
        3208.     0.7775639            0.
        3210.     0.7787237            0.
        3212.     0.7798185            0.
        3214.     0.7807035            0.
        3216.     0.7817755            0.
        3218.     0.7827575            0.
        3220.     0.7836469            0.
        3222.     0.7844213            0.
        3224.     0.7853143            0.
        3226.     0.7865539            0.
        3228.     0.7873294            0.
        3230.     0.7875449            0.
        3232.     0.7884117            0.
        3234.     0.7897003            0.
        3236.     0.7909195            0.
        3238.     0.7917645            0.
        3240.     0.7923541            0.
        3242.     0.7929654            0.
        3244.     0.7940853            0.
        3246.      0.795366            0.
        3248.      0.796186            0.
        3250.     0.7968463            0.
        3252.     0.7976446            0.
        3254.     0.7989309            0.
        3256.     0.7998718            0.
        3258.     0.7997977            0.
        3260.     0.7997008            0.
        3262.     0.7997612            0.
        3264.     0.7998718            0.
        3266.      0.800036            0.
        3268.     0.7997099            0.
        3270.     0.7998935            0.
        3272.       0.80036            0.
        3274.     0.8006166            0.
        3276.     0.8004318            0.
        3278.     0.7998787            0.
        3280.     0.7995149            0.
        3282.     0.7993814            0.
        3284.     0.7992936            0.
        3286.     0.7989515            0.
        3288.     0.7981441            0.
        3290.      0.797802            0.
        3292.     0.7975579            0.
        3294.     0.7972203            0.
        3296.     0.7967197            0.
        3298.     0.7958267            0.
        3300.     0.7945175            0.
        3302.     0.7932756            0.
        3304.     0.7924545            0.
        3306.     0.7920291            0.
        3308.     0.7913254            0.
        3310.     0.7906206            0.
        3312.     0.7897072            0.
        3314.     0.7889134            0.
        3316.     0.7882144            0.
        3318.     0.7871617            0.
        3320.     0.7861331            0.
        3322.     0.7851968            0.
        3324.     0.7842331            0.
        3326.     0.7832444            0.
        3328.     0.7822579            0.
        3330.     0.7814859            0.
        3332.      0.780943            0.
        3334.     0.7804218            0.
        3336.     0.7796919            0.
        3338.     0.7789381            0.
        3340.     0.7783006            0.
        3342.     0.7774749            0.
        3344.     0.7769036            0.
        3346.     0.7767998            0.
        3348.     0.7763014            0.
        3350.      0.775567            0.
        3352.     0.7752261            0.
        3354.     0.7750903            0.
        3356.     0.7748622            0.
        3358.     0.7744939            0.
        3360.     0.7742213            0.
        3362.     0.7738312            0.
        3364.     0.7737173            0.
        3366.     0.7739019            0.
        3368.     0.7741358            0.
        3370.     0.7742053            0.
        3372.     0.7741095            0.
        3374.     0.7740844            0.
        3376.     0.7744072            0.
        3378.     0.7747961            0.
        3380.     0.7749284            0.
        3382.     0.7755442            0.
        3384.     0.7762524            0.
        3386.     0.7763813            0.
        3388.     0.7768341            0.
        3390.     0.7775639            0.
        3392.     0.7785458            0.
        3394.      0.779709            0.
        3396.     0.7807616            0.
        3398.     0.7810833            0.
        3400.     0.7809019            0.
        3402.     0.7816033            0.
        3404.     0.7826023            0.
        3406.     0.7840233            0.
        3408.     0.7851614            0.
        3410.     0.7862334            0.
        3412.     0.7875609            0.
        3414.     0.7889545            0.
        3416.     0.7902295            0.
        3418.      0.791273            0.
        3420.     0.7924601            0.
        3422.     0.7936462            0.
        3424.     0.7946236            0.
        3426.     0.7956032            0.
        3428.     0.7966296            0.
        3430.     0.7977016            0.
        3432.      0.798777            0.
        3434.     0.7996916            0.
        3436.     0.8004203            0.
        3438.     0.8009883            0.
        3440.     0.8015164            0.
        3442.     0.8019291            0.
        3444.     0.8023694            0.
        3446.     0.8024857            0.
        3448.     0.8025119            0.
        3450.      0.802147            0.
        3452.     0.8016919            0.
        3454.     0.8010544            0.
        3456.     0.8001444            0.
        3458.     0.7990746            0.
        3460.     0.7977529            0.
        3462.     0.7959716            0.
        3464.     0.7941697            0.
        3466.     0.7923267            0.
        3468.     0.7902112            0.
        3470.     0.7877057            0.
        3472.      0.785044            0.
        3474.     0.7818747            0.
        3476.     0.7782003            0.
        3478.     0.7744368            0.
        3480.     0.7704955            0.
        3482.     0.7662816            0.
        3484.     0.7616059            0.
        3486.     0.7565857            0.
        3488.     0.7515062            0.
        3490.       0.74599            0.
        3492.     0.7401761            0.
        3494.     0.7341135            0.
        3496.     0.7277283            0.
        3498.     0.7210237            0.
        3500.     0.7140443            0.
        3502.     0.7068163            0.
        3504.     0.6994981            0.
        3506.     0.6917865            0.
        3508.     0.6838275            0.
        3510.     0.6758217            0.
        3512.     0.6676584            0.
        3514.     0.6592649            0.
        3516.     0.6508041            0.
        3518.     0.6421836            0.
        3520.     0.6336087            0.
        3522.     0.6250121            0.
        3524.      0.615981            0.
        3526.     0.6068326            0.
        3528.     0.5978688            0.
        3530.     0.5888616            0.
        3532.     0.5798066            0.
        3534.     0.5707756            0.
        3536.     0.5616522            0.
        3538.     0.5524364            0.
        3540.      0.543313            0.
        3542.     0.5349844            0.
        3544.     0.5262054            0.
        3546.     0.5170351            0.
        3548.     0.5078194            0.
        3550.     0.4990164            0.
        3552.     0.4903058            0.
        3554.     0.4815941            0.
        3556.     0.4726759            0.
        3558.     0.4638261            0.
        3560.     0.4550677            0.
        3562.     0.4462875            0.
        3564.     0.4376419            0.
        3566.     0.4290887            0.
        3568.     0.4204203            0.
        3570.     0.4118671            0.
        3572.     0.4035899            0.
        3574.     0.3954483            0.
        3576.      0.387008            0.
        3578.     0.3787741            0.
        3580.     0.3706326            0.
        3582.     0.3625595            0.
        3584.     0.3544853            0.
        3586.     0.3464327            0.
        3588.     0.3383813            0.
        3590.     0.3305351            0.
        3592.     0.3227357            0.
        3594.      0.314958            0.
        3596.     0.3072031            0.
        3598.     0.2996774            0.
        3600.     0.2922201            0.
        3602.     0.2847617            0.
        3604.     0.2773261            0.
        3606.     0.2698689            0.
        3608.     0.2624777            0.
        3610.     0.2552029            0.
        3612.     0.2479954            0.
        3614.     0.2408563            0.
        3616.     0.2337172            0.
        3618.     0.2268519            0.
        3620.      0.220056            0.
        3622.     0.2133036            0.
        3624.     0.2067347            0.
        3626.     0.2002354            0.
        3628.      0.193849            0.
        3630.     0.1875538            0.
        3632.     0.1814867            0.
        3634.     0.1755565            0.
        3636.     0.1697859            0.
        3638.     0.1641066            0.
        3640.     0.1585869            0.
        3642.     0.1531813            0.
        3644.     0.1479581            0.
        3646.     0.1428946            0.
        3648.     0.1379451            0.
        3650.     0.1330641            0.
        3652.     0.1283884            0.
        3654.     0.1238951            0.
        3656.     0.1194474            0.
        3658.     0.1151138            0.
        3660.      0.110917            0.
        3662.     0.1068799            0.
        3664.      0.102934            0.
        3666.    0.09912495            0.
        3668.    0.09540715            0.
        3670.    0.09187182            0.
        3672.    0.08847334            0.
        3674.    0.08512048            0.
        3676.    0.08188166            0.
        3678.    0.07877969            0.
        3680.    0.07581457            0.
        3682.    0.07291789            0.
        3684.    0.07036333            0.
        3686.    0.06774034            0.
        3688.    0.06516298            0.
        3690.    0.06265403            0.
        3692.    0.06032755            0.
        3694.    0.05802389            0.
        3696.    0.05587988            0.
        3698.     0.0538043            0.
        3700.    0.05182109            0.
        3702.    0.04988237            0.
        3704.    0.04796644            0.
        3706.    0.04620904            0.
        3708.    0.04445392            0.
        3710.    0.04276609            0.
        3712.    0.04114554            0.
        3714.    0.03961736            0.
        3716.    0.03813481            0.
        3718.    0.03672067            0.
        3720.    0.03532935            0.
        3722.    0.03402926            0.
        3724.    0.03277593            0.
        3726.    0.03152146            0.
        3728.     0.0303126            0.
        3730.    0.02914823            0.
        3732.    0.02805455            0.
        3734.    0.02693693            0.
        3736.    0.02593336            0.
        3738.    0.02495259            0.
        3740.    0.02400831            0.
        3750.    0.01948879            0.
        3760.     0.0161211            0.
        3770.    0.01285263            0.
        3780.     0.0104201            0.
        3790.   0.008077659            0.
        3800.   0.006359032            0.
        3810.   0.004735061            0.
        3820.   0.003584368            0.
        3830.   0.002539735            0.
        3840.   0.001825827            0.
        3850.   0.001211136            0.
        3860.   8.199685E-4            0.
        3870.   5.040696E-4            0.
        3880.   3.158989E-4            0.
        3890.   1.767665E-4            0.
        3900.   1.014982E-4            0.
        3910.   5.131931E-5            0.
        3920.   2.737030E-5            0.
        3930.   1.254472E-5            0.
        3940.   6.842574E-6            0.
        3950.   3.421287E-6            0.
        3960.   2.280858E-6            0.
        3970.   1.140429E-6            0.
        3980.   1.140429E-6            0.
        3990.   1.140429E-6            0.
        4000.   1.140429E-6            0.
        4010.   1.140429E-6            0.
        4020.   1.140429E-6            0.
        4030.   1.140429E-6            0.
        4040.   1.140429E-6            0.
        4050.   1.140429E-6            0.
        4060.   1.140429E-6            0.
        4070.   1.140429E-6            0.
        4080.   1.140429E-6            0.
        4090.   1.140429E-6            0.
        4100.   1.140429E-6            0.
        4110.   1.140429E-6            0.
        4120.   1.140429E-6            0.
        4130.   1.140429E-6            0.
        4140.   1.140429E-6            0.
        4150.   1.140429E-6            0.
        4160.   1.140429E-6            0.
        4170.   1.140429E-6            0.
        4180.   1.140429E-6            0.
        4190.   1.140429E-6            0.
        4200.   1.140429E-6            0.
        4210.   1.140429E-6            0.
        4220.   1.140429E-6            0.
        4230.   1.140429E-6            0.
        4240.   1.140429E-6            0.
        4250.   1.140429E-6            0.
        4260.   1.140429E-6            0.
        4270.   1.140429E-6            0.
        4280.   1.140429E-6            0.
        4290.            0.            0.
        4300.   1.140429E-6            0.
        4310.   1.140429E-6            0.
        4320.   1.140429E-6            0.
        4330.   1.140429E-6            0.
        4340.            0.            0.
        4350.   1.140429E-6            0.
        4360.   1.140429E-6            0.
        4370.            0.            0.
        4380.            0.            0.
        4390.   1.140429E-6            0.
        4400.   1.140429E-6            0.
        4410.   6.058495E-7            0.
        4420.   5.871601E-7            0.
        4430.   5.684708E-7            0.
        4440.   5.497815E-7            0.
        4450.   5.310921E-7            0.
        4460.   5.124028E-7            0.
        4470.   4.937134E-7            0.
        4480.   4.750229E-7            0.
        4490.   4.563335E-7            0.
        4500.   4.376442E-7            0.
        4510.   4.348022E-7            0.
        4520.   4.319603E-7            0.
        4530.   4.291172E-7            0.
        4540.   4.262753E-7            0.
        4550.   4.234333E-7            0.
        4560.   4.205902E-7            0.
        4570.   4.177483E-7            0.
        4580.   4.149063E-7            0.
        4590.   4.120644E-7            0.
        4600.   4.092213E-7            0.
        4610.   4.032842E-7            0.
        4620.   3.973460E-7            0.
        4630.   3.914078E-7            0.
        4640.   3.854707E-7            0.
        4650.   3.795325E-7            0.
        4660.   3.735943E-7            0.
        4670.   3.676572E-7            0.
        4680.   3.617190E-7            0.
        4690.   3.557819E-7            0.
        4700.   3.498437E-7            0.
        4710.   3.444130E-7            0.
        4720.   3.389823E-7            0.
        4730.   3.335527E-7            0.
        4740.   3.281220E-7            0.
        4750.   3.226912E-7            0.
        4760.   3.172617E-7            0.
        4770.   3.118309E-7            0.
        4780.   3.064002E-7            0.
        4790.   3.009695E-7            0.
        4800.   2.955399E-7            0.
        4810.   2.877987E-7            0.
        4820.   2.800574E-7            0.
        4830.   2.723162E-7            0.
        4840.   2.645761E-7            0.
        4850.   2.568349E-7            0.
        4860.   2.490936E-7            0.
        4870.   2.413535E-7            0.
        4880.   2.336123E-7            0.
        4890.   2.258711E-7            0.
        4900.   2.181310E-7            0.
        4910.   2.155571E-7            0.
        4920.   2.129842E-7            0.
        4930.   2.104114E-7            0.
        4940.   2.078386E-7            0.
        4950.   2.052658E-7            0.
        4960.   2.026930E-7            0.
        4970.   2.001202E-7            0.
        4980.   1.975463E-7            0.
        4990.   1.949734E-7            0.
        5000.   1.924006E-7            0.
        5010.   1.940235E-7            0.
        5020.   1.956452E-7            0.
        5030.   1.972680E-7            0.
        5040.   1.988908E-7            0.
        5050.   2.005125E-7            0.
        5060.   2.021353E-7            0.
        5070.   2.037570E-7            0.
        5080.   2.053799E-7            0.
        5090.   2.070015E-7            0.
        5100.   2.086244E-7            0.
        5110.   2.107353E-7            0.
        5120.   2.128474E-7            0.
        5130.   2.149583E-7            0.
        5140.   2.170704E-7            0.
        5150.   2.191813E-7            0.
        5160.   2.212934E-7            0.
        5170.   2.234043E-7            0.
        5180.   2.255164E-7            0.
        5190.   2.276274E-7            0.
        5200.   2.297383E-7            0.
        5210.   2.269842E-7            0.
        5220.   2.242300E-7            0.
        5230.   2.214759E-7            0.
        5240.   2.187217E-7            0.
        5250.   2.159676E-7            0.
        5260.   2.132135E-7            0.
        5270.   2.104593E-7            0.
        5280.   2.077052E-7            0.
        5290.   2.049510E-7            0.
        5300.   2.021969E-7            0.
        5310.   1.977937E-7            0.
        5320.   1.933905E-7            0.
        5330.   1.889885E-7            0.
        5340.   1.845853E-7            0.
        5350.   1.801821E-7            0.
        5360.   1.757800E-7            0.
        5370.   1.713768E-7            0.
        5380.   1.669748E-7            0.
        5390.   1.625716E-7            0.
        5400.   1.581684E-7            0.
        5410.   1.550379E-7            0.
        5420.   1.519074E-7            0.
        5430.   1.487769E-7            0.
        5440.   1.456465E-7            0.
        5450.   1.425160E-7            0.
        5460.   1.393855E-7            0.
        5470.   1.362550E-7            0.
        5480.   1.331246E-7            0.
        5490.   1.299941E-7            0.
        5500.   1.268636E-7            0.
        5510.   1.264838E-7            0.
        5520.   1.261029E-7            0.
        5530.   1.257220E-7            0.
        5540.   1.253411E-7            0.
        5550.   1.249602E-7            0.
        5560.   1.245793E-7            0.
        5570.   1.241984E-7            0.
        5580.   1.238175E-7            0.
        5590.   1.234366E-7            0.
        5600.   1.230557E-7            0.
        5610.   1.247595E-7            0.
        5620.   1.264633E-7            0.
        5630.   1.281660E-7            0.
        5640.   1.298698E-7            0.
        5650.   1.315724E-7            0.
        5660.   1.332762E-7            0.
        5670.   1.349800E-7            0.
        5680.   1.366827E-7            0.
        5690.   1.383865E-7            0.
        5700.   1.400892E-7            0.
        5710.   1.429129E-7            0.
        5720.   1.457366E-7            0.
        5730.   1.485591E-7            0.
        5740.   1.513828E-7            0.
        5750.   1.542054E-7            0.
        5760.   1.570291E-7            0.
        5770.   1.598528E-7            0.
        5780.   1.626753E-7            0.
        5790.   1.654991E-7            0.
        5800.   1.683216E-7            0.
        5810.   1.728069E-7            0.
        5820.   1.772911E-7            0.
        5830.   1.817753E-7            0.
        5840.   1.862594E-7            0.
        5850.   1.907447E-7            0.
        5860.   1.952289E-7            0.
        5870.   1.997131E-7            0.
        5880.   2.041972E-7            0.
        5890.   2.086826E-7            0.
        5900.   2.131667E-7            0.
        5910.   2.149241E-7            0.
        5920.   2.166827E-7            0.
        5930.   2.184401E-7            0.
        5940.   2.201986E-7            0.
        5950.   2.219571E-7            0.
        5960.   2.237145E-7            0.
        5970.   2.254731E-7            0.
        5980.   2.272305E-7            0.
        5990.   2.289890E-7            0.
        6000.   2.307476E-7            0.
        6010.   2.283230E-7            0.
        6020.   2.258996E-7            0.
        6030.   2.234751E-7            0.
        6040.   2.210516E-7            0.
        6050.   2.186282E-7            0.
        6060.   2.162037E-7            0.
        6070.   2.137803E-7            0.
        6080.   2.113568E-7            0.
        6090.   2.089323E-7            0.
        6100.   2.065089E-7            0.
        6110.   2.037194E-7            0.
        6120.   2.009299E-7            0.
        6130.   1.981416E-7            0.
        6140.   1.953521E-7            0.
        6150.   1.925626E-7            0.
        6160.   1.897731E-7            0.
        6170.   1.869847E-7            0.
        6180.   1.841952E-7            0.
        6190.   1.814058E-7            0.
        6200.   1.786174E-7            0.
        6210.   1.808709E-7            0.
        6220.   1.831244E-7            0.
        6230.   1.853790E-7            0.
        6240.   1.876325E-7            0.
        6250.   1.898860E-7            0.
        6260.   1.921406E-7            0.
        6270.   1.943941E-7            0.
        6280.   1.966487E-7            0.
        6290.   1.989022E-7            0.
        6300.   2.011557E-7            0.
        6310.   2.053673E-7            0.
        6320.   2.095801E-7            0.
        6330.   2.137917E-7            0.
        6340.   2.180033E-7            0.
        6350.   2.222149E-7            0.
        6360.   2.264265E-7            0.
        6370.   2.306381E-7            0.
        6380.   2.348497E-7            0.
        6390.   2.390613E-7            0.
        6400.   2.432729E-7            0.
        6410.   2.466680E-7            0.
        6420.   2.500630E-7            0.
        6430.   2.534581E-7            0.
        6440.   2.568520E-7            0.
        6450.   2.602470E-7            0.
        6460.   2.636421E-7            0.
        6470.   2.670372E-7            0.
        6480.   2.704322E-7            0.
        6490.   2.738273E-7            0.
        6500.   2.772223E-7            0.
        6510.   2.861279E-7            0.
        6520.   2.950347E-7            0.
        6530.   3.039403E-7            0.
        6540.   3.128470E-7            0.
        6550.   3.217538E-7            0.
        6560.   3.306594E-7            0.
        6570.   3.395662E-7            0.
        6580.   3.484718E-7            0.
        6590.   3.573785E-7            0.
        6600.   3.662853E-7            0.
        6610.   3.844398E-7            0.
        6620.   4.025954E-7            0.
        6630.   4.207499E-7            0.
        6640.   4.389044E-7            0.
        6650.   4.570600E-7            0.
        6660.   4.752145E-7            0.
        6670.   4.933690E-7            0.
        6680.   5.115246E-7            0.
        6690.   5.296791E-7            0.
        6700.   5.478336E-7            0.
        6710.   1.140429E-6            0.
        6720.   2.280858E-6            0.
        6730.   3.421287E-6            0.
        6740.   4.561716E-6            0.
        6750.   5.702145E-6            0.
        6760.   7.983003E-6            0.
        6770.   1.140429E-5            0.
        6780.   1.596601E-5            0.
        6790.   2.166815E-5            0.
        6800.   2.737030E-5            0.
        6810.   3.649373E-5            0.
        6820.   4.675759E-5            0.
        6830.   6.158317E-5            0.
        6840.   7.640875E-5            0.
        6850.   9.807690E-5            0.
        6860.   1.208855E-4            0.
        6870.   1.505366E-4            0.
        6880.   1.813282E-4            0.
        6890.   2.212432E-4            0.
        6900.   2.600178E-4            0.
        6910.   3.090563E-4            0.
        6920.   3.558139E-4            0.
        6930.   4.116949E-4            0.
        6940.   4.618737E-4            0.
        6950.   5.200356E-4            0.
        6960.   5.713549E-4            0.
        6970.   6.295168E-4            0.
        6980.   6.819766E-4            0.
        6990.   7.401384E-4            0.
        7000.   7.937386E-4            0.
        7010.   8.564622E-4            0.
        7020.   9.146241E-4            0.
        7030.   9.841903E-4            0.
        7040.   0.001048054            0.
        7050.   0.001114199            0.
        7060.   0.001191748            0.
        7070.   0.001262455            0.
        7080.   0.001340004            0.
        7090.   0.001407289            0.
        7100.   0.001480277            0.
        7110.    0.00154186            0.
        7120.   0.001605724            0.
        7130.   0.001653622            0.
        7140.    0.00170152            0.
        7150.   0.001732312            0.
        7160.   0.001760822            0.
        7170.   0.001779069            0.
        7180.   0.001790473            0.
        7190.   0.001790473            0.
        7200.    0.00178135            0.
        7210.   0.001768805            0.
        7220.   0.001750559            0.
        7230.    0.00172661            0.
        7240.   0.001693537            0.
        7250.   0.001662746            0.
        7260.    0.00162055            0.
        7270.   0.001580635            0.
        7280.   0.001533877            0.
        7290.   0.001487119            0.
        7300.     0.0014358            0.
        7310.   0.001387902            0.
        7320.   0.001332021            0.
        7330.   0.001279561            0.
        7340.     0.0012214            0.
        7350.    0.00116894            0.
        7360.   0.001108497            0.
        7370.   0.001058318            0.
        7380.   9.990158E-4            0.
        7390.   9.476965E-4            0.
        7400.   8.906751E-4            0.
        7410.   8.404962E-4            0.
        7420.   7.857556E-4            0.
        7430.   7.389980E-4            0.
        7440.   6.876787E-4            0.
        7450.   6.432019E-4            0.
        7460.   5.953040E-4            0.
        7470.   5.542485E-4            0.
        7480.   5.109122E-4            0.
        7490.   4.744185E-4            0.
        7500.   4.345035E-4            0.
        7510.   4.025715E-4            0.
        7520.   3.672182E-4            0.
        7530.   3.375670E-4            0.
        7540.   3.067754E-4            0.
        7550.   2.816860E-4            0.
        7560.   2.554561E-4            0.
        7570.   2.326475E-4            0.
        7580.   2.098389E-4            0.
        7590.   1.927325E-4            0.
        7600.   1.733452E-4            0.
        7610.   1.573792E-4            0.
        7620.   1.425536E-4            0.
        7630.   1.288685E-4            0.
        7640.   1.163238E-4            0.
        7650.   1.060599E-4            0.
        7660.   9.465561E-5            0.
        7670.   8.667260E-5            0.
        7680.   7.754917E-5            0.
        7690.   7.070660E-5            0.
        7700.   6.386403E-5            0.
        7710.   5.816188E-5            0.
        7720.   5.245973E-5            0.
        7730.   4.789802E-5            0.
        7740.   4.333630E-5            0.
        7750.   3.991502E-5            0.
        7760.   3.649373E-5            0.
        7770.   3.307244E-5            0.
        7780.   2.965115E-5            0.
        7790.   2.737030E-5            0.
        7800.   2.508944E-5            0.
        7810.   2.280858E-5            0.
        7820.   2.052772E-5            0.
        7830.   1.938729E-5            0.
        7840.   1.824686E-5            0.
        7850.   1.710643E-5            0.
        7860.   1.596601E-5            0.
        7870.   1.368515E-5            0.
        7880.   1.368515E-5            0.
        7890.   1.254472E-5            0.
        7900.   1.035292E-5            0.
        7910.   9.881908E-6            0.
        7920.   9.410912E-6            0.
        7930.   8.939904E-6            0.
        7940.   8.468906E-6            0.
        7950.   7.997897E-6            0.
        7960.   7.526888E-6            0.
        7970.   7.055891E-6            0.
        7980.   6.584883E-6            0.
        7990.   6.113886E-6            0.
        8000.   5.642877E-6            0.
        8010.   5.433677E-6            0.
        8020.   5.224476E-6            0.
        8030.   5.015265E-6            0.
        8040.   4.806065E-6            0.
        8050.   4.596864E-6            0.
        8060.   4.387664E-6            0.
        8070.   4.178464E-6            0.
        8080.   3.969252E-6            0.
        8090.   3.760051E-6            0.
        8100.   3.550851E-6            0.
        8110.   3.450585E-6            0.
        8120.   3.350330E-6            0.
        8130.   3.250063E-6            0.
        8140.   3.149808E-6            0.
        8150.   3.049541E-6            0.
        8160.   2.949286E-6            0.
        8170.   2.849031E-6            0.
        8180.   2.748765E-6            0.
        8190.   2.648510E-6            0.
        8200.   2.548243E-6            0.
        8210.   2.498919E-6            0.
        8220.   2.449596E-6            0.
        8230.   2.400272E-6            0.
        8240.   2.350949E-6            0.
        8250.   2.301625E-6            0.
        8260.   2.252290E-6            0.
        8270.   2.202967E-6            0.
        8280.   2.153643E-6            0.
        8290.   2.104320E-6            0.
        8300.   2.054996E-6            0.
        8310.   2.022688E-6            0.
        8320.   1.990391E-6            0.
        8330.   1.958083E-6            0.
        8340.   1.925785E-6            0.
        8350.   1.893477E-6            0.
        8360.   1.861169E-6            0.
        8370.   1.828872E-6            0.
        8380.   1.796563E-6            0.
        8390.   1.764266E-6            0.
        8400.   1.731958E-6            0.
        8410.   1.691211E-6            0.
        8420.   1.650463E-6            0.
        8430.   1.609715E-6            0.
        8440.   1.568968E-6            0.
        8450.   1.528220E-6            0.
        8460.   1.487484E-6            0.
        8470.   1.446737E-6            0.
        8480.   1.405989E-6            0.
        8490.   1.365242E-6            0.
        8500.   1.324494E-6            0.
        8510.   1.305175E-6            0.
        8520.   1.285857E-6            0.
        8530.   1.266538E-6            0.
        8540.   1.247219E-6            0.
        8560.   1.208581E-6            0.
        8570.   1.189262E-6            0.
        8580.   1.169943E-6            0.
        8590.   1.150613E-6            0.
        8600.   1.131299E-6            0.
        8610.   1.105101E-6            0.
        8620.   1.078903E-6            0.
        8630.   1.052706E-6            0.
        8640.   1.026508E-6            0.
        8650.   1.000310E-6            0.
        8660.   9.741123E-7            0.
        8670.   9.479144E-7            0.
        8680.   9.217176E-7            0.
        8690.   8.955196E-7            0.
        8700.   8.693216E-7            0.
        8710.   8.627015E-7            0.
        8720.   8.560813E-7            0.
        8730.   8.494611E-7            0.
        8740.   8.428409E-7            0.
        8750.   8.362196E-7            0.
        8760.   8.295994E-7            0.
        8770.   8.229792E-7            0.
        8780.   8.163590E-7            0.
        8790.   8.097388E-7            0.
        8800.   8.031186E-7            0.
        8810.   7.964231E-7            0.
        8820.   7.897288E-7            0.
        8830.   7.830334E-7            0.
        8840.   7.763379E-7            0.
        8850.   7.696436E-7            0.
        8860.   7.629482E-7            0.
        8870.   7.562527E-7            0.
        8880.   7.495573E-7            0.
        8890.   7.428629E-7            0.
        8900.   7.361675E-7            0.
        8910.   7.316149E-7            0.
        8920.   7.270634E-7            0.
        8930.   7.225108E-7            0.
        8940.   7.179594E-7            0.
        8950.   7.134068E-7            0.
        8960.   7.088542E-7            0.
        8970.   7.043027E-7            0.
        8980.   6.997501E-7            0.
        8990.   6.951987E-7            0.
        9000.   6.906461E-7            0.
        9010.   7.285391E-7            0.
        9020.   7.664311E-7            0.
        9030.   8.043230E-7            0.
        9040.   8.422148E-7            0.
        9050.   8.801078E-7            0.
        9060.   9.180009E-7            0.
        9070.   9.558928E-7            0.
        9080.   9.937847E-7            0.
        9090.   1.031677E-6            0.
        9100.   1.069570E-6            0.
        9110.   1.052995E-6            0.
        9120.   1.036418E-6            0.
        9130.   1.019843E-6            0.
        9140.   1.003267E-6            0.
        9150.   9.866924E-7            0.
        9160.   9.701162E-7            0.
        9170.   9.535412E-7            0.
        9180.   9.369662E-7            0.
        9190.   9.203901E-7            0.
        9200.   9.038151E-7            0.
        9210.   9.084487E-7            0.
        9220.   9.130833E-7            0.
        9230.   9.177169E-7            0.
        9240.   9.223505E-7            0.
        9250.   9.269840E-7            0.
        9260.   9.316187E-7            0.
        9270.   9.362523E-7            0.
        9280.   9.408859E-7            0.
        9290.   9.455206E-7            0.
        9300.   9.501542E-7            0.
        9310.   9.767091E-7            0.
        9320.   1.003263E-6            0.
        9330.   1.029817E-6            0.
        9340.   1.056371E-6            0.
        9350.   1.082925E-6            0.
        9360.   1.109480E-6            0.
        9370.   1.136035E-6            0.
        9380.   1.162588E-6            0.
        9390.   1.189148E-6            0.
        9400.   1.215697E-6            0.
        9410.   1.246671E-6            0.
        9420.   1.277634E-6            0.
        9430.   1.308597E-6            0.
        9440.   1.339571E-6            0.
        9450.   1.370533E-6            0.
        9460.   1.401507E-6            0.
        9470.   1.432481E-6            0.
        9480.   1.463444E-6            0.
        9490.   1.494407E-6            0.
        9500.   1.525381E-6            0.
        9510.   1.643084E-6            0.
        9520.   1.760788E-6            0.
        9530.   1.878503E-6            0.
        9540.   1.996207E-6            0.
        9550.   2.113911E-6            0.
        9560.   2.231614E-6            0.
        9570.   2.349318E-6            0.
        9580.   2.467033E-6            0.
        9590.   2.584737E-6            0.
        9600.   2.702440E-6            0.
        9610.   2.847378E-6            0.
        9620.   2.992315E-6            0.
        9630.   3.137252E-6            0.
        9640.   3.282189E-6            0.
        9650.   3.427126E-6            0.
        9660.   3.572063E-6            0.
        9670.   3.717000E-6            0.
        9680.   3.861937E-6            0.
        9690.   4.006874E-6            0.
        9700.   4.151811E-6            0.
        9710.   4.430806E-6            0.
        9720.   4.709801E-6            0.
        9730.   4.988784E-6            0.
        9740.   5.267790E-6            0.
        9750.   5.546773E-6            0.
        9760.   5.825779E-6            0.
        9770.   6.104762E-6            0.
        9780.   6.383756E-6            0.
        9790.   6.662752E-6            0.
        9800.   6.941746E-6            0.
        9810.   7.417145E-6            0.
        9820.   7.892533E-6            0.
        9830.   8.367921E-6            0.
        9840.   8.843309E-6            0.
        9850.   9.318707E-6            0.
        9860.   9.794107E-6            0.
        9870.   1.026949E-5            0.
        9880.   1.074488E-5            0.
        9890.   1.122027E-5            0.
        9900.   1.169567E-5            0.
        9910.   1.240684E-5            0.
        9920.   1.311813E-5            0.
        9930.   1.382930E-5            0.
        9940.   1.454047E-5            0.
        9950.   1.525176E-5            0.
        9960.   1.596293E-5            0.
        9970.   1.667410E-5            0.
        9980.   1.738527E-5            0.
        9990.   1.809656E-5            0.
       10000.   1.880773E-5            0.
       10010.   1.482558E-5            0.
       10020.   2.508944E-5            0.
       10030.   2.508944E-5            0.
       10040.   3.649373E-5            0.
       10050.   2.166815E-5            0.
       10060.   2.166815E-5            0.
       10070.   2.737030E-5            0.
       10080.   2.851073E-5            0.
       10090.   3.421287E-5            0.
       10100.   3.307244E-5            0.
       10110.   2.965115E-5            0.
       10120.   2.737030E-5            0.
       10130.   3.763416E-5            0.
       10140.   3.763416E-5            0.
       10150.   4.105545E-5            0.
       10160.   3.877459E-5            0.
       10170.   4.447673E-5            0.
       10180.   4.105545E-5            0.
       10190.   4.447673E-5            0.
       10200.   5.131931E-5            0.
       10210.   5.017888E-5            0.
       10220.   5.131931E-5            0.
       10230.   5.930231E-5            0.
       10240.   4.789802E-5            0.
       10250.   5.816188E-5            0.
       10260.   6.614489E-5            0.
       10270.   6.614489E-5            0.
       10280.   6.500445E-5            0.
       10290.   6.500445E-5            0.
       10300.   6.956617E-5            0.
       10310.   7.184703E-5            0.
       10320.   7.868961E-5            0.
       10330.   8.439175E-5            0.
       10340.   7.298746E-5            0.
       10350.   8.097047E-5            0.
       10360.   8.895346E-5            0.
       10370.   8.439175E-5            0.
       10380.   9.237475E-5            0.
       10390.   9.579604E-5            0.
       10400.   9.123432E-5            0.
       10410.   1.049195E-4            0.
       10420.   9.921732E-5            0.
       10430.   1.049195E-4            0.
       10440.   1.060599E-4            0.
       10450.   1.003578E-4            0.
       10460.   1.186046E-4            0.
       10470.   1.208855E-4            0.
       10480.   1.243068E-4            0.
       10490.   1.174642E-4            0.
       10500.   1.345706E-4            0.
       10510.   1.300089E-4            0.
       10520.   1.277281E-4            0.
       10530.   1.322898E-4            0.
       10540.   1.357110E-4            0.
       10550.   1.379919E-4            0.
       10560.   1.471153E-4            0.
       10570.   1.459749E-4            0.
       10580.   1.596601E-4            0.
       10590.   1.573792E-4            0.
       10600.   1.642218E-4            0.
       10610.   1.653622E-4            0.
       10620.   1.608005E-4            0.
       10630.   1.596601E-4            0.
       10640.   1.630813E-4            0.
       10650.   1.801878E-4            0.
       10660.   1.813282E-4            0.
       10670.   1.744856E-4            0.
       10680.   1.779069E-4            0.
       10690.   1.756261E-4            0.
       10700.   1.824686E-4            0.
       10710.   1.915921E-4            0.
       10720.   1.904517E-4            0.
       10730.   1.927325E-4            0.
       10740.   1.950134E-4            0.
       10750.   2.029964E-4            0.
       10760.   2.018559E-4            0.
       10770.   2.007155E-4            0.
       10780.   2.064177E-4            0.
       10790.   1.984346E-4            0.
       10800.   2.052772E-4            0.
       10810.   2.086985E-4            0.
       10820.   2.098389E-4            0.
       10830.   2.155411E-4            0.
       10840.   2.098389E-4            0.
       10850.   2.086985E-4            0.
       10860.   2.098389E-4            0.
       10870.   2.144007E-4            0.
       10880.   2.166815E-4            0.
       10890.   2.189624E-4            0.
       10900.   2.166815E-4            0.
       10910.   2.155411E-4            0.
       10920.   2.223837E-4            0.
       10930.   2.189624E-4            0.
       10940.   2.132602E-4            0.
       10950.   2.258049E-4            0.
       10960.   2.132602E-4            0.
       10970.   2.132602E-4            0.
       10980.   2.155411E-4            0.
       10990.   2.189624E-4            0.
       11000.   2.018559E-4            0.
