        1210.  4.992759E-20         1228.
        1260.  4.992759E-20         1290.
        1320.  4.992759E-20         1350.
        1380.  4.992759E-20         1410.
        1440.  4.992759E-20         1470.
        1500.  4.992759E-20         1531.
        1890.   1.388895E-7         1910.
        1930.   5.065381E-4         1950.
        1970.   7.697926E-4         1990.
        2010.   0.001082975         2030.
        2050.   0.001612207         2070.
        2090.   0.002480947         2110.
        2130.   0.003912508         2150.
        2170.   0.006225517         2190.
        2210.    0.01023425         2230.
        2250.    0.01769615         2270.
        2290.    0.03162504         2310.
        2330.     0.0571689         2350.
        2370.    0.09520102         2390.
        2410.     0.1321765         2430.
        2450.     0.1512543         2470.
        2490.     0.1544242         2510.
        2530.     0.1510055         2550.
        2570.     0.1450878         2590.
        2610.     0.1368942         2630.
        2650.      0.126029         2670.
        2690.     0.1126357         2710.
        2730.    0.09744413         2750.
        2770.    0.08092082         2790.
        2810.    0.06361592         2830.
        2850.     0.0467994         2870.
        2890.    0.03216426         2910.
        2930.    0.02098774         2950.
        2970.    0.01335699         2990.
        3000.   0.007803228         3010.
        3020.   0.006226424         3030.
        3040.   0.005008191         3050.
        3060.   0.004040504         3070.
        3080.   0.003274342         3090.
        3100.    0.00267158         3110.
        3120.   0.002194998         3130.
        3140.   0.001816457         3150.
        3160.   0.001511444         3170.
        3180.   0.001271792         3190.
        3200.   0.001073897         3210.
        3220.   9.150365E-4         3230.
        3240.   7.825015E-4         3250.
        3260.   6.735686E-4         3270.
        3280.   5.846067E-4         3290.
        3300.   5.074458E-4         3310.
        3320.   4.448094E-4         3330.
        3340.   3.894352E-4         3350.
        3360.   3.449543E-4         3370.
        3380.   3.050122E-4         3390.
        3400.   2.723323E-4         3410.
        3420.   2.460068E-4         3430.
        3440.   2.196814E-4         3450.
        3460.   1.988026E-4         3470.
        3480.   1.788315E-4         3490.
        3500.   1.624916E-4         3510.
        3520.   1.479672E-4         3530.
        3540.   1.352584E-4         3550.
        3560.   1.234573E-4         3570.
        3580.   1.125640E-4         3590.
        3600.   1.034863E-4         3610.
        3620.   9.531630E-5         3630.
        3640.   8.805410E-5         3650.
        3660.   8.169969E-5         3670.
        3680.   7.534527E-5         3690.
        3700.   6.989862E-5         3710.
        3720.   6.535975E-5         3730.
        3740.   6.082088E-5         3750.
        3760.   5.628201E-5         3770.
        3780.   5.265091E-5         3790.
        3800.   4.901981E-5         3810.
        3820.   4.629649E-5         3830.
        3840.   4.266539E-5         3850.
        3860.   4.084985E-5         3870.
        3880.   3.812652E-5         3890.
        3900.   3.540320E-5         3910.
        3920.   3.358765E-5         3930.
        3940.   3.177210E-5         3950.
        3960.   2.904878E-5         3970.
        3980.   2.814100E-5         3990.
        4000.   2.632546E-5         4010.
        4020.   2.450991E-5         4030.
        4040.   2.360213E-5         4050.
        4060.   2.178659E-5         4070.
        4080.   2.087881E-5         4090.
        4100.   1.997104E-5         4110.
        4120.   1.815549E-5         4130.
        4140.   1.724771E-5         4150.
        4160.   1.633994E-5         4170.
        4180.   1.543216E-5         4190.
        4200.   1.452439E-5         4210.
        4220.   1.452439E-5         4230.
        4240.   1.361662E-5         4250.
        4260.   1.270884E-5         4270.
        4280.   1.180107E-5         4290.
        4300.   1.180107E-5         4310.
        4320.   1.089329E-5         4330.
        4340.   9.985518E-6         4350.
        4360.   9.985518E-6         4370.
        4380.   9.077743E-6         4390.
        4400.   9.077743E-6         4410.
        4420.   8.169969E-6         4430.
        4440.   8.169969E-6         4450.
        4460.   7.262195E-6         4470.
        4480.   7.262195E-6         4490.
        4500.   7.262195E-6         4510.
        4520.   6.354420E-6         4530.
        4540.   6.354420E-6         4550.
        4560.   6.354420E-6         4570.
        4580.   5.446646E-6         4590.
        4600.   5.446646E-6         4610.
        4620.   5.446646E-6         4630.
        4640.   4.538872E-6         4650.
        4660.   4.538872E-6         4670.
        4680.   4.538872E-6         4690.
        4700.   4.538872E-6         4710.
        4720.   4.538872E-6         4730.
        4740.   3.631097E-6         4750.
        4760.   3.631097E-6         4770.
        4780.   3.631097E-6         4790.
        4800.   3.631097E-6         4810.
        4820.   3.631097E-6         4830.
        4840.   2.723323E-6         4850.
        4860.   2.723323E-6         4870.
        4880.   2.723323E-6         4890.
        4900.   2.723323E-6         4910.
        4920.   2.723323E-6         4930.
        4940.   2.723323E-6         4950.
        4960.   2.723323E-6         4970.
        4980.   2.723323E-6         4990.
        5000.   1.815549E-6         5010.
        5020.   1.815549E-6         5030.
        5040.   1.815549E-6         5050.
        5060.   1.815549E-6         5070.
        5080.   1.815549E-6         5090.
        5100.   1.815549E-6         5110.
        5120.   1.815549E-6         5130.
        5140.   1.815549E-6         5150.
        5160.   1.815549E-6         5170.
        5180.   1.815549E-6         5190.
        5200.   1.815549E-6         5210.
        5220.   1.815549E-6         5230.
        5240.   1.815549E-6         5250.
        5260.   1.815549E-6         5270.
        5280.   9.077743E-7         5290.
        5300.   9.077743E-7         5310.
        5320.   9.077743E-7         5330.
        5340.   9.077743E-7         5350.
        5360.   9.077743E-7         5370.
        5380.   9.077743E-7         5390.
        5400.   9.077743E-7         5410.
        5420.   9.077743E-7         5430.
        5440.   9.077743E-7         5450.
        5460.   9.077743E-7         5470.
        5480.   9.077743E-7         5490.
        5500.   9.077743E-7         5510.
        5520.   9.077743E-7         5530.
        5540.   9.077743E-7         5550.
        5560.   9.077743E-7         5570.
        5580.   9.077743E-7         5590.
        5600.   9.077743E-7         5610.
        5620.   9.077743E-7         5630.
        5640.   9.077743E-7         5650.
        5660.   9.077743E-7         5670.
        5680.   9.077743E-7         5690.
        5700.   9.077743E-7         5710.
        5720.   9.077743E-7         5730.
        5740.   9.077743E-7         5750.
        5760.   9.077743E-7         5770.
        5780.   9.077743E-7         5790.
        5800.   9.077743E-7         5810.
        5820.   9.077743E-7         5830.
        5840.   9.077743E-7         5850.
        5860.   9.077743E-7         5870.
        5880.            0.         5890.
        5900.            0.         5910.
        5920.            0.         5930.
        5940.            0.         5950.
        5960.            0.         5970.
        5980.            0.         5990.
        6000.            0.         6010.
        6020.            0.         6030.
        6040.            0.         6050.
        6060.            0.         6070.
        6080.            0.         6090.
        6100.            0.         6110.
        6120.            0.         6130.
        6140.            0.         6150.
        6160.            0.         6170.
        6180.            0.         6190.
        6200.            0.         6210.
        6220.            0.         6230.
        6240.            0.         6250.
        6260.            0.         6270.
        6280.            0.         6290.
        6300.            0.         6310.
        6320.            0.         6330.
        6340.            0.         6350.
        6360.            0.         6370.
        6380.            0.         6390.
        6400.            0.         6410.
        6420.            0.         6430.
        6440.            0.         6450.
        6460.            0.         6470.
        6480.            0.         6490.
        6500.            0.         6510.
        6520.            0.         6530.
        6540.            0.         6550.
        6560.            0.         6570.
        6580.            0.         6590.
        6600.            0.         6610.
        6620.            0.         6630.
        6640.            0.         6650.
        6660.            0.         6670.
        6680.            0.         6690.
        6700.            0.         6710.
        6720.            0.         6730.
        6740.            0.         6750.
        6760.            0.         6770.
        6780.            0.         6790.
        6800.            0.         6810.
        6820.            0.         6830.
        6840.            0.         6850.
        6860.            0.         6870.
        6880.            0.         6890.
        6900.            0.         6910.
        6920.            0.         6930.
        6940.            0.         6950.
        6960.            0.         6970.
        6980.            0.         6990.
        7000.            0.         7010.
        7020.            0.         7030.
        7040.            0.         7050.
        7060.            0.         7070.
        7080.            0.         7090.
        7100.            0.         7110.
        7120.            0.         7130.
        7140.            0.         7150.
        7160.            0.         7170.
        7180.            0.         7190.
        7200.            0.         7210.
        7220.            0.         7230.
        7240.            0.         7250.
        7260.            0.         7270.
        7280.            0.         7290.
        7300.            0.         7310.
        7320.            0.         7330.
        7340.            0.         7350.
        7360.            0.         7370.
        7380.            0.         7390.
        7400.            0.         7410.
        7420.            0.         7430.
        7440.            0.         7450.
        7460.            0.         7470.
        7480.            0.         7490.
        7500.            0.         7510.
        7520.            0.         7530.
        7540.            0.         7550.
        7560.            0.         7570.
        7580.            0.         7590.
        7600.            0.         7610.
        7620.            0.         7630.
        7640.            0.         7650.
        7660.            0.         7670.
        7680.            0.         7690.
        7700.            0.         7710.
        7720.            0.         7730.
        7740.            0.         7750.
        7760.            0.         7770.
        7780.            0.         7790.
        7800.            0.         7810.
        7820.            0.         7830.
        7840.            0.         7850.
        7860.            0.         7870.
        7880.            0.         7890.
        7900.            0.         7910.
        7920.            0.         7930.
        7940.            0.         7950.
        7960.            0.         7970.
        7980.            0.         7990.
        8000.   4.245797E-7         8010.
        8020.   4.340559E-7         8030.
        8040.   4.435322E-7         8050.
        8060.   4.530075E-7         8070.
        8080.   4.624838E-7         8090.
        8100.   4.719600E-7         8110.
        8120.   4.769646E-7         8130.
        8140.   4.819701E-7         8150.
        8160.   4.869755E-7         8170.
        8180.   4.919810E-7         8190.
        8200.   4.969865E-7         8210.
        8220.   5.102954E-7         8230.
        8240.   5.236052E-7         8250.
        8260.   5.369141E-7         8270.
        8280.   5.502238E-7         8290.
        8300.   5.635327E-7         8310.
        8320.   5.751594E-7         8330.
        8340.   5.867863E-7         8350.
        8360.   5.984121E-7         8370.
        8380.   6.100389E-7         8390.
        8400.   6.216657E-7         8410.
        8420.   6.333233E-7         8430.
        8440.   6.449809E-7         8450.
        8460.   6.566386E-7         8470.
        8480.   6.682962E-7         8490.
        8500.   6.799538E-7         8510.
        8520.   6.896961E-7         8530.
        8540.   6.994374E-7         8550.
        8560.   7.091796E-7         8570.
        8580.   7.189219E-7         8590.
        8600.   7.286632E-7         8610.
        8620.   7.305314E-7         8630.
        8640.   7.323995E-7         8650.
        8660.   7.342678E-7         8670.
        8680.   7.361360E-7         8690.
        8700.   7.380033E-7         8710.
        8720.   7.360797E-7         8730.
        8740.   7.341561E-7         8750.
        8760.   7.322325E-7         8770.
        8780.   7.303090E-7         8790.
        8800.   7.283854E-7         8810.
        8820.   7.381095E-7         8830.
        8840.   7.478345E-7         8850.
        8860.   7.575595E-7         8870.
        8880.   7.672845E-7         8890.
        8900.   7.770095E-7         8910.
        8920.   7.656060E-7         8930.
        8940.   7.542034E-7         8950.
        8960.   7.428000E-7         8970.
        8980.   7.313965E-7         8990.
        9000.   7.199930E-7         9010.
        9020.   7.144683E-7         9030.
        9040.   7.089436E-7         9050.
        9060.   7.034198E-7         9070.
        9080.   6.978951E-7         9090.
        9100.   6.923703E-7         9110.
        9120.   6.829840E-7         9130.
        9140.   6.735967E-7         9150.
        9160.   6.642103E-7         9170.
        9180.   6.548230E-7         9190.
        9200.   6.454366E-7         9210.
        9220.   6.497277E-7         9230.
        9240.   6.540187E-7         9250.
        9260.   6.583098E-7         9270.
        9280.   6.626008E-7         9290.
        9300.   6.668919E-7         9310.
        9320.   6.612055E-7         9330.
        9340.   6.555193E-7         9350.
        9360.   6.498329E-7         9370.
        9380.   6.441467E-7         9390.
        9400.   6.384604E-7         9410.
        9420.   6.328576E-7         9430.
        9440.   6.272539E-7         9450.
        9460.   6.216502E-7         9470.
        9480.   6.160465E-7         9490.
        9500.   6.104437E-7         9510.
        9520.   6.136736E-7         9530.
        9540.   6.169035E-7         9550.
        9560.   6.201333E-7         9570.
        9580.   6.233641E-7         9590.
        9600.   6.265939E-7         9610.
        9620.   6.046721E-7         9630.
        9640.   5.827503E-7         9650.
        9660.   5.608284E-7         9670.
        9680.   5.389066E-7         9690.
        9700.   5.169848E-7         9710.
        9720.   5.008155E-7         9730.
        9740.   4.846471E-7         9750.
        9760.   4.684778E-7         9770.
        9780.   4.523095E-7         9790.
        9800.   4.361402E-7         9810.
        9820.   4.346569E-7         9830.
        9840.   4.331736E-7         9850.
        9860.   4.316903E-7         9870.
        9880.   4.302070E-7         9890.
        9900.   4.287237E-7         9910.
        9920.   4.157035E-7         9930.
        9940.   4.026832E-7         9950.
        9960.   3.896630E-7         9970.
        9980.   3.766438E-7         9990.
       10000.   3.636235E-7        10010.
       10020.   3.631887E-7        10030.
       10040.   3.627539E-7        10050.
       10060.   3.623182E-7        10070.
       10080.   3.618833E-7        10090.
       10100.   3.614485E-7        10110.
       10120.            0.        10130.
       10140.            0.        10150.
       10160.   1.815549E-6        10170.
       10180.            0.        10190.
       10200.   9.077743E-7        10210.
       10220.            0.        10230.
       10240.   9.077743E-7        10250.
       10260.   9.077743E-7        10270.
       10280.   1.815549E-6        10290.
       10300.            0.        10310.
       10320.   2.723323E-6        10330.
       10340.            0.        10350.
       10360.   9.077743E-7        10370.
       10380.            0.        10390.
       10400.            0.        10410.
       10420.   2.723323E-6        10430.
       10440.            0.        10450.
       10460.   2.723323E-6        10470.
       10480.            0.        10490.
       10500.            0.        10510.
       10520.   3.631097E-6        10530.
       10540.   4.538872E-6        10550.
       10560.   1.089329E-5        10570.
       10580.            0.        10590.
       10600.   9.077743E-7        10610.
       10620.   9.077743E-7        10630.
       10640.   2.723323E-6        10650.
       10660.            0.        10670.
       10680.            0.        10690.
       10700.   2.723323E-6        10710.
       10720.   9.077743E-7        10730.
       10740.            0.        10750.
       10760.   2.723323E-6        10770.
       10780.            0.        10790.
       10800.   2.723323E-6        10810.
       10820.            0.        10830.
       10840.            0.        10850.
       10860.   9.077743E-7        10870.
       10880.   2.723323E-6        10890.
       10900.   2.723323E-6        10910.
       10920.   9.077743E-7        10930.
       10940.   9.077743E-7        10950.
       10960.   9.077743E-7        10970.
       10980.   9.077743E-7        10990.
       11000.   1.815549E-6         INDEF
