        1850.   4.454531E-6            0.
        1860.   5.084598E-6            0.
        1870.   2.489426E-6            0.
        1880.   3.418004E-6            0.
        1890.   3.966559E-6            0.
        1900.   3.039083E-6            0.
        1910.   2.599578E-6            0.
        1920.   2.594070E-6            0.
        1930.   3.291330E-6            0.
        1940.   3.599754E-6            0.
        1950.   3.531460E-6            0.
        1960.   3.639409E-6            0.
        1970.   3.293533E-6            0.
        1980.   3.166859E-6            0.
        1990.   3.791418E-6            0.
        2000.   3.806839E-6            0.
        2010.   3.310056E-6            0.
        2020.   2.934439E-6            0.
        2030.   2.910205E-6            0.
        2040.   2.785734E-6            0.
        2050.   2.606187E-6            0.
        2060.   2.670075E-6            0.
        2070.   2.871652E-6            0.
        2080.   2.901393E-6            0.
        2090.   2.751587E-6            0.
        2100.   2.660161E-6            0.
        2110.   2.656857E-6            0.
        2120.   2.626014E-6            0.
        2130.   2.555517E-6            0.
        2140.   2.551111E-6            0.
        2150.   2.566532E-6            0.
        2160.   2.569837E-6            0.
        2170.   2.475107E-6            0.
        2180.   2.385884E-6            0.
        2190.   2.407914E-6            0.
        2200.   2.477310E-6            0.
        2210.   2.540096E-6            0.
        2220.   2.427741E-6            0.
        2230.   2.280138E-6            0.
        2240.   2.229468E-6            0.
        2250.   2.237179E-6            0.
        2260.   2.283443E-6            0.
        2270.   2.303270E-6            0.
        2280.   2.231671E-6            0.
        2290.   2.226164E-6            0.
        2300.   2.254803E-6            0.
        2310.   2.234976E-6            0.
        2320.   2.230570E-6            0.
        2330.   2.190915E-6            0.
        2340.   2.177697E-6            0.
        2350.   2.193118E-6            0.
        2360.   2.128129E-6            0.
        2370.   2.020180E-6            0.
        2380.   1.959597E-6            0.
        2390.   1.936465E-6            0.
        2400.   1.871476E-6            0.
        2410.   1.853851E-6            0.
        2420.   1.928755E-6            0.
        2430.   1.960698E-6            0.
        2440.   1.925450E-6            0.
        2450.   1.945277E-6            0.
        2460.   1.979424E-6            0.
        2470.   1.959597E-6            0.
        2480.   1.930958E-6            0.
        2490.   1.926551E-6            0.
        2500.   1.928755E-6            0.
        2510.   1.890201E-6            0.
        2520.   1.860461E-6            0.
        2530.   1.879186E-6            0.
        2540.   1.867070E-6            0.
        2550.   1.863765E-6            0.
        2560.   1.907826E-6            0.
        2570.   1.880288E-6            0.
        2580.   1.793268E-6            0.
        2590.   1.747004E-6            0.
        2600.   1.710654E-6            0.
        2610.   1.718365E-6            0.
        2620.   1.783354E-6            0.
        2630.   1.815298E-6            0.
        2640.   1.775644E-6            0.
        2650.   1.787761E-6            0.
        2660.   1.808689E-6            0.
        2670.   1.747004E-6            0.
        2680.   1.719466E-6            0.
        2690.   1.724974E-6            0.
        2700.   1.676507E-6            0.
        2710.   1.669898E-6            0.
        2720.   1.700741E-6            0.
        2730.   1.674304E-6            0.
        2740.   1.663289E-6            0.
        2750.   1.652274E-6            0.
        2760.   1.634650E-6            0.
        2770.   1.618127E-6            0.
        2780.   1.601604E-6            0.
        2790.   1.600503E-6            0.
        2800.   1.596097E-6            0.
        2810.   1.557544E-6            0.
        2820.   1.533310E-6            0.
        2830.   1.577371E-6            0.
        2840.   1.590589E-6            0.
        2850.   1.607112E-6            0.
        2860.   1.571863E-6            0.
        2870.   1.530006E-6            0.
        2880.   1.524498E-6            0.
        2890.   1.467219E-6            0.
        2900.   1.441884E-6            0.
        2910.   1.476031E-6            0.
        2920.   1.520092E-6            0.
        2930.   1.557544E-6            0.
        2940.   1.588386E-6            0.
        2950.   1.585082E-6            0.
        2960.   1.527803E-6            0.
        2970.   1.465016E-6            0.
        2980.   1.442986E-6            0.
        2990.   1.431971E-6            0.
        3000.   1.472727E-6            0.
        3010.   1.597198E-6            0.
        3020.   1.675406E-6            0.
        3030.   1.655579E-6            0.
        3040.   1.652274E-6            0.
        3050.   1.630244E-6            0.
        3060.   1.582879E-6            0.
        3070.   1.539919E-6            0.
        3080.   1.504671E-6            0.
        3090.   1.572965E-6            0.
        3100.   1.637954E-6            0.
        3110.   1.576269E-6            0.
        3120.   1.513483E-6            0.
        3130.   1.467219E-6            0.
        3140.   1.423159E-6            0.
        3150.   1.472727E-6            0.
        3160.   1.515686E-6            0.
        3170.   1.530006E-6            0.
        3180.   1.618127E-6            0.
        3190.   1.598300E-6            0.
        3200.   1.549833E-6            0.
        3210.   1.601604E-6            0.
        3220.   1.607112E-6            0.
        3230.   1.604909E-6            0.
        3240.   1.556442E-6            0.
        3250.   1.546529E-6            0.
        3260.   1.564153E-6            0.
        3270.   1.487047E-6            0.
        3280.   1.441884E-6            0.
        3290.   1.498062E-6            0.
        3300.   1.512381E-6            0.
        3310.   1.528904E-6            0.
        3320.   1.613721E-6            0.
        3330.   1.641259E-6            0.
        3340.   1.613721E-6            0.
        3350.   1.528904E-6            0.
        3360.   1.522295E-6            0.
        3370.   1.754715E-6            0.
        3380.   1.973917E-6            0.
        3390.   1.914435E-6            0.
        3400.   1.761324E-6            0.
        3410.   1.835126E-6            0.
        3420.   1.880288E-6            0.
        3430.   1.766832E-6            0.
        3440.   1.645665E-6            0.
        3450.   1.685319E-6            0.
        3460.   1.773441E-6            0.
        3470.   1.793268E-6            0.
        3480.   1.765730E-6            0.
        3490.   1.751410E-6            0.
        3500.   1.709553E-6            0.
        3510.   1.693030E-6            0.
        3520.   1.743700E-6            0.
        3530.   1.733786E-6            0.
        3540.   1.689726E-6            0.
        3550.   1.682015E-6            0.
        3560.   1.698538E-6            0.
        3570.   1.724974E-6            0.
        3580.   1.756918E-6            0.
        3590.   1.774542E-6            0.
        3600.   1.733786E-6            0.
        3610.   1.717263E-6            0.
        3620.   1.756918E-6            0.
        3630.   1.738192E-6            0.
        3640.   1.712857E-6            0.
        3650.   1.715060E-6            0.
        3660.   1.718365E-6            0.
        3670.   1.699639E-6            0.
        3680.   1.659985E-6            0.
        3690.   1.665492E-6            0.
        3700.   1.664391E-6            0.
        3710.   1.664391E-6            0.
        3720.   1.716162E-6            0.
        3730.   1.711756E-6            0.
        3740.   1.658883E-6            0.
        3750.   1.641259E-6            0.
        3760.   1.644563E-6            0.
        3770.   1.634650E-6            0.
        3780.   1.613721E-6            0.
        3790.   1.608213E-6            0.
        3800.   1.617026E-6            0.
        3810.   1.669898E-6            0.
        3820.   1.655579E-6            0.
        3830.   1.598300E-6            0.
        3840.   1.623635E-6            0.
        3850.   1.646766E-6            0.
        3860.   1.628041E-6            0.
        3870.   1.632447E-6            0.
        3880.   1.659985E-6            0.
        3890.   1.683116E-6            0.
        3900.   1.646766E-6            0.
        3910.   1.598300E-6            0.
        3920.   1.599401E-6            0.
        3930.   1.639056E-6            0.
        3940.   1.645665E-6            0.
        3950.   1.656680E-6            0.
        3960.   1.667695E-6            0.
        3970.   1.659985E-6            0.
        3980.   1.666594E-6            0.
        3990.   1.677609E-6            0.
        4000.   1.685319E-6            0.
        4010.   1.695233E-6            0.
        4020.   1.668797E-6            0.
        4030.   1.625838E-6            0.
        4040.   1.625838E-6            0.
        4050.   1.645665E-6            0.
        4060.   1.647868E-6            0.
        4070.   1.639056E-6            0.
        4080.   1.656680E-6            0.
        4090.   1.688624E-6            0.
        4100.   1.690827E-6            0.
        4110.   1.685319E-6            0.
        4120.   1.652274E-6            0.
        4130.   1.625838E-6            0.
        4140.   1.655579E-6            0.
        4150.   1.657782E-6            0.
        4160.   1.612619E-6            0.
        4170.   1.606010E-6            0.
        4180.   1.619229E-6            0.
        4190.   1.610416E-6            0.
        4200.   1.618127E-6            0.
        4210.   1.641259E-6            0.
        4220.   1.643462E-6            0.
        4230.   1.623635E-6            0.
        4240.   1.611518E-6            0.
        4250.   1.579574E-6            0.
        4260.   1.535513E-6            0.
        4270.   1.526701E-6            0.
        4280.   1.481539E-6            0.
        4290.   1.389012E-6            0.
        4300.   1.249119E-6            0.
        4310.   1.087417E-6            0.
        4320.   9.165715E-7            0.
        4330.   7.499121E-7            0.
        4340.   6.547411E-7            0.
        4350.   5.844644E-7            0.
        4360.   6.350240E-7            0.
        4370.   9.286882E-7            0.
        4380.   1.343849E-6            0.
        4390.   1.820806E-6            0.
        4400.   2.248194E-6            0.
        4410.   2.542299E-6            0.
        4420.   2.629319E-6            0.
        4430.   2.547807E-6            0.
        4440.   2.375970E-6            0.
        4450.   2.141347E-6            0.
        4460.   1.949683E-6            0.
        4470.   1.785558E-6            0.
        4480.   1.642360E-6            0.
        4490.   1.590589E-6            0.
        4500.   1.617026E-6            0.
        4510.   1.645665E-6            0.
        4520.   1.632447E-6            0.
        4530.   1.617026E-6            0.
        4540.   1.626939E-6            0.
        4550.   1.647868E-6            0.
        4560.   1.686421E-6            0.
        4570.   1.713959E-6            0.
        4580.   1.726076E-6            0.
        4590.   1.713959E-6            0.
        4600.   1.727177E-6            0.
        4610.   1.748106E-6            0.
        4620.   1.763527E-6            0.
        4630.   1.811994E-6            0.
        4640.   1.828516E-6            0.
        4650.   1.816400E-6            0.
        4660.   1.802080E-6            0.
        4670.   1.808689E-6            0.
        4680.   1.831821E-6            0.
        4690.   1.807588E-6            0.
        4700.   1.811994E-6            0.
        4710.   1.854953E-6            0.
        4720.   1.859359E-6            0.
        4730.   1.870374E-6            0.
        4740.   1.924348E-6            0.
        4750.   1.937567E-6            0.
        4760.   1.899014E-6            0.
        4770.   1.915536E-6            0.
        4780.   1.961800E-6            0.
        4790.   1.986033E-6            0.
        4800.   1.987135E-6            0.
        4810.   1.993744E-6            0.
        4820.   2.010267E-6            0.
        4830.   2.071952E-6            0.
        4840.   2.150159E-6            0.
        4850.   2.218453E-6            0.
        4860.   2.323097E-6            0.
        4870.   2.568735E-6            0.
        4880.   3.153640E-6            0.
        4952.   8.178757E-6            0.
        4954.   3.002733E-5            0.
        4960.   3.002733E-5            0.
        4962.   1.102618E-4            0.
        4964.   1.102618E-4            0.
        4966.   2.203032E-4            0.
        4968.   2.591867E-4            0.
        4970.   3.305649E-4            0.
        4972.   4.549261E-4            0.
        4974.   7.446249E-4            0.
        4976.   0.001183028            0.
        4978.   0.001991541            0.
        4980.   0.003290228            0.
        4982.   0.005856761            0.
        4984.    0.01104821            0.
        4986.    0.02136941            0.
        4988.    0.04167035            0.
        4990.    0.08153421            0.
        4992.     0.1545427            0.
        4994.     0.2710831            0.
        4996.     0.4208893            0.
        4998.     0.5478941            0.
        5000.     0.6116719            0.
        5002.     0.6288555            0.
        5004.     0.6332615            0.
        5006.     0.6360154            0.
        5008.     0.6374473            0.
        5010.      0.637227            0.
        5012.     0.6331514            0.
        5014.     0.6237885            0.
        5016.     0.6100196            0.
        5018.     0.5927258            0.
        5020.     0.5757625            0.
        5022.     0.5622138            0.
        5024.     0.5545032            0.
        5026.     0.5416154            0.
        5028.     0.4978852            0.
        5030.     0.3882844            0.
        5032.     0.2321996            0.
        5034.     0.1125749            0.
        5036.    0.05105526            0.
        5038.    0.02394696            0.
        5040.    0.01203957            0.
        5042.   0.006406417            0.
        5044.   0.003620683            0.
        5046.   0.002095083            0.
        5048.    0.00131521            0.
        5050.   8.328562E-4            0.
        5052.   5.925055E-4            0.
        5054.   3.708804E-4            0.
        5056.   2.591867E-4            0.
        5058.   1.918841E-4            0.
        5060.   1.671000E-4            0.
        5062.   1.102618E-4            0.
        5064.   3.002733E-5            0.
        5074.   8.178757E-6            0.
        5100.   3.347507E-6            0.
        5110.   2.605085E-6            0.
        5120.   2.313184E-6            0.
        5130.   2.128129E-6            0.
        5140.   1.997048E-6            0.
        5150.   1.955191E-6            0.
        5160.   1.972815E-6            0.
        5170.   1.990439E-6            0.
        5180.   1.966206E-6            0.
        5190.   1.917739E-6            0.
        5200.   1.887998E-6            0.
        5210.   1.865968E-6            0.
        5220.   1.852750E-6            0.
        5230.   1.835126E-6            0.
        5240.   1.856054E-6            0.
        5250.   1.895709E-6            0.
        5260.   1.896811E-6            0.
        5270.   1.886897E-6            0.
        5280.   1.917739E-6            0.
        5290.   1.955191E-6            0.
        5300.   1.941973E-6            0.
        5310.   1.919942E-6            0.
        5320.   1.886897E-6            0.
        5330.   1.868171E-6            0.
        5340.   1.868171E-6            0.
        5350.   1.899014E-6            0.
        5360.   1.924348E-6            0.
        5370.   1.857156E-6            0.
        5380.   1.783354E-6            0.
        5390.   1.743700E-6            0.
        5400.   1.772339E-6            0.
        5410.   1.800979E-6            0.
        5420.   1.775644E-6            0.
        5430.   1.794370E-6            0.
        5440.   1.811994E-6            0.
        5450.   1.740395E-6            0.
        5460.   1.673203E-6            0.
        5470.   1.662188E-6            0.
        5480.   1.720568E-6            0.
        5490.   1.767933E-6            0.
        5500.   1.744801E-6            0.
        5510.   1.711756E-6            0.
        5520.   1.713959E-6            0.
        5530.   1.690827E-6            0.
        5540.   1.678710E-6            0.
        5550.   1.687523E-6            0.
        5560.   1.654477E-6            0.
        5570.   1.625838E-6            0.
        5580.   1.641259E-6            0.
        5590.   1.659985E-6            0.
        5600.   1.647868E-6            0.
        5610.   1.618127E-6            0.
        5620.   1.607112E-6            0.
        5630.   1.602706E-6            0.
        5640.   1.614822E-6            0.
        5650.   1.672101E-6            0.
        5660.   1.737091E-6            0.
        5670.   1.820806E-6            0.
        5680.   1.926551E-6            0.
        5690.   1.842836E-6            0.
        5700.   1.536615E-6            0.
        5710.   1.515686E-6            0.
        5720.   1.494757E-6            0.
        5730.   1.501366E-6            0.
        5740.   1.505772E-6            0.
        5750.   1.481539E-6            0.
        5760.   1.495859E-6            0.
        5770.   1.507975E-6            0.
        5780.   1.494757E-6            0.
        5790.   1.491453E-6            0.
        5800.   1.499163E-6            0.
        5810.   1.499163E-6            0.
        5820.   1.478234E-6            0.
        5830.   1.450697E-6            0.
        5840.   1.456204E-6            0.
        5850.   1.476031E-6            0.
        5860.   1.458407E-6            0.
        5870.   1.425362E-6            0.
        5880.   1.447392E-6            0.
        5890.   1.481539E-6            0.
        5900.   1.462813E-6            0.
        5910.   1.419854E-6            0.
        5920.   1.425362E-6            0.
        5930.   1.433072E-6            0.
        5940.   1.449595E-6            0.
        5950.   1.456204E-6            0.
        5960.   1.458407E-6            0.
        5970.   1.465016E-6            0.
        5980.   1.461712E-6            0.
        5990.   1.459509E-6            0.
        6000.   1.469422E-6            0.
        6010.   1.459509E-6            0.
        6020.   1.446291E-6            0.
        6030.   1.434174E-6            0.
        6040.   1.429768E-6            0.
        6050.   1.446291E-6            0.
        6060.   1.449595E-6            0.
        6070.   1.431971E-6            0.
        6080.   1.428666E-6            0.
        6090.   1.478234E-6            0.
        6100.   1.489250E-6            0.
        6110.   1.456204E-6            0.
        6120.   1.444088E-6            0.
        6130.   1.448494E-6            0.
        6140.   1.444088E-6            0.
        6150.   1.429768E-6            0.
        6160.   1.422057E-6            0.
        6170.   1.442986E-6            0.
        6180.   1.438580E-6            0.
        6190.   1.440783E-6            0.
        6200.   1.451798E-6            0.
        6210.   1.462813E-6            0.
        6220.   1.463915E-6            0.
        6230.   1.439681E-6            0.
        6240.   1.409941E-6            0.
        6250.   1.419854E-6            0.
        6260.   1.439681E-6            0.
        6270.   1.450697E-6            0.
        6280.   1.460610E-6            0.
        6290.   1.457306E-6            0.
        6300.   1.440783E-6            0.
        6310.   1.434174E-6            0.
        6320.   1.445189E-6            0.
        6330.   1.454001E-6            0.
        6340.   1.457306E-6            0.
        6350.   1.473828E-6            0.
        6360.   1.498062E-6            0.
        6370.   1.523397E-6            0.
        6380.   1.549833E-6            0.
        6390.   1.557544E-6            0.
        6400.   1.549833E-6            0.
        6410.   1.538818E-6            0.
        6420.   1.548732E-6            0.
        6430.   1.546529E-6            0.
        6440.   1.511280E-6            0.
        6450.   1.493656E-6            0.
        6460.   1.476031E-6            0.
        6470.   1.463915E-6            0.
        6480.   1.438580E-6            0.
        6490.   1.411042E-6            0.
        6500.   1.405534E-6            0.
        6510.   1.415448E-6            0.
        6520.   1.424260E-6            0.
        6530.   1.439681E-6            0.
        6540.   1.461712E-6            0.
        6550.   1.469422E-6            0.
        6560.   1.466118E-6            0.
        6570.   1.479336E-6            0.
        6580.   1.491453E-6            0.
        6590.   1.455103E-6            0.
        6600.   1.440783E-6            0.
        6610.   1.462813E-6            0.
        6620.   1.461712E-6            0.
        6630.   1.434174E-6            0.
        6640.   1.416550E-6            0.
        6650.   1.411042E-6            0.
        6660.   1.385707E-6            0.
        6670.   1.362575E-6            0.
        6680.   1.381301E-6            0.
        6690.   1.385707E-6            0.
        6700.   1.364778E-6            0.
        6710.   1.357068E-6            0.
        6720.   1.346053E-6            0.
        6730.   1.331733E-6            0.
        6740.   1.327327E-6            0.
        6750.   1.326225E-6            0.
        6760.   1.337240E-6            0.
        6770.   1.360372E-6            0.
        6780.   1.368083E-6            0.
        6790.   1.361474E-6            0.
        6800.   1.363677E-6            0.
        6810.   1.351560E-6            0.
        6820.   1.339443E-6            0.
        6830.   1.357068E-6            0.
        6840.   1.359271E-6            0.
        6850.   1.366981E-6            0.
        6860.   1.380200E-6            0.
        6870.   1.384606E-6            0.
        6880.   1.368083E-6            0.
        6890.   1.376895E-6            0.
        6900.   1.392316E-6            0.
        6910.   1.380200E-6            0.
        6920.   1.386809E-6            0.
        6930.   1.403331E-6            0.
        6940.   1.411042E-6            0.
        6950.   1.400027E-6            0.
        6960.   1.386809E-6            0.
        6970.   1.406636E-6            0.
        6980.   1.431971E-6            0.
        6990.   1.404433E-6            0.
        7000.   1.372489E-6            0.
        7010.   1.374692E-6            0.
        7020.   1.400027E-6            0.
        7030.   1.406636E-6            0.
        7040.   1.401128E-6            0.
        7050.   1.403331E-6            0.
        7060.   1.425362E-6            0.
        7070.   1.423159E-6            0.
        7080.   1.402230E-6            0.
        7090.   1.402230E-6            0.
        7100.   1.422057E-6            0.
        7110.   1.405534E-6            0.
        7120.   1.384606E-6            0.
        7130.   1.384606E-6            0.
        7140.   1.381301E-6            0.
        7150.   1.396722E-6            0.
        7160.   1.409941E-6            0.
        7170.   1.434174E-6            0.
        7180.   1.452900E-6            0.
        7190.   1.461712E-6            0.
        7200.   1.440783E-6            0.
        7210.   1.415448E-6            0.
        7220.   1.441884E-6            0.
        7230.   1.474930E-6            0.
        7240.   1.437478E-6            0.
        7250.   1.397824E-6            0.
        7260.   1.409941E-6            0.
        7270.   1.438580E-6            0.
        7280.   1.446291E-6            0.
        7290.   1.426463E-6            0.
        7300.   1.414346E-6            0.
        7310.   1.415448E-6            0.
        7320.   1.428666E-6            0.
        7330.   1.441884E-6            0.
        7340.   1.433072E-6            0.
        7350.   1.431971E-6            0.
        7360.   1.448494E-6            0.
        7370.   1.438580E-6            0.
        7380.   1.428666E-6            0.
        7390.   1.420956E-6            0.
        7400.   1.422057E-6            0.
        7410.   1.440783E-6            0.
        7420.   1.435275E-6            0.
        7430.   1.411042E-6            0.
        7440.   1.426463E-6            0.
        7450.   1.431971E-6            0.
        7460.   1.420956E-6            0.
        7470.   1.433072E-6            0.
        7480.   1.418753E-6            0.
        7490.   1.407737E-6            0.
        7500.   1.458407E-6            0.
        7510.   1.493656E-6            0.
        7520.   1.457306E-6            0.
        7530.   1.440783E-6            0.
        7540.   1.469422E-6            0.
        7550.   1.474930E-6            0.
        7560.   1.463915E-6            0.
        7570.   1.460610E-6            0.
        7580.   1.460610E-6            0.
        7590.   1.455103E-6            0.
        7600.   1.434174E-6            0.
        7610.   1.435275E-6            0.
        7620.   1.451798E-6            0.
        7630.   1.451798E-6            0.
        7640.   1.435275E-6            0.
        7650.   1.423159E-6            0.
        7660.   1.444088E-6            0.
        7670.   1.448494E-6            0.
        7680.   1.447392E-6            0.
        7690.   1.418753E-6            0.
        7700.   1.390113E-6            0.
        7710.   1.418753E-6            0.
        7720.   1.436377E-6            0.
        7730.   1.422057E-6            0.
        7740.   1.430869E-6            0.
        7750.   1.431971E-6            0.
        7760.   1.456204E-6            0.
        7770.   1.517889E-6            0.
        7780.   1.548732E-6            0.
        7790.   1.535513E-6            0.
        7800.   1.521194E-6            0.
        7810.   1.515686E-6            0.
        7820.   1.506874E-6            0.
        7830.   1.513483E-6            0.
        7840.   1.539919E-6            0.
        7850.   1.556442E-6            0.
        7860.   1.525600E-6            0.
        7870.   1.493656E-6            0.
        7880.   1.515686E-6            0.
        7890.   1.547630E-6            0.
        7900.   1.566356E-6            0.
        7910.   1.554239E-6            0.
        7920.   1.525600E-6            0.
        7930.   1.510179E-6            0.
        7940.   1.513483E-6            0.
        7950.   1.524498E-6            0.
        7960.   1.566356E-6            0.
        7970.   1.686421E-6            0.
        7980.   1.823009E-6            0.
        7990.   1.862664E-6            0.
        8000.   8.807722E-6            0.
        8010.   1.297586E-5            0.
        8020.   1.104821E-5            0.
        8030.   1.016479E-5            0.
        8040.   1.202855E-5            0.
        8050.   1.325124E-5            0.
        8060.   1.586183E-5            0.
        8070.   1.803182E-5            0.
        8080.   1.553138E-5            0.
        8090.   1.140069E-5            0.
        8100.   8.865001E-6            0.
        8110.   4.967837E-6            0.
        8120.   4.976650E-6            0.
        8130.   4.152715E-6            0.
        8140.   5.062568E-6            0.
        8150.   7.361431E-6            0.
        8160.   8.016834E-6            0.
        8170.   1.441884E-5            0.
        8180.   1.262337E-5            0.
        8190.   7.690785E-6            0.
        8200.   6.088079E-6            0.
        8210.   8.374826E-6            0.
        8220.   1.335038E-5            0.
        8230.   6.502249E-6            0.
        8240.   1.393418E-6            0.
        8250.   8.871610E-7            0.
        8260.   7.255686E-7            0.
        8270.   2.044414E-6            0.
        8280.   9.455413E-6            0.
        8290.   1.172013E-5            0.
        8300.   1.172013E-5            0.
        8310.   8.361609E-6            0.
        8320.   5.954796E-6            0.
        8330.   1.837329E-6            0.
        8340.   7.932017E-7            0.
        8350.   2.432147E-6            0.
        8360.   5.498768E-6            0.
        8370.   2.068647E-6            0.
        8380.   1.119140E-6            0.
        8390.   9.291288E-7            0.
        8400.   2.013571E-6            0.
        8410.   4.136193E-6            0.
        8420.   3.701094E-6            0.
        8430.   5.824817E-6            0.
        8440.   7.134519E-6            0.
        8450.   6.746785E-6            0.
        8460.   5.903024E-6            0.
        8470.   7.116895E-6            0.
        8480.   3.280315E-6            0.
        8490.   1.417651E-6            0.
        8500.   1.744801E-6            0.
        8510.   4.141700E-6            0.
        8520.   7.669856E-6            0.
        8530.   4.325653E-6            0.
        8540.   1.774542E-6            0.
        8550.   2.646943E-6            0.
        8560.   5.195851E-6            0.
        8570.   5.829223E-6            0.
        8580.   6.048424E-6            0.
        8590.   6.892186E-6            0.
        8600.   4.983258E-6            0.
        8610.   1.839532E-6            0.
        8620.   1.860461E-6            0.
        8630.   4.324552E-6            0.
        8640.   8.690961E-6            0.
        8650.   1.099974E-5            0.
        8660.   6.924130E-6            0.
        8670.   3.589841E-6            0.
        8680.   3.288025E-6            0.
        8690.   5.315916E-6            0.
        8700.   4.214400E-6            0.
        8710.   2.569837E-6            0.
        8720.   4.239736E-6            0.
        8730.   5.792872E-6            0.
        8740.   5.042740E-6            0.
        8750.   4.619758E-6            0.
        8760.   5.278464E-6            0.
        8770.   3.343101E-6            0.
        8780.   2.865043E-6            0.
        8790.   6.762207E-6            0.
        8800.   7.098169E-6            0.
        8810.   4.614250E-6            0.
        8820.   5.741101E-6            0.
        8830.   4.961228E-6            0.
        8840.   4.225416E-6            0.
        8850.   4.692458E-6            0.
        8860.   3.210919E-6            0.
        8870.   2.670075E-6            0.
        8880.   5.906329E-6            0.
        8890.   5.458012E-6            0.
        8900.   1.719466E-6            0.
        8910.   2.252600E-6            0.
        8920.   4.049173E-6            0.
        8930.   3.251675E-6            0.
        8940.   4.313536E-6            0.
        8950.   4.229821E-6            0.
        8960.   9.547941E-7            0.
        8970.   1.025401E-6            0.
        8980.   3.829971E-6            0.
        8990.   3.339796E-6            0.
        9000.   2.138042E-6            0.
        9010.   1.592792E-6            0.
        9020.   1.924348E-6            0.
        9030.   5.607818E-6            0.
        9040.   4.941401E-6            0.
        9050.   2.502645E-6            0.
        9060.   4.733214E-6            0.
        9070.   8.053184E-6            0.
        9080.   2.938845E-6            0.
        9090.   1.001168E-6            0.
        9100.   2.448670E-6            0.
        9110.   5.976826E-6            0.
        9120.   5.999958E-6            0.
        9130.   3.837682E-6            0.
        9140.   7.578430E-7            0.
        9150.   3.674658E-7            0.
        9160.   4.829046E-7            0.
        9170.   1.141171E-6            0.
        9180.   4.864295E-6            0.
        9190.   7.348213E-6            0.
        9200.   7.196204E-6            0.
        9210.   5.438184E-6            0.
        9220.   1.740395E-6            0.
        9230.   8.394654E-7            0.
        9240.   1.176419E-6            0.
        9250.   2.733963E-6            0.
        9260.   6.015379E-6            0.
        9270.   6.094688E-6            0.
        9280.   6.494538E-6            0.
        9290.   5.047147E-6            0.
        9300.   4.517317E-6            0.
        9310.   1.832923E-6            0.
        9320.   1.764629E-6            0.
        9330.   5.878791E-6            0.
        9340.   7.970570E-6            0.
        9350.   5.491057E-6            0.
        9360.   2.157870E-6            0.
        9370.   2.479513E-6            0.
        9380.   5.362180E-6            0.
        9390.   3.317766E-6            0.
        9400.   2.915713E-6            0.
        9410.   3.094159E-6            0.
        9420.   1.219378E-6            0.
        9430.   1.491453E-6            0.
        9440.   2.425538E-6            0.
        9450.   2.184306E-6            0.
        9460.   1.143374E-6            0.
        9470.   1.448494E-6            0.
        9480.   1.428666E-6            0.
        9490.   4.293709E-7            0.
        9500.   9.069883E-7            0.
        9510.   4.239736E-6            0.
        9520.   6.168490E-6            0.
        9530.   3.716515E-6            0.
        9540.   2.947657E-6            0.
        9550.   3.577724E-6            0.
        9560.   4.268375E-6            0.
        9570.   4.840061E-6            0.
        9580.   3.636105E-6            0.
        9590.   4.262867E-6            0.
        9600.   6.583761E-6            0.
        9610.   4.011721E-6            0.
        9620.   1.853851E-6            0.
        9630.   4.832351E-6            0.
        9640.   9.677919E-6            0.
        9650.   5.548336E-6            0.
        9660.   2.071952E-6            0.
        9670.   9.773752E-7            0.
        9680.   3.116189E-6            0.
        9690.   1.062633E-5            0.
        9700.   1.113633E-5            0.
        9710.   7.402187E-6            0.
        9720.   5.406241E-6            0.
        9730.   3.763880E-6            0.
        9740.   2.613897E-6            0.
        9750.   1.667695E-6            0.
        9760.   2.333011E-6            0.
        9770.   4.647296E-6            0.
        9780.   3.962153E-6            0.
        9790.   4.213299E-6            0.
        9800.   6.045120E-6            0.
        9810.   7.408797E-6            0.
        9820.   7.222640E-6            0.
        9830.   5.257536E-6            0.
        9840.   2.603984E-6            0.
        9850.   1.599401E-6            0.
        9860.   1.069462E-6            0.
        9870.   7.785515E-7            0.
        9880.   1.397824E-6            0.
        9890.   3.621785E-6            0.
        9900.   4.596626E-6            0.
        9910.   6.394300E-6            0.
        9920.   5.367687E-6            0.
        9930.   1.348256E-6            0.
        9940.   7.886854E-7            0.
        9950.   1.473828E-6            0.
        9960.   1.708451E-6            0.
        9970.   3.036880E-6            0.
        9980.   7.913291E-6            0.
        9990.   4.981055E-6            0.
       10000.   1.994845E-6            0.
       10010.   1.390113E-6            0.
       10020.   1.981627E-6            0.
       10030.   4.758549E-6            0.
       10040.   5.217881E-6            0.
       10050.   4.573495E-6            0.
       10060.   6.650953E-6            0.
       10070.   4.554769E-6            0.
       10080.   1.832923E-6            0.
       10090.   1.439681E-6            0.
       10100.   3.863016E-6            0.
       10110.   8.174350E-6            0.
       10120.   8.653509E-6            0.
       10130.   8.168842E-6            0.
       10140.   6.861343E-6            0.
       10150.   7.022164E-6            0.
       10160.   6.752293E-6            0.
       10170.   4.149411E-6            0.
       10180.   1.326225E-6            0.
       10190.   6.116719E-7            0.
       10200.   2.525776E-6            0.
       10210.   5.017405E-6            0.
       10220.   2.134738E-6            0.
       10230.   4.172543E-6            0.
       10240.   6.480219E-6            0.
       10250.   7.166463E-6            0.
       10260.   5.524103E-6            0.
       10270.   1.755816E-6            0.
       10280.   1.588386E-6            0.
       10290.   2.355041E-6            0.
       10300.   1.914435E-6            0.
       10310.   3.872930E-6            0.
       10320.   4.920472E-6            0.
       10330.   2.902495E-6            0.
       10340.   3.358522E-6            0.
       10350.   3.838783E-6            0.
       10360.   2.378173E-6            0.
       10370.   2.345128E-6            0.
       10380.   1.906724E-6            0.
       10390.   1.528904E-6            0.
       10400.   3.279213E-6            0.
       10410.   4.598829E-6            0.
       10420.   2.553314E-6            0.
       10430.   9.814507E-7            0.
       10440.   1.997048E-6            0.
       10450.   2.801155E-6            0.
       10460.   3.406989E-6            0.
       10470.   5.947085E-6            0.
       10480.   4.690255E-6            0.
       10490.   1.749208E-6            0.
       10500.   1.563051E-6            0.
       10510.   3.236254E-6            0.
       10520.   4.705676E-6            0.
       10530.   5.900822E-6            0.
       10540.   6.342529E-6            0.
       10550.   4.874209E-6            0.
       10560.   6.828298E-6            0.
       10570.   8.171046E-6            0.
       10580.   4.285998E-6            0.
       10590.   2.949860E-6            0.
       10600.   4.319044E-6            0.
       10610.   3.558998E-6            0.
       10620.   2.307676E-6            0.
       10630.   1.858258E-6            0.
       10640.   9.848654E-7            0.
       10650.   1.646766E-6            0.
       10660.   3.425715E-6            0.
       10670.   2.894784E-6            0.
       10680.   2.802257E-6            0.
       10690.   2.389188E-6            0.
       10700.   2.717440E-6            0.
       10710.   5.711361E-6            0.
       10720.   6.360153E-6            0.
       10730.   2.691004E-6            0.
       10740.   2.197525E-6            0.
       10750.   3.511633E-6            0.
       10760.   4.046970E-6            0.
       10770.   4.404963E-6            0.
       10780.   2.900292E-6            0.
       10790.   3.113986E-6            0.
       10800.   4.907254E-6            0.
       10810.   6.390996E-6            0.
       10820.   5.629849E-6            0.
       10830.   5.791771E-6            0.
       10840.   5.204663E-6            0.
       10850.   4.572393E-6            0.
       10860.   3.258285E-6            0.
       10870.   2.134738E-6            0.
       10880.   2.362752E-6            0.
       10890.   2.098388E-6            0.
       10900.   1.505772E-6            0.
       10910.   7.438537E-7            0.
       10920.   5.812700E-7            0.
       10930.   6.841516E-7            0.
       10940.   1.030799E-6            0.
       10950.   2.398000E-6            0.
       10960.   3.866321E-6            0.
       10970.   3.470877E-6            0.
       10980.   1.766832E-6            0.
       10990.   2.073053E-6            0.
       11000.   3.636105E-6            0.
