Wave   A_eff    LL_mode_BEF  Low_Res_BEF Low_Res_St_BEF Med_Res_BEF Med_Res_St_BEF
1000       0.     5.38e-14     1.08e-12     3.23e-12     9.69e-12     1.62e-11
1010     157.     3.88e-17     7.76e-16     2.33e-15     6.99e-15     1.16e-14
1020    3937.     1.52e-18     3.03e-17     9.10e-17     2.73e-16     4.55e-16
1030   23370.     2.51e-19     5.01e-18     1.50e-17     4.51e-17     7.52e-17
1040   48467.     1.18e-19     2.37e-18     7.11e-18     2.13e-17     3.55e-17
1050   60509.     9.31e-20     1.86e-18     5.59e-18     1.68e-17     2.79e-17
1060   69922.     7.91e-20     1.58e-18     4.74e-18     1.42e-17     2.37e-17
1070   80887.     6.71e-20     1.34e-18     4.02e-18     1.21e-17     2.01e-17
1080   91892.     5.80e-20     1.16e-18     3.48e-18     1.04e-17     1.74e-17
1090  100747.     5.19e-20     1.04e-18     3.11e-18     9.34e-18     1.56e-17
1100  107248.     4.79e-20     9.57e-19     2.87e-18     8.62e-18     1.44e-17
1110  110606.     4.56e-20     9.12e-19     2.73e-18     8.20e-18     1.37e-17
1120  112297.     4.41e-20     8.82e-19     2.65e-18     7.94e-18     1.32e-17
1130  112411.     4.33e-20     8.66e-19     2.60e-18     7.79e-18     1.30e-17
1140  111585.     4.28e-20     8.57e-19     2.57e-18     7.71e-18     1.29e-17
1150  110372.     4.26e-20     8.51e-19     2.55e-18     7.66e-18     1.28e-17
1160  109630.     4.21e-20     8.42e-19     2.53e-18     7.58e-18     1.26e-17
1170  110090.     4.12e-20     8.24e-19     2.47e-18     7.42e-18     1.24e-17
1180  109690.     4.07e-20     8.13e-19     2.44e-18     7.32e-18     1.22e-17
1190  107146.     4.09e-20     8.19e-19     2.46e-18     7.37e-18     1.23e-17
1200  102547.     4.21e-20     8.41e-19     2.52e-18     7.57e-18     1.26e-17
1210   97225.     4.36e-20     8.73e-19     2.62e-18     7.85e-18     1.31e-17
1220   92034.     4.53e-20     9.07e-19     2.72e-18     8.16e-18     1.36e-17
1230   87029.     4.72e-20     9.44e-19     2.83e-18     8.49e-18     1.42e-17
1240   82251.     4.91e-20     9.82e-19     2.95e-18     8.84e-18     1.47e-17
1250   77344.     5.14e-20     1.03e-18     3.08e-18     9.25e-18     1.54e-17
1260   72185.     5.42e-20     1.08e-18     3.25e-18     9.76e-18     1.63e-17
1270   66807.     5.76e-20     1.15e-18     3.46e-18     1.04e-17     1.73e-17
1280   61706.     6.14e-20     1.23e-18     3.69e-18     1.11e-17     1.84e-17
1290   57030.     6.55e-20     1.31e-18     3.93e-18     1.18e-17     1.96e-17
1300   52808.     6.96e-20     1.39e-18     4.18e-18     1.25e-17     2.09e-17
1310   49060.     7.38e-20     1.48e-18     4.43e-18     1.33e-17     2.21e-17
1320   45963.     7.76e-20     1.55e-18     4.65e-18     1.40e-17     2.33e-17
1330   43408.     8.09e-20     1.62e-18     4.85e-18     1.46e-17     2.43e-17
1340   41179.     8.40e-20     1.68e-18     5.04e-18     1.51e-17     2.52e-17
1350   39208.     8.69e-20     1.74e-18     5.22e-18     1.56e-17     2.61e-17
1360   37470.     8.96e-20     1.79e-18     5.38e-18     1.61e-17     2.69e-17
1370   35948.     9.21e-20     1.84e-18     5.52e-18     1.66e-17     2.76e-17
1380   34400.     9.48e-20     1.90e-18     5.69e-18     1.71e-17     2.84e-17
1390   32803.     9.80e-20     1.96e-18     5.88e-18     1.76e-17     2.94e-17
1400   31164.     1.02e-19     2.03e-18     6.10e-18     1.83e-17     3.05e-17
1410   29760.     1.05e-19     2.10e-18     6.30e-18     1.89e-17     3.15e-17
1420   28615.     1.08e-19     2.15e-18     6.46e-18     1.94e-17     3.23e-17
1430   27705.     1.10e-19     2.19e-18     6.58e-18     1.97e-17     3.29e-17
1440   26828.     1.12e-19     2.23e-18     6.70e-18     2.01e-17     3.35e-17
1450   25961.     1.14e-19     2.28e-18     6.83e-18     2.05e-17     3.41e-17
1460   25348.     1.15e-19     2.30e-18     6.90e-18     2.07e-17     3.45e-17
1470   24975.     1.15e-19     2.30e-18     6.91e-18     2.07e-17     3.45e-17
1480   24834.     1.14e-19     2.28e-18     6.85e-18     2.06e-17     3.43e-17
1490   24685.     1.13e-19     2.27e-18     6.80e-18     2.04e-17     3.40e-17
1500   24525.     1.13e-19     2.25e-18     6.75e-18     2.03e-17     3.38e-17
1510   24352.     1.12e-19     2.24e-18     6.71e-18     2.01e-17     3.36e-17
1520   24165.     1.11e-19     2.23e-18     6.68e-18     2.00e-17     3.34e-17
1530   23920.     1.11e-19     2.22e-18     6.66e-18     2.00e-17     3.33e-17
1540   23576.     1.11e-19     2.22e-18     6.67e-18     2.00e-17     3.33e-17
1550   23137.     1.12e-19     2.24e-18     6.71e-18     2.01e-17     3.35e-17
1560   22650.     1.13e-19     2.25e-18     6.76e-18     2.03e-17     3.38e-17
1570   22162.     1.14e-19     2.27e-18     6.82e-18     2.05e-17     3.41e-17
1580   21673.     1.15e-19     2.30e-18     6.89e-18     2.07e-17     3.44e-17
1590   21110.     1.16e-19     2.33e-18     6.98e-18     2.10e-17     3.49e-17
1600   20460.     1.19e-19     2.37e-18     7.12e-18     2.13e-17     3.56e-17
1610   19729.     1.21e-19     2.43e-18     7.29e-18     2.19e-17     3.64e-17
1620   18990.     1.25e-19     2.49e-18     7.48e-18     2.24e-17     3.74e-17
1630   18324.     1.28e-19     2.55e-18     7.66e-18     2.30e-17     3.83e-17
1640   17753.     1.30e-19     2.60e-18     7.81e-18     2.34e-17     3.90e-17
1650   17276.     1.32e-19     2.64e-18     7.92e-18     2.38e-17     3.96e-17
1660   16831.     1.34e-19     2.68e-18     8.04e-18     2.41e-17     4.02e-17
1670   16391.     1.36e-19     2.72e-18     8.15e-18     2.45e-17     4.08e-17
1680   15956.     1.38e-19     2.76e-18     8.28e-18     2.48e-17     4.14e-17
1690   15639.     1.39e-19     2.78e-18     8.34e-18     2.50e-17     4.17e-17
1700   15442.     1.39e-19     2.78e-18     8.35e-18     2.51e-17     4.18e-17
1710   15353.     1.38e-19     2.77e-18     8.30e-18     2.49e-17     4.15e-17
1720   15260.     1.38e-19     2.75e-18     8.26e-18     2.48e-17     4.13e-17
1730   15148.     1.37e-19     2.74e-18     8.22e-18     2.47e-17     4.11e-17
1740   15002.     1.37e-19     2.74e-18     8.21e-18     2.46e-17     4.10e-17
1750   14752.     1.38e-19     2.75e-18     8.25e-18     2.48e-17     4.13e-17
1760   14385.     1.39e-19     2.79e-18     8.36e-18     2.51e-17     4.18e-17
1770   13908.     1.43e-19     2.85e-18     8.55e-18     2.57e-17     4.28e-17
1780   13389.     1.46e-19     2.93e-18     8.79e-18     2.64e-17     4.39e-17
1790   12723.     1.52e-19     3.05e-18     9.14e-18     2.74e-17     4.57e-17
1800   11822.     1.62e-19     3.24e-18     9.73e-18     2.92e-17     4.87e-17
1810   10714.     1.77e-19     3.54e-18     1.06e-17     3.19e-17     5.31e-17
1820    9521.     1.97e-19     3.94e-18     1.18e-17     3.55e-17     5.91e-17
1830    8416.     2.20e-19     4.41e-18     1.32e-17     3.97e-17     6.61e-17
1840    7427.     2.47e-19     4.94e-18     1.48e-17     4.45e-17     7.41e-17
1850    6558.     2.77e-19     5.54e-18     1.66e-17     4.98e-17     8.30e-17
1860    5735.     3.13e-19     6.26e-18     1.88e-17     5.64e-17     9.39e-17
1870    4939.     3.60e-19     7.19e-18     2.16e-17     6.47e-17     1.08e-16
1880    4169.     4.22e-19     8.43e-18     2.53e-17     7.59e-17     1.26e-16
1890    3425.     5.08e-19     1.02e-17     3.05e-17     9.14e-17     1.52e-16
1900    2910.     5.91e-19     1.18e-17     3.55e-17     1.06e-16     1.77e-16
1910    2634.     6.46e-19     1.29e-17     3.88e-17     1.16e-16     1.94e-16
1920    2586.     6.52e-19     1.30e-17     3.91e-17     1.17e-16     1.96e-16
1930    2559.     6.52e-19     1.30e-17     3.91e-17     1.17e-16     1.95e-16
1940    2533.     6.52e-19     1.30e-17     3.91e-17     1.17e-16     1.95e-16
1950    2507.     6.52e-19     1.30e-17     3.91e-17     1.17e-16     1.96e-16
1960    2480.     6.52e-19     1.30e-17     3.91e-17     1.17e-16     1.96e-16
1970    2449.     6.54e-19     1.31e-17     3.92e-17     1.18e-16     1.96e-16
1980    2413.     6.57e-19     1.31e-17     3.94e-17     1.18e-16     1.97e-16
1990    2375.     6.60e-19     1.32e-17     3.96e-17     1.19e-16     1.98e-16
